Event,Site,Date,Round,White,Black,Result,UTCDate,UTCTime,WhiteElo,BlackElo,WhiteRatingDiff,BlackRatingDiff,ECO,Opening,TimeControl,Termination,MovesProcessed,Clock,EvalByMove
Rated Blitz tournament https://lichess.org/tournament/9ItBGKQi,https://lichess.org/wTFwL1r4,2024.08.01,-,BlinkyGaladrigal,Denisov27,1/2-1/2,2024.08.01,00:00:10,1967,2015,,,A10,English Opening: Anglo-Scandinavian Defense,180+2,Normal,"1. c4 1... d5 2. cxd5 2... Qxd5 3. Nc3 3... Qd8 4. d4 4... Bf5 5. e4 5... Bg6 6. h4 6... h5 7. Nf3 7... c6 8. Bg5 8... f6 9. Bf4 9... e6 10. Qd2 10... Ne7 11.
Bc4 11... Bf7 12. O-O-O 12... Nd7 13. d5 13...
Nb6 14. d6 14... Ng6 15. d7 15... Qxd7 16. Qxd7 16... Nxd7 17. Be3 17... Nge5 18. Nxe5 18... Nxe5 19. Bb3 19... Bb4 20.
f4 20... Ng4 21. Bd4 21... Bxc3 22. Bxc3 22... Nf2 23. e5 23... Nxh1 24.
Rxh1 24... O-O-O 25. exf6 25... g6 26. Re1 26...
Rd6 27. Be5 27... Rd3 28. Kc2 28... Rhd8 29. Re2 29... Rg3 30. Bc4 30... b5 31. Bb3 31... a5 32. Kc1 32... a4 33.
Bc2 33... Kb7 34. Be4 34... a3 35. b3 35... Kb6 36. Bf3 36... Rd3 37.
Rf2 37... c5 38. Kc2 38... c4 39. bxc4 39... bxc4 40. f5 40... Rgxf3 41.
Rxf3 41... Rxf3 42. gxf3 42... exf5 43. Kc3 43... Kc5 44. Bd4 44... Kb5 45. Be3 45... Bd5 46.
f4 46... Kc6 47. Bc1 47... Kd6 48. Bxa3 48... Ke6 49. Be7 49... Kd7 50.
a4 50... Kc6 51. Kd4 51... Bf7 52. Bb4 52... Kb6 53. Ke5 53... Kc6 54.
Kd4 54... Kb6 55. Ke5 55... Kc6 56. Bc3 56... Kd7 57. Kd4 57... Kc6 58.
Bb4",1. 0:03:00 1... 0:03:00 2. 0:03:00 2... 0:03:02 3. 0:03:01 3... 0:03:03 4. 0:03:01 4... 0:03:04 5. 0:02:59 5... 0:03:05 6. 0:02:57 6... 0:03:06 7. 0:02:57 7... 0:03:06 8. 0:02:51 8... 0:03:05 9. 0:02:51 9... 0:03:04 10. 0:02:50 10... 0:03:03 11. 0:02:49 11... 0:03:03 12. 0:02:50 12... 0:03:05 13. 0:02:42 13... 0:03:00 14. 0:02:36 14... 0:02:59 15. 0:02:26 15... 0:02:57 16. 0:02:26 16... 0:02:58 17. 0:02:22 17... 0:02:56 18. 0:02:20 18... 0:02:58 19. 0:02:19 19... 0:02:57 20. 0:02:09 20... 0:02:55 21. 0:02:08 21... 0:02:54 22. 0:02:09 22... 0:02:54 23. 0:02:04 23... 0:02:53 24. 0:02:06 24... 0:02:47 25. 0:02:07 25... 0:02:45 26. 0:02:05 26... 0:02:43 27. 0:02:06 27... 0:02:39 28. 0:02:05 28... 0:02:39 29. 0:02:06 29... 0:02:28 30. 0:02:02 30... 0:02:27 31. 0:02:02 31... 0:02:27 32. 0:01:56 32... 0:02:26 33. 0:01:57 33... 0:02:15 34. 0:01:58 34... 0:02:07 35. 0:01:56 35... 0:02:00 36. 0:01:57 36... 0:01:53 37. 0:01:48 37... 0:01:49 38. 0:01:47 38... 0:01:45 39. 0:01:48 39... 0:01:46 40. 0:01:48 40... 0:01:36 41. 0:01:47 41... 0:01:37 42. 0:01:48 42... 0:01:38 43. 0:01:47 43... 0:01:37 44. 0:01:45 44... 0:01:36 45. 0:01:46 45... 0:01:33 46. 0:01:46 46... 0:01:32 47. 0:01:47 47... 0:01:30 48. 0:01:48 48... 0:01:31 49. 0:01:48 49... 0:01:25 50. 0:01:49 50... 0:01:25 51. 0:01:49 51... 0:01:24 52. 0:01:49 52... 0:01:23 53. 0:01:48 53... 0:01:18 54. 0:01:47 54... 0:01:18 55. 0:01:49 55... 0:01:19 56. 0:01:49 56... 0:01:15 57. 0:01:49 57... 0:01:13 58. 0:01:50,"[18, 25, 20, 31, 21, 36, -1, 41, 22, None, None, None, None, None, None, None, None, None, None, None, None, None, None, None, None, None, None, None, None, None, None, None, None, None, None, None, None, None, None, None, None, None, None, None, None]"
Rated Blitz tournament https://lichess.org/tournament/9ItBGKQi,https://lichess.org/yoaETpji,2024.08.01,-,TenderBeastXL,G_Capella,1-0,2024.08.01,00:00:10,1845,1888,,,B50,Sicilian Defense: Modern Variations,180+2,Normal,"1. e4 1... c5 2. Nf3 2... d6 3. Nc3 3... e6 4. d3 4... Ne7 5. Be2 5... Ng6 6. O-O 6... Be7 7. Be3 7... O-O 8. d4 8... cxd4 9. Nxd4 9...
Nc6 10. Qd2 10... a6 11. Rad1 11... Qc7 12. f4 12... Rd8 13. f5 13...
exf5 14. Nxf5 14... Bxf5 15. exf5 15... Nge5 16. Nd5 16...
Qd7 17. Nb6 17... Qc7 18. Nxa8 18... Rxa8 19.
Kh1 19... Rd8 20. Bg5 20... Bxg5 21. Qxg5 21...
f6 22. Qg3 22... Nb4 23. Qb3",1. 0:03:00 0. 0:03:00 1... 0:03:00 0. 0:03:01 2. 0:02:59 0. 0:03:02 2... 0:03:00 0. 0:03:03 3. 0:03:00 0. 0:03:04 3... 0:03:01 0. 0:03:05 4. 0:02:57 0. 0:03:06 4... 0:02:58 0. 0:03:06 5. 0:02:57 0. 0:03:07 5... 0:02:45 0. 0:03:05 6. 0:02:43 0. 0:03:06 6... 0:02:40 0. 0:03:02 7. 0:02:34 0. 0:03:03 7... 0:02:25 0. 0:02:40 8. 0:02:14 0. 0:02:39 8... 0:02:11 0. 0:02:39 9. 0:02:10 0. 0:02:32 9... 0:02:10 0. 0:02:32 10. 0:02:00 0. 0:02:28 10... 0:01:47 0. 0:02:27 11. 0:01:47 0. 0:02:25 11... 0:01:45 0. 0:02:24 12. 0:01:40,
Rated Blitz tournament https://lichess.org/tournament/9ItBGKQi,https://lichess.org/dMGSlDAN,2024.08.01,-,DuskDementor,U9Champ,0-1,2024.08.01,00:00:10,1591,1821,,,D30,Queen's Gambit Declined,180+2,Normal,"1. c4 1... e6 2. d4 2... d5 3. cxd5 3... exd5 4. Nc3 4... Nf6 5. Nf3 5... c6 6. Bg5 6...
Bf5 7. e3 7... Nbd7 8.
Bd3 8... Bxd3 9. Qxd3 9... Bd6 10. O-O-O 10... a5 11. Na4 11... b5 12.
Nc5 12... Nxc5 13. dxc5 13... Bxc5 14. Ne5 14... Qd6 15. Bxf6 15... Qxf6 16. Qc3 16... Qd6 17.
Nd3 17... Bb4 18. Nxb4 18... axb4 19. Qxg7 19... Qf8 20. Qe5 20... Kd7 21.
Qf5 21... Kc7 22. Qf4 22... Kb7 23. Rd2 23... Rxa2 24. Qd4 24... Ra1 25. Kc2 25... Rxh1 26.
Rd1 26... Rxd1 27. Qxd1 27... Qc5 28. Kd3 28... Qc4 29. Kd2 29... Rd8 30. Qh5 30... d4 31.
exd4 31... Rxd4 32. Ke3 32... Qd3",1. 0:03:00 1... 0:03:00 2. 0:03:01 2... 0:02:59 3. 0:03:00 3... 0:03:00 4. 0:03:01 4... 0:02:59 5. 0:03:01 5... 0:02:56 6. 0:03:00 6... 0:02:56 7. 0:02:55 7... 0:02:56 8. 0:02:52 8... 0:02:33 9. 0:02:52 9... 0:02:33 10. 0:02:47 10... 0:02:30 11. 0:02:44 11... 0:02:27 12. 0:02:44 12... 0:02:24 13. 0:02:44 13... 0:02:26 14. 0:02:39 14... 0:02:13 15. 0:02:33 15... 0:02:09 16. 0:02:33 16... 0:01:31 17. 0:02:26 17... 0:01:28 18. 0:02:07 18... 0:01:28 19. 0:02:07 19... 0:01:11 20. 0:02:07 20... 0:01:06 21. 0:02:00 21... 0:01:04 22. 0:01:57 22... 0:01:02 23. 0:01:50 23... 0:00:57 24. 0:01:45 24... 0:00:56 25. 0:01:41 25... 0:00:57 26. 0:01:43 26... 0:00:56 27. 0:01:42 27... 0:00:57 28. 0:01:39 28... 0:00:56 29. 0:01:40 29... 0:00:55 30. 0:01:36 30... 0:00:52 31. 0:01:31 31... 0:00:50 32. 0:01:32 32... 0:00:49,
Rated Blitz tournament https://lichess.org/tournament/UkN7F9SL,https://lichess.org/aW8Rc6dU,2024.08.01,-,Argely,Isborg,1-0,2024.08.01,00:00:10,1910,1706,,,C34,King's Gambit Accepted: MacLeod Defense,180+2,Normal,"1. e4 1... e5 2. f4 2... Nc6 3. Nf3 3... exf4 4. d4 4... d5 5. exd5 5... Qxd5 6. c3 6...
Bg4 7. Be2 7... Nf6 8.
O-O 8... Bd6 9. c4 9... Qh5 10. c5 10... Be7 11. Qb3 11... O-O 12.
Qxb7 12... Nxd4 13. Nxd4 13... Bxe2 14. Nxe2 14... Qxe2 15. Qxc7 15... Rfc8 16. Qxf4 16... Bxc5 17. Kh1 17... Rd8 18. Nc3 18... Qd3 19. h3 19...
Bd6 20. Qf5 20... Qg3 21. Bf4 21... Bxf4 22. Rxf4 22... g6 23. Qxf6 23... Rd2 24. Qxf7 24... Kh8 25. Qf6 25... Kg8 26.
Rg1 26... Re8 27. Qf7 27... Kh8 28. Qxe8 28... Kg7 29. Qe5 29... Kh6 30.
Ne4 30... Qxf4 31. Qxf4 31... Kg7",1. 0:03:00 1... 0:03:00 2. 0:03:01 2... 0:03:01 3. 0:03:02 3... 0:03:01 4. 0:03:03 4... 0:02:58 5. 0:03:01 5... 0:02:55 6. 0:03:02 6... 0:02:53 7. 0:03:00 7... 0:02:45 8. 0:03:01 8... 0:02:38 9. 0:02:41 9... 0:02:23 10. 0:02:40 10... 0:02:21 11. 0:02:28 11... 0:02:19 12. 0:02:25 12... 0:02:13 13. 0:02:02 13... 0:02:15 14. 0:01:56 14... 0:02:15 15. 0:01:54 15... 0:02:00 16. 0:01:45 16... 0:01:57 17. 0:01:45 17... 0:01:47 18. 0:01:44 18... 0:01:39 19. 0:01:31 19... 0:01:33 20. 0:01:26 20... 0:01:32 21. 0:01:22 21... 0:01:21 22. 0:01:23 22... 0:01:04 23. 0:01:21 23... 0:01:01 24. 0:01:19 24... 0:00:59 25. 0:01:20 25... 0:00:58 26. 0:01:21 26... 0:00:52 27. 0:01:13 27... 0:00:52 28. 0:01:14 28... 0:00:53 29. 0:01:14 29... 0:00:53 30. 0:01:12 30... 0:00:43 31. 0:01:11 31... 0:00:45,
Rated Blitz tournament https://lichess.org/tournament/UkN7F9SL,https://lichess.org/kOaY6rTk,2024.08.01,-,zoegarita,Lucas_zhen_chess,1-0,2024.08.01,00:00:10,1321,1581,,,A40,Queen's Pawn Game,180+2,Abandoned,1. d4,1. 0:03:00,
Rated Blitz tournament https://lichess.org/tournament/UkN7F9SL,https://lichess.org/nPJA3K3R,2024.08.01,-,Madsjo74,SaulBena,1/2-1/2,2024.08.01,00:00:10,1159,1151,,,B21,Sicilian Defense: Smith-Morra Gambit,180+2,Normal,"1. e4 1... c5 2. d4 2... cxd4 3. Qxd4 3... Nc6 4. Qd1 4... Nf6 5. Nc3 5... g6 6. Nf3 6... d6 7. Bc4 7... Bg7 8. Ng5 8... O-O 9. Bxf7 9...
Rxf7 10. Nxf7 10... Kxf7 11. O-O 11... e6 12.
Nb5 12... d5 13. exd5 13... Nxd5 14. Qf3 14... Qf6 15. Qxf6 15... Bxf6 16. Nd6 16... Ke7 17. Ne4 17... Nd4 18. Bg5 18... Bxg5 19. Nxg5 19... h6 20. Nf3 20... Nxc2 21.
Rac1 21... Ncb4 22. Ne5 22... a5 23. Nxg6 23... Kf6 24. Nh4 24... Nxa2 25. Ra1 25... Nab4 26.
Nf3 26... Nd3 27. Rfd1 27... Nxb2 28. Rdb1 28... Nc4 29. Rc1 29... Nd6 30.
Nd4 30... e5 31. Nf3 31... Nf4 32. Re1 32... Nd3 33. Red1 33... Bf5 34.
Nh4 34... e4 35. Nxf5 35... Nxf5 36. f3 36... Nb2 37. Re1 37... Nd3 38.
Reb1 38... exf3 39. Rb6 39... Kg5 40. gxf3 40... Rb8 41. Kh1 41... Re8 42. Rg1 42... Kf4 43.
h3 43... Nf2 44. Kh2 44... Nh4 45. Rf6 45... Ke5 46. Rxh6 46... Nxf3 47. Kg2 47... Nxg1 48. Kxf2 48... Rg8 49. Rh5 49... Kf4 50. Rxa5 50... Nxh3 51. Ke2 51... Rb8 52.
Ra4 52... Ke5 53. Ra5 53... Kd6 54. Rh5 54... b5 55. Rxh3 55... b4 56. Rh6 56... Kc5 57.
Rh5 57... Kb6 58. Kd2 58... b3 59. Rh3 59... Ka5 60. Kc1 60... Ka4 61.
Kb1 61... b2 62. Rh4 62... Ka3 63. Rh3 63... Kb4 64. Rh4 64... Kc3 65.
Rh3 65... Kb4 66. Rh4 66... Kc3 67. Rh3 67... Kd2 68. Rh2 68... Ke3 69. Rxb2 69... Rxb2 70. Kxb2",1. 0:03:00 1... 0:03:00 2. 0:02:59 2... 0:02:52 3. 0:03:00 3... 0:02:52 4. 0:03:01 4... 0:02:48 5. 0:03:00 5... 0:02:48 6. 0:03:01 6... 0:02:48 7. 0:02:58 7... 0:02:47 8. 0:02:57 8... 0:02:37 9. 0:02:52 9... 0:02:39 10. 0:02:45 10... 0:02:41 11. 0:02:45 11... 0:02:16 12. 0:02:35 12... 0:02:01 13. 0:02:36 13... 0:01:56 14. 0:02:33 14... 0:01:51 15. 0:02:33 15... 0:01:53 16. 0:02:32 16... 0:01:51 17. 0:02:31 17... 0:01:44 18. 0:02:20 18... 0:01:42 19. 0:02:21 19... 0:01:43 20. 0:02:17 20... 0:01:41 21. 0:02:16 21... 0:01:37 22. 0:02:12 22... 0:01:27 23. 0:02:11 23... 0:01:27 24. 0:02:10 24... 0:01:24 25. 0:02:11 25... 0:01:20 26. 0:02:08 26... 0:01:17 27. 0:02:03 27... 0:01:15 28. 0:02:03 28... 0:01:05 29. 0:01:57 29... 0:00:59 30. 0:01:53 30... 0:00:47 31. 0:01:51 31... 0:00:34 32. 0:01:44 32... 0:00:25 33. 0:01:40 33... 0:00:21 34. 0:01:34 34... 0:00:17 35. 0:01:31 35... 0:00:19 36. 0:01:32 36... 0:00:15 37. 0:01:27 37... 0:00:11 38. 0:01:25 38... 0:00:12 39. 0:01:23 39... 0:00:11 40. 0:01:22 40... 0:00:10 41. 0:01:19 41... 0:00:11 42. 0:01:19 42... 0:00:12 43. 0:01:14 43... 0:00:13 44. 0:01:14 44... 0:00:11 45. 0:01:10 45... 0:00:12 46. 0:01:06 46... 0:00:13 47. 0:01:01 47... 0:00:15 48. 0:00:59 48... 0:00:13 49. 0:00:59 49... 0:00:13 50. 0:00:49 50... 0:00:12 51. 0:00:49 51... 0:00:10 52. 0:00:49 52... 0:00:12 53. 0:00:50 53... 0:00:13 54. 0:00:50 54... 0:00:13 55. 0:00:48 55... 0:00:14 56. 0:00:49 56... 0:00:15 57. 0:00:49 57... 0:00:14 58. 0:00:50 58... 0:00:10 59. 0:00:50 59... 0:00:11 60. 0:00:50 60... 0:00:11 61. 0:00:50 61... 0:00:12 62. 0:00:49 62... 0:00:13 63. 0:00:50 63... 0:00:14 64. 0:00:50 64... 0:00:16 65. 0:00:51 65... 0:00:17 66. 0:00:51 66... 0:00:17 67. 0:00:53 67... 0:00:19 68. 0:00:53 68... 0:00:21 69. 0:00:53 69... 0:00:23 70. 0:00:52,
Rated Blitz tournament https://lichess.org/tournament/UkN7F9SL,https://lichess.org/jPxRToM0,2024.08.01,-,wgaritaz,XavierMontero,1-0,2024.08.01,00:00:10,819,1041,,,A45,Trompowsky Attack: Classical Defense,180+2,Normal,"1. d4 1... Nf6 2. Bg5 2... e6 3. Bxf6 3... Qxf6 4. e4 4... e5 5. dxe5 5... Qxe5 6. Bc4 6...
Qxe4 7. Ne2 7... Qxc4 8. Ng3 8... Be7 9. b3 9... Bc5 10. bxc4",1. 0:03:00 1... 0:03:00 2. 0:03:00 2... 0:02:57 3. 0:02:58 3... 0:02:57 4. 0:02:56 4... 0:02:49 5. 0:02:51 5... 0:02:39 6. 0:02:45 6... 0:02:14 7. 0:02:38 7... 0:02:12 8. 0:02:25 8... 0:02:06 9. 0:02:17 9... 0:02:05 10. 0:02:15,
Rated Blitz game,https://lichess.org/wKUV4KuU,2024.08.01,-,Mr_Ryte72,Federaga88,1-0,2024.08.01,00:00:11,2055,2069,,,C01,French Defense: Exchange Variation,180+2,Time forfeit,"1. d4 1... e6 2. e4 2... d5 3. exd5 3... exd5 4. Nf3 4... Bd6 5. Bd3 5... Nf6 6. O-O 6...
O-O 7. b3 7... Bg4 8.
c4 8... c6 9. c5 9...
Bc7 10. Be3 10... Re8 11. Nbd2 11... Nbd7 12. Qc2 12... Nf8 13. h3 13...
Bh5 14. g4 14... Bg6 15. g5 15... Nh5 16. Bxg6 16... hxg6 17. h4 17... Qd7 18. Rfe1 18... Qg4 19. Kf1 19... Rxe3 20.
fxe3 20... Ng3 21. Kf2 21... Re8 22. Rg1 22... Qh3 23. Rg2 23... Ne6 24. Rag1 24... Nf5 25.
Ne5 25... Bxe5 26. dxe5 26... Qxe3 27. Kf1 27... Nf4 28. Rf2 28... Rxe5 29. Nf3 29... Nd4 30.
Qd1",1. 0:03:00 1... 0:03:00 2. 0:03:00 2... 0:03:01 3. 0:03:00 3... 0:03:01 4. 0:03:02 4... 0:03:03 5. 0:03:02 5... 0:03:04 6. 0:03:04 6... 0:03:06 7. 0:03:04 7... 0:03:07 8. 0:03:01 8... 0:03:07 9. 0:03:02 9... 0:03:08 10. 0:02:59 10... 0:02:51 11. 0:02:57 11... 0:02:51 12. 0:02:57 12... 0:02:51 13. 0:02:57 13... 0:02:51 14. 0:02:40 14... 0:02:51 15. 0:02:41 15... 0:02:49 16. 0:02:38 16... 0:02:40 17. 0:02:21 17... 0:02:36 18. 0:02:10 18... 0:02:35 19. 0:02:11 19... 0:02:19 20. 0:02:04 20... 0:01:21 21. 0:01:48 21... 0:00:52 22. 0:01:46 22... 0:00:22 23. 0:01:32 23... 0:00:11 24. 0:01:32 24... 0:00:08 25. 0:01:21 25... 0:00:08 26. 0:01:22 26... 0:00:09 27. 0:01:21 27... 0:00:09 28. 0:01:15 28... 0:00:09 29. 0:01:14 29... 0:00:04 30. 0:00:58,
Rated Blitz game,https://lichess.org/RnaYuIcX,2024.08.01,-,Sasha_Bianconi,sh7840,0-1,2024.08.01,00:00:11,886,947,,,C41,Philidor Defense,180+2,Time forfeit,"1. e4 1... e5 2. Nf3 2... d6 3. Nc3 3... f5 4. d3 4... f4 5. Nd5 5... Be6 6. c4 6... Bxd5 7. c5 7... dxc5 8.
exd5 8... Qxd5 9. Be2 9... Nc6 10. O-O 10... O-O-O 11. Ng5 11... e4 12.
Bxf4 12... exd3 13. Nf7 13... Qxf7 14. Bxd3 14... c4 15. Bf5 15... Kb8 16. Qc2 16... Nh6 17.
Be4 17... Qxf4 18. g3 18... Qf6 19. b4 19... Nxb4 20. Qxc4 20... Re8 21.
Bxb7 21... Kxb7 22. a3 22... Nc6 23. Rab1 23... Kc8 24. Qb5 24... Bxa3 25.
Qb7 25... Kd7 26. Rfd1 26... Ke7 27. Re1 27... Kf7 28. Qxc7 28... Ne7 29. Qxa7 29... Bd6 30.
Qa3 30... Bxa3",1. 0:03:00 1... 0:03:00 2. 0:03:01 2... 0:02:57 3. 0:03:02 3... 0:02:59 4. 0:03:01 4... 0:02:55 5. 0:02:59 5... 0:02:54 6. 0:02:56 6... 0:02:56 7. 0:02:56 7... 0:02:54 8. 0:02:52 8... 0:02:49 9. 0:02:45 9... 0:02:42 10. 0:02:45 10... 0:02:43 11. 0:02:32 11... 0:02:36 12. 0:02:21 12... 0:02:27 13. 0:02:00 13... 0:02:23 14. 0:01:59 14... 0:02:19 15. 0:01:31 15... 0:02:15 16. 0:01:24 16... 0:02:04 17. 0:01:07 17... 0:01:58 18. 0:00:52 18... 0:01:38 19. 0:00:42 19... 0:01:29 20. 0:00:34 20... 0:01:21 21. 0:00:31 21... 0:01:19 22. 0:00:31 22... 0:01:09 23. 0:00:30 23... 0:01:08 24. 0:00:26 24... 0:00:52 25. 0:00:26 25... 0:00:53 26. 0:00:21 26... 0:00:50 27. 0:00:12 27... 0:00:45 28. 0:00:10 28... 0:00:39 29. 0:00:07 29... 0:00:26 30. 0:00:04 30... 0:00:26,
Rated Blitz game,https://lichess.org/SOeJANXj,2024.08.01,-,PartyPancake,EN2MA,1-0,2024.08.01,00:00:11,1721,1698,,,C36,King's Gambit Accepted: Modern Defense,180+2,Normal,"1. e4 1... e5 2. f4 2... d5 3. exd5 3... exf4 4. Nf3 4... c6 5. Nc3 5... Bd6 6. Bc4 6...
Ne7 7. O-O 7... Bg4 8.
dxc6 8... Nbxc6 9. Bxf7 9... Kf8 10. d3 10...
h6 11. h3 11... Bh5 12. Bxh5",1. 0:03:00 1... 0:03:00 2. 0:03:01 2... 0:03:01 3. 0:03:02 3... 0:03:02 4. 0:03:03 4... 0:03:02 5. 0:03:04 5... 0:03:02 6. 0:03:05 6... 0:03:00 7. 0:03:07 7... 0:02:55 8. 0:03:08 8... 0:02:56 9. 0:03:01 9... 0:02:48 10. 0:02:49 10... 0:02:43 11. 0:02:45 11... 0:02:43 12. 0:02:45,
Rated Blitz game,https://lichess.org/pqZ0ZvhU,2024.08.01,-,nbanco,Nikolay_Car,0-1,2024.08.01,00:00:11,1920,1922,,,A22,English Opening: Carls-Bremen System,180+2,Normal,"1. c4 1... e5 2. Nc3 2... Nf6 3. g3 3... Nc6 4. Bg2 4... b6 5. e3 5... Bb7 6. Nge2 6...
Be7 7. O-O 7... O-O 8.
b3 8... a6 9. Bb2 9...
Nb4 10. Bxb7 10... Ra7 11. Bg2 11... Nd3 12. Qc2 12... Nb4 13. Qb1 13... c5 14. a3 14... Nc6 15. Bxc6 15... dxc6 16. Qc2 16... Rd7 17. Rad1 17... Qc7 18. d4 18...
exd4 19. exd4 19... cxd4 20. Nxd4 20... Rfd8 21. Nf5 21... Bf8 22. Rxd7 22... Rxd7 23. Rd1 23... h6 24. Rxd7 24... Qxd7 25. Ne3 25... Bc5 26.
Ne4 26... Nxe4 27. Qxe4 27... Qd2 28. Qe5 28... f6 29. Qe6 29... Kh7 30. Qf5 30... Kg8 31.
Qc2 31... Qe1 32. Nf1 32... a5 33. Qd2 33... Qb1 34. Qc1 34... Qe4 35.
Qc3 35... Qe2 36. Qd2 36... Bxf2 37. Kg2 37... Qxd2 38. Nxd2 38... Be3 39.
Ne4 39... Kf7 40. Nd6 40... Ke6 41. Ne8 41... g5 42. Nxf6 42... b5 43.
cxb5 43... cxb5 44. Ng4 44... Bc5 45. Nxh6 45... Bf8 46. Ng4 46... Kf5 47. Ne3 47... Ke4 48.
Nc2 48... Kd3 49. Nd4 49... Bg7 50. Nxb5 50... Bxb2 51. b4 51... axb4 52.
axb4 52... Kc4 53. Nd6 53... Kxb4 54. Ne4 54... Bc1 55. Kf3 55... Kc4 56. Kg4 56... Kd4 57.
Nxg5 57... Ke5 58. h4 58... Kf6 59. Ne4 59... Kg6 60. Kh3 60... Kf5 61.
Nf2 61... Be3 62. g4 62... Kf4 63. Nd3 63... Ke4 64. Nc5 64... Bxc5 65. h5 65... Be3 66. Kh4 66... Ke5 67. h6 67...
Bxh6",1. 0:03:00 1... 0:03:00 2. 0:03:00 2... 0:02:57 3. 0:03:01 3... 0:02:56 4. 0:03:03 4... 0:02:56 5. 0:03:04 5... 0:02:56 6. 0:03:05 6... 0:02:56 7. 0:03:05 7... 0:02:57 8. 0:02:58 8... 0:02:53 9. 0:02:59 9... 0:02:52 10. 0:02:59 10... 0:02:49 11. 0:02:48 11... 0:02:48 12. 0:02:46 12... 0:02:44 13. 0:02:44 13... 0:02:43 14. 0:02:42 14... 0:02:42 15. 0:02:43 15... 0:02:43 16. 0:02:40 16... 0:02:43 17. 0:02:35 17... 0:02:42 18. 0:02:28 18... 0:02:42 19. 0:02:30 19... 0:02:42 20. 0:02:32 20... 0:02:39 21. 0:02:18 21... 0:02:39 22. 0:02:05 22... 0:02:38 23. 0:02:06 23... 0:02:24 24. 0:02:02 24... 0:02:24 25. 0:02:01 25... 0:02:16 26. 0:01:57 26... 0:02:09 27. 0:01:54 27... 0:01:51 28. 0:01:10 28... 0:01:48 29. 0:01:04 29... 0:01:47 30. 0:01:02 30... 0:01:46 31. 0:00:51 31... 0:01:44 32. 0:00:50 32... 0:01:37 33. 0:00:47 33... 0:01:23 34. 0:00:42 34... 0:01:19 35. 0:00:35 35... 0:01:15 36. 0:00:32 36... 0:01:15 37. 0:00:31 37... 0:01:05 38. 0:00:31 38... 0:01:05 39. 0:00:32 39... 0:01:03 40. 0:00:33 40... 0:01:01 41. 0:00:31 41... 0:01:00 42. 0:00:30 42... 0:00:53 43. 0:00:30 43... 0:00:53 44. 0:00:30 44... 0:00:46 45. 0:00:30 45... 0:00:39 46. 0:00:30 46... 0:00:38 47. 0:00:31 47... 0:00:39 48. 0:00:23 48... 0:00:36 49. 0:00:25 49... 0:00:31 50. 0:00:12 50... 0:00:29 51. 0:00:13 51... 0:00:29 52. 0:00:15 52... 0:00:29 53. 0:00:16 53... 0:00:29 54. 0:00:18 54... 0:00:27 55. 0:00:18 55... 0:00:27 56. 0:00:20 56... 0:00:25 57. 0:00:21 57... 0:00:25 58. 0:00:22 58... 0:00:26 59. 0:00:23 59... 0:00:27 60. 0:00:22 60... 0:00:26 61. 0:00:21 61... 0:00:22 62. 0:00:15 62... 0:00:17 63. 0:00:15 63... 0:00:17 64. 0:00:17 64... 0:00:17 65. 0:00:16 65... 0:00:15 66. 0:00:16 66... 0:00:16 67. 0:00:17 67... 0:00:16,
Rated Blitz game,https://lichess.org/EjkwQXcm,2024.08.01,-,RedSword69,Avov-59,0-1,2024.08.01,00:00:11,1764,1791,,,C44,Scotch Game: Göring Gambit,180+2,Normal,"1. e4 1... e5 2. Nf3 2... Nc6 3. d4 3... exd4 4. c3 4... dxc3 5. Nxc3 5...
d6 6. Bc4 6...
h6 7. Qb3 7... Qd7 8. O-O 8... Na5 9. Qa4 9... Nxc4",1. 0:03:00 0. 0:03:00 1... 0:03:01 0. 0:03:00 2. 0:03:03 0. 0:03:00 2... 0:03:04 0. 0:03:00 3. 0:03:06 0. 0:02:55 3... 0:03:03 0. 0:02:54 4. 0:03:00 0. 0:02:44 4... 0:02:51 0. 0:02:43 5. 0:02:47 0. 0:02:43,
Rated Blitz game,https://lichess.org/HNfYRdQh,2024.08.01,-,Jack_sparrow2112,StrikShahmatist,1-0,2024.08.01,00:00:11,1664,1652,,,C50,Italian Game: Rousseau Gambit,180+2,Normal,"1. e4 1... e5 2. Bc4 2... Nc6 3. Nf3 3... f5 4. exf5 4... d5 5. Bb5 5... Qd6 6. Bxc6 6...
bxc6 7. d3 7... Bxf5 8. Bg5 8... h6 9. Bh4 9... e4 10. dxe4 10... Bxe4 11. Nbd2 11... Bxf3 12. Nxf3 12... g5 13. Bg3 13... Qe6 14. Be5 14... Bd6 15. O-O 15... Bxe5 16. Re1 16... O-O-O 17. Rxe5 17... Qf6 18. Qe2 18... Rd7 19. Re8 19... Rd8 20. Qa6 20... Kd7 21. Rxd8 21... Kxd8 22. Re1 22... Ne7 23. Qxa7 23... Qxb2 24. Qa8 24... Kd7 25. Ne5 25... Kd6 26. Qxh8 26... Qxa2 27. Qxh6 27... Kc5 28. Nd3 28... Kb5 29. Rxe7 29... Qxc2 30. Ne1 30... Qc5 31. Qg7 31... d4 32.
Rxc7 32... d3 33. Qb2 33... Ka4 34. Nxd3",1. 0:03:00 1... 0:03:00 2. 0:03:01 2... 0:03:01 3. 0:03:01 3... 0:02:57 4. 0:02:59 4... 0:02:57 5. 0:02:59 5... 0:02:53 6. 0:02:59 6... 0:02:52 7. 0:02:56 7... 0:02:50 8. 0:02:55 8... 0:02:47 9. 0:02:55 9... 0:02:44 10. 0:02:56 10... 0:02:44 11. 0:02:53 11... 0:02:24 12. 0:02:52 12... 0:02:23 13. 0:02:53 13... 0:02:25 14. 0:02:49 14... 0:02:23 15. 0:02:49 15... 0:02:19 16. 0:02:50 16... 0:02:13 17. 0:02:50 17... 0:02:08 18. 0:02:46 18... 0:01:58 19. 0:02:40 19... 0:02:00 20. 0:02:40 20... 0:01:56 21. 0:02:30 21... 0:01:51 22. 0:02:29 22... 0:01:46 23. 0:02:30 23... 0:01:42 24. 0:02:29 24... 0:01:42 25. 0:02:27 25... 0:01:17 26. 0:02:26 26... 0:00:57 27. 0:02:23 27... 0:00:56 28. 0:02:20 28... 0:00:49 29. 0:02:13 29... 0:00:44 30. 0:02:12 30... 0:00:41 31. 0:02:08 31... 0:00:41 32. 0:02:07 32... 0:00:29 33. 0:02:05 33... 0:00:23 34. 0:02:01,
Rated Blitz game,https://lichess.org/L5H5RbTn,2024.08.01,-,DoubleAleks49,lliilllliill,0-1,2024.08.01,00:00:11,2124,2252,,,B23,Sicilian Defense: Closed,180+2,Normal,"1. e4 1... c5 2. Nc3 2... d6 3. f4 3... g6 4. Nf3 4... Bg7 5. Bb5 5... Bd7 6. a4 6... a6 7. Bxd7 7... Qxd7 8.
a5 8... Nc6 9. O-O 9... Nf6 10. d3 10... O-O 11. h3 11... Ne8 12.
Ne2 12... f5 13. Nc3 13... Nc7 14. Qe1 14... Nd4 15. Ne2 15... Nxc2",1. 0:03:00 1... 0:03:00 2. 0:03:01 2... 0:03:00 3. 0:02:59 3... 0:02:58 4. 0:03:00 4... 0:02:59 5. 0:03:00 5... 0:02:55 6. 0:03:01 6... 0:02:48 7. 0:03:01 7... 0:02:48 8. 0:02:59 8... 0:02:48 9. 0:02:55 9... 0:02:48 10. 0:02:56 10... 0:02:49 11. 0:02:35 11... 0:02:13 12. 0:02:32 12... 0:02:13 13. 0:02:20 13... 0:02:09 14. 0:02:15 14... 0:01:59 15. 0:02:09 15... 0:01:58,
Rated Blitz game,https://lichess.org/BkYN2OOX,2024.08.01,-,Aslanbey21,robotikempire,1-0,2024.08.01,00:00:11,1893,1821,,,D30,Queen's Gambit Declined,180+2,Normal,"1. d4 1... d5 2. c4 2... e6 3. Nf3 3... Nf6 4. g3 4... c5 5. cxd5 5... exd5 6. Bg2 6... cxd4 7. O-O 7... Nc6 8. Nxd4 8...
Bc5 9. Nxc6 9... bxc6 10. Nc3 10... O-O 11.
Na4 11... Bb6 12. Be3 12... Bxe3 13. fxe3 13...
Qa5 14. Rc1 14... Bd7 15. a3 15... Rac8 16.
Nc5 16... Be8 17. Qd4 17...
Qb6 18. Rxf6 18... gxf6 19. Qxf6 19... Qd8 20.
Qd4 20... Bd7 21. Rf1 21... Be6 22. Rf4 22...
Qe7 23. Nxe6 23... fxe6 24. Rg4 24... Kf7 25.
Rg7 25... Ke8 26. Rxe7 26... Kxe7 27. Qxa7 27...
Kd8 28. Qb6 28... Rc7 29. Qb8 29... Rc8 30.
Qd6 30... Ke8 31. Qxe6 31... Kd8 32. Qd6 32...
Ke8 33. Bh3 33... Rb8 34. Qd7",1. 0:03:00 0. 0:03:00 1... 0:03:00 0. 0:03:01 2. 0:03:01 0. 0:03:02 2... 0:03:01 0. 0:03:03 3. 0:03:01 0. 0:03:04 3... 0:03:03 0. 0:03:05 4. 0:03:02 0. 0:03:04 4... 0:03:02 0. 0:03:04 5. 0:03:01 0. 0:03:05 5... 0:03:01 0. 0:03:03 6. 0:02:45 0. 0:02:59 6... 0:02:26 0. 0:02:48 7. 0:02:28 0. 0:02:47 7... 0:02:20 0. 0:02:45 8. 0:02:12 0. 0:02:41 8... 0:02:12 0. 0:02:32 9. 0:01:30 1. 0:02:23 9... 0:01:05 1. 0:02:16 10. 0:01:03 0. 0:02:09 10... 0:00:48 0. 0:01:59 11. 0:00:41 0. 0:01:50 11... 0:00:33 0. 0:01:10 12. 0:00:29 0. 0:01:01 12... 0:00:23 0. 0:00:58 13. 0:00:22 0. 0:00:58 13... 0:00:24 0. 0:01:00 14. 0:00:24 0. 0:00:58 14... 0:00:21 0. 0:00:57 15. 0:00:20 0. 0:00:58 15... 0:00:22 0. 0:00:57 16. 0:00:22 0. 0:00:58 16... 0:00:22 1. 0:00:59 17. 0:00:23 0. 0:00:55 17... 0:00:19,
Rated Blitz game,https://lichess.org/dYe1ib2p,2024.08.01,-,andrewsmacbeir,juliocrv3,0-1,2024.08.01,00:00:11,2010,1972,,,D35,"Queen's Gambit Declined: Exchange Variation, Positional Variation",180+2,Normal,"1. d4 1... d5 2. c4 2... e6 3. Nc3 3... Nf6 4. cxd5 4... exd5 5.
Bg5 5... Be7 6. e3 6... O-O 7. Qc2 7... c6 8. Bd3 8... g6 9. Nge2 9... Re8 10. O-O 10...
Nbd7 11. Bh4 11... Ne4 12. Bxe7 12... Qxe7 13. Bxe4 13... dxe4 14. Ng3 14... Nf6 15. Rab1 15... a5 16. b3 16... h5 17. h3 17... h4 18. Nge2 18... Nh5 19. a3 19... Qg5 20. Kh2 20... c5 21.
dxc5 21... Qe5 22. Kh1 22... Qxc5 23. b4 23... axb4 24. axb4 24... Qc4 25. Qb3 25... Be6 26.
Qxc4 26... Bxc4 27. Rfd1 27... Bd3 28. Rb2 28... Ra3 29. Nd5 29... Kg7 30. Nd4 30... Rea8 31.
Nb6 31... R8a6 32. Nd7 32... Ra1 33. Rxa1 33... Rxa1 34. Kh2 34... Nf6 35.
Nc5 35... b6 36. Nxd3 36... exd3 37. Rd2 37... Rb1 38. b5 38... Ne4 39.
Rxd3 39... Nxf2 40. Rd2 40... Rh1",1. 0:03:00 1... 0:03:00 2. 0:03:01 2... 0:02:59 3. 0:03:03 3... 0:03:00 4. 0:03:04 4... 0:03:01 5. 0:03:05 5... 0:03:01 6. 0:03:06 6... 0:03:00 7. 0:03:07 7... 0:03:01 8. 0:03:08 8... 0:03:00 9. 0:03:07 9... 0:02:57 10. 0:03:00 10... 0:02:56 11. 0:02:59 11... 0:02:52 12. 0:02:37 12... 0:02:52 13. 0:02:36 13... 0:02:53 14. 0:02:32 14... 0:02:51 15. 0:02:30 15... 0:02:49 16. 0:02:30 16... 0:02:45 17. 0:02:25 17... 0:02:45 18. 0:02:26 18... 0:02:37 19. 0:02:21 19... 0:02:35 20. 0:02:15 20... 0:02:25 21. 0:02:10 21... 0:01:56 22. 0:02:09 22... 0:01:51 23. 0:02:06 23... 0:01:51 24. 0:02:06 24... 0:01:44 25. 0:02:05 25... 0:01:43 26. 0:02:04 26... 0:01:43 27. 0:02:03 27... 0:01:33 28. 0:01:56 28... 0:01:20 29. 0:01:40 29... 0:00:53 30. 0:01:37 30... 0:00:40 31. 0:01:18 31... 0:00:36 32. 0:01:14 32... 0:00:33 33. 0:01:10 33... 0:00:35 34. 0:01:11 34... 0:00:24 35. 0:01:10 35... 0:00:18 36. 0:01:09 36... 0:00:20 37. 0:01:10 37... 0:00:21 38. 0:01:09 38... 0:00:17 39. 0:01:08 39... 0:00:18 40. 0:01:08 40... 0:00:16,
Rated Blitz game,https://lichess.org/SH225jmh,2024.08.01,-,manriquez3333,ltthelamon,1-0,2024.08.01,00:00:11,1957,1963,,,D35,Queen's Gambit Declined: Normal Defense,180+2,Time forfeit,"1. d4 1... d5 2. c4 2... e6 3. Nc3 3... Nf6 4. e3 4... c6 5. Bd3 5... Be7 6. Nge2 6...
a6 7. a4 7... Nbd7 8.
O-O 8... b6 9. e4 9...
dxe4 10. Nxe4 10... Nxe4 11. Bxe4 11... Bb7 12.
Qb3 12... Nf6 13. Bf3 13... O-O 14. Rd1 14... Rb8 15. Bf4 15... Bd6 16.
Bg5 16... Be7 17. Nc3 17... h6 18. Bh4 18... Qc7 19. Rac1 19... Nd7 20.
Bg3 20... Bd6 21. Ne4 21... Bxg3 22. Nxg3 22... c5 23. d5 23... e5 24.
Nf5 24... Bc8 25. Ne7 25... Kh8 26. d6 26... Qd8 27. Nc6 27... Qg5 28.
Nxb8 28... Nxb8 29. Qe3 29... Qg6 30. Qxe5 30... Nd7 31. Qg3 31... Qf6 32. b3 32... Ne5 33.
Be4 33... Bd7 34. f4 34... Nc6 35. Bxc6 35... Bxc6 36. d7 36... Rd8 37.
f5 37... Rxd7 38. Rxd7 38... Bxd7 39. Rf1 39... Qd4 40. Qf2 40... Qc3 41.
f6 41... g6 42. Qf4 42... Kh7 43. Qd6",1. 0:03:00 1... 0:03:00 2. 0:03:01 2... 0:03:01 3. 0:03:02 3... 0:03:01 4. 0:03:03 4... 0:03:01 5. 0:03:04 5... 0:03:02 6. 0:03:05 6... 0:03:03 7. 0:03:05 7... 0:03:03 8. 0:03:06 8... 0:03:03 9. 0:03:06 9... 0:03:02 10. 0:03:07 10... 0:03:03 11. 0:03:08 11... 0:03:01 12. 0:02:59 12... 0:02:38 13. 0:02:58 13... 0:02:32 14. 0:02:53 14... 0:02:23 15. 0:02:44 15... 0:02:23 16. 0:02:45 16... 0:02:24 17. 0:02:37 17... 0:02:24 18. 0:02:37 18... 0:02:15 19. 0:02:27 19... 0:01:58 20. 0:02:23 20... 0:01:58 21. 0:02:20 21... 0:01:56 22. 0:02:21 22... 0:01:54 23. 0:02:19 23... 0:01:01 24. 0:01:58 24... 0:00:39 25. 0:01:50 25... 0:00:38 26. 0:01:47 26... 0:00:35 27. 0:01:47 27... 0:00:35 28. 0:01:41 28... 0:00:36 29. 0:01:31 29... 0:00:30 30. 0:01:17 30... 0:00:31 31. 0:01:17 31... 0:00:18 32. 0:01:11 32... 0:00:17 33. 0:01:02 33... 0:00:16 34. 0:00:57 34... 0:00:15 35. 0:00:55 35... 0:00:15 36. 0:00:55 36... 0:00:16 37. 0:00:48 37... 0:00:12 38. 0:00:46 38... 0:00:13 39. 0:00:39 39... 0:00:11 40. 0:00:38 40... 0:00:12 41. 0:00:38 41... 0:00:10 42. 0:00:32 42... 0:00:05 43. 0:00:25,
Rated Blitz game,https://lichess.org/lmw66Ye3,2024.08.01,-,monterenriquez,OZZO20,0-1,2024.08.01,00:00:11,1460,1510,,,C40,King's Pawn Game: McConnell Defense,180+2,Normal,"1. e4 1... e5 2. Nf3 2... Qf6 3. d4 3... d6 4. Bg5 4... Qe6 5. d5 5... Qd7 6. c4 6... f6 7. Be3 7... Qf7 8. Nc3 8... c6 9. b4 9... Ne7 10. Bd3 10... Ng6 11. O-O 11... Be7 12. Ng5 12... fxg5 13. f4 13... gxf4 14. Bd2 14... O-O 15.
g3 15... Bh3 16. Rf2 16... Bg5 17. gxf4 17... Nxf4 18. Bxf4 18... Bxf4 19. Qf3 19... Qg6 20. Kh1 20... Bg4 21. Qg3",1. 0:03:00 1... 0:03:00 2. 0:03:01 2... 0:03:01 3. 0:03:01 3... 0:03:01 4. 0:02:54 4... 0:02:54 5. 0:02:53 5... 0:02:54 6. 0:02:50 6... 0:02:55 7. 0:02:47 7... 0:02:52 8. 0:02:45 8... 0:02:53 9. 0:02:43 9... 0:02:54 10. 0:02:33 10... 0:02:54 11. 0:02:34 11... 0:02:51 12. 0:02:18 12... 0:02:45 13. 0:02:18 13... 0:02:44 14. 0:02:17 14... 0:02:45 15. 0:02:16 15... 0:02:38 16. 0:02:13 16... 0:02:17 17. 0:02:07 17... 0:02:06 18. 0:02:04 18... 0:02:05 19. 0:01:57 19... 0:02:04 20. 0:01:54 20... 0:01:59 21. 0:01:50,
Rated Blitz game,https://lichess.org/3qkNOSxN,2024.08.01,-,P1ckn1cker,abnermorana,0-1,2024.08.01,00:00:11,1933,1942,,,A05,King's Indian Attack: Symmetrical Defense,180+2,Normal,"1. Nf3 1... Nf6 2. g3 2... g6 3. b3 3... Bg7 4. Bb2 4... d6 5. d4 5... O-O 6. Bg2 6... Bg4 7. Nbd2 7... c6 8. O-O 8... Qd7 9. e4 9... Na6 10. Re1 10... Nc7 11. e5 11...
Nfd5 12. c4 12... Nb4 13. Qe2 13... Nc2 14.
Ne4 14... Nxe1 15. Rxe1 15...
Rae8",1. 0:03:00 0. 0:03:00 1... 0:03:01 0. 0:03:02 2. 0:03:02 0. 0:03:04 2... 0:03:03 0. 0:03:05 3. 0:03:04 0. 0:03:05 3... 0:03:02 0. 0:03:05 4. 0:03:00 0. 0:03:06 4... 0:03:00 0. 0:03:07 5. 0:02:56 0. 0:03:08 5... 0:02:52 0. 0:03:08 6. 0:02:51 0. 0:03:00 6... 0:02:46 0. 0:02:59 7. 0:02:40 0. 0:02:58 7... 0:02:30 0. 0:02:56 8. 0:02:29 0. 0:02:41,
Rated Blitz game,https://lichess.org/9C4pYHfs,2024.08.01,-,macho_09,Leoficher2,0-1,2024.08.01,00:00:12,1827,1825,,,B21,Sicilian Defense: McDonnell Attack,180+2,Time forfeit,"1. e4 1... c5 2. f4 2... d6 3. Bb5 3... Nd7 4. c3 4... a6 5. Ba4 5... b5 6. Bc2 6... e6 7. Nf3 7... Ngf6 8.
O-O 8... Bb7 9. Re1 9... Be7 10. d4 10... cxd4 11. cxd4 11... O-O 12.
Nc3 12... Rc8 13. a3 13... Qc7 14. e5 14... Nd5 15. Ng5 15... Bxg5 16.
fxg5 16... g6 17. Bd2 17... Qc6 18. Re2 18... N7b6 19. Qf1 19... Nc4 20.
Bc1 20... Ncb6 21. Bd2 21... Nc4 22. Bc1 22... Ncb6 23. Be4 23... dxe5 24.
dxe5 24... Qd7 25. Rd2 25... Qe7 26. Rd3 26... Ba8 27. h4 27... b4 28.
axb4 28... Nxb4 29. Rf3 29... Bxe4 30. Nxe4 30... Nc2 31. Rxa6 31... Rc4 32. Nf6 32... Kg7 33.
Rxb6 33... Qc5 34. Qf2 34... Qxf2 35. Rxf2 35... Nd4 36. Be3 36... Nc2 37. b4 37... Nxb4 38.
Rb7 38... Nd5",1. 0:03:00 1... 0:03:00 2. 0:02:58 2... 0:03:01 3. 0:02:55 3... 0:03:02 4. 0:02:50 4... 0:03:03 5. 0:02:47 5... 0:03:04 6. 0:02:48 6... 0:03:04 7. 0:02:45 7... 0:03:05 8. 0:02:44 8... 0:03:06 9. 0:02:41 9... 0:03:06 10. 0:02:40 10... 0:03:06 11. 0:02:35 11... 0:03:07 12. 0:02:31 12... 0:03:07 13. 0:02:28 13... 0:02:58 14. 0:02:27 14... 0:02:55 15. 0:02:14 15... 0:02:37 16. 0:02:09 16... 0:02:20 17. 0:01:53 17... 0:02:12 18. 0:01:48 18... 0:02:08 19. 0:01:42 19... 0:01:59 20. 0:01:37 20... 0:01:48 21. 0:01:34 21... 0:01:47 22. 0:01:32 22... 0:01:48 23. 0:01:30 23... 0:01:03 24. 0:01:24 24... 0:01:03 25. 0:01:04 25... 0:01:01 26. 0:00:58 26... 0:00:45 27. 0:00:50 27... 0:00:45 28. 0:00:47 28... 0:00:45 29. 0:00:39 29... 0:00:25 30. 0:00:36 30... 0:00:20 31. 0:00:30 31... 0:00:09 32. 0:00:26 32... 0:00:10 33. 0:00:23 33... 0:00:11 34. 0:00:19 34... 0:00:08 35. 0:00:17 35... 0:00:07 36. 0:00:15 36... 0:00:06 37. 0:00:11 37... 0:00:06 38. 0:00:04 38... 0:00:07,
Rated Blitz game,https://lichess.org/31Ojb33N,2024.08.01,-,tiburon_sangriento,shojaeiiman,1-0,2024.08.01,00:00:18,2176,2221,,,B50,"Sicilian Defense: Wing Gambit, Deferred Variation",180+2,Normal,"1. e4 1... c5 2. Nf3 2... d6 3. b4 3... cxb4 4. a3 4... bxa3 5.
Bxa3 5... e6 6. d4 6... a6 7. Bd3 7... Nc6 8. O-O 8... Nf6 9. e5 9... dxe5 10. Bxf8 10... Kxf8 11. dxe5 11... Nd5 12. Re1 12... Qc7 13.
Na3 13... b6 14. Nb5 14... Qb8 15. Nd6 15... Nxe5 16. Nxe5 16... Qxd6 17. Qf3 17... Bb7 18. Qxf7",1. 0:03:00 1... 0:03:00 2. 0:03:01 2... 0:03:01 3. 0:03:01 3... 0:03:02 4. 0:03:02 4... 0:03:04 5. 0:03:01 5... 0:03:01 6. 0:03:02 6... 0:03:02 7. 0:03:03 7... 0:03:02 8. 0:03:03 8... 0:03:03 9. 0:03:02 9... 0:03:04 10. 0:03:02 10... 0:03:04 11. 0:03:01 11... 0:03:01 12. 0:02:52 12... 0:03:01 13. 0:02:33 13... 0:03:02 14. 0:02:30 14... 0:02:55 15. 0:02:20 15... 0:02:47 16. 0:02:20 16... 0:02:48 17. 0:02:15 17... 0:02:48 18. 0:02:11,
Rated Blitz game,https://lichess.org/6yB99yQV,2024.08.01,-,ASalmonWithAttitude,BugraAyhn,1-0,2024.08.01,00:00:18,1659,1562,,,C25,Vienna Game: Max Lange Defense,180+2,Normal,"1. e4 1... e5 2. Nc3 2... Nc6 3. Bc4 3... Be7 4. Nf3 4... Nf6 5. h3 5... h6 6. O-O 6... O-O 7. Re1 7... a6 8. a3 8... b5 9. Ba2 9... Bb7 10. d4 10...
d6 11. d5 11...
Nb8 12. Ne2 12... c5 13. c4 13... Nbd7 14. Ng3 14... Re8 15. Nf5 15...
Bf8 16. Be3 16... Qc7 17. Bd2 17... Rab8 18.
Qc1 18... Ba8 19. g4 19... Nh7 20. g5 20...
hxg5 21. Bxg5 21... Nxg5 22. Qxg5 22... g6 23. Nh6 23... Bxh6 24. Qxh6 24... Nf6 25.
Kh2 25... Nxe4 26. Rxe4 26...
Qe7 27. Ng5 27... Qf6 28. Rf1 28... Bb7 29. Rh4 29... Rbc8 30. Ne4 30...
Qg7 31. Qxg7 31... Kxg7 32. Nxd6",1. 0:03:00 0. 0:03:00 1... 0:03:01 0. 0:03:01 2. 0:03:03 0. 0:03:01 2... 0:03:00 0. 0:03:01 3. 0:03:00 0. 0:03:02 3... 0:03:01 0. 0:03:03 4. 0:02:59 0. 0:03:04 4... 0:02:59 0. 0:03:05 5. 0:03:00 0. 0:03:06 5... 0:03:00 0. 0:03:05 6. 0:03:00 0. 0:03:06 6... 0:02:52 0. 0:03:07 7. 0:02:51 0. 0:03:03 7... 0:02:43 0. 0:03:01 8. 0:02:38 0. 0:03:01 8... 0:02:30 0. 0:02:31 9. 0:02:23 0. 0:02:07 9... 0:02:21 0. 0:02:01 10. 0:02:22 0. 0:01:53 10... 0:02:17 0. 0:01:54 11. 0:02:17 0. 0:01:55 11... 0:02:18 0. 0:01:53 12. 0:02:08 0. 0:01:53 12... 0:02:09 1. 0:01:52 13. 0:02:02 0. 0:01:49 13... 0:02:00 1. 0:01:50 14. 0:01:59 1. 0:01:38 14... 0:01:40 1. 0:01:31 15. 0:01:40 1. 0:01:17 15... 0:01:05 0. 0:01:00 16. 0:01:05 0. 0:01:02 16... 0:01:06,
Rated Blitz game,https://lichess.org/Y6RUCs6h,2024.08.01,-,nordfan,tomasbarcellos,1-0,2024.08.01,00:00:18,1353,1319,,,B06,Modern Defense: Standard Defense,180+2,Normal,"1. d4 1... g6 2. Nc3 2... Bg7 3. e4 3... d6 4. Bd3 4... Nf6 5. h3 5... O-O 6. g4 6... Nbd7 7. g5 7... Ne8 8. h4 8... c5 9. d5 9... e6 10. Bc4 10... exd5 11.
Bxd5 11... Nb6 12. h5 12... Nxd5 13. Nxd5 13... Qa5 14. c3 14... c4 15.
Nf3 15... Kh8 16. Qe2 16... Be6 17. Qxc4 17... Bxd5 18. exd5 18... Nc7 19.
Bf4 19... Nxd5 20. Bxd6 20... Rfe8 21. Kf1 21... Rad8 22. Bb4 22... Qa4 23. Re1 23... Nxb4 24.
Rxe8 24... Rxe8 25. cxb4 25... Qd1 26. Kg2 26... Qd7 27. Re1 27... Rxe1 28. Nxe1 28... Qf5 29.
Nf3 29... gxh5 30. Qc7 30... Qg4 31. Kf1 31... Qxf3 32. Qc8 32... Bf8 33.
Qxf8",1. 0:03:00 1... 0:03:00 2. 0:03:01 2... 0:03:01 3. 0:02:56 3... 0:02:41 4. 0:02:55 4... 0:02:43 5. 0:02:48 5... 0:02:40 6. 0:02:49 6... 0:02:41 7. 0:02:42 7... 0:02:41 8. 0:02:42 8... 0:02:43 9. 0:02:38 9... 0:02:41 10. 0:02:28 10... 0:02:36 11. 0:02:26 11... 0:02:29 12. 0:02:20 12... 0:02:26 13. 0:02:21 13... 0:02:00 14. 0:02:13 14... 0:01:53 15. 0:01:51 15... 0:01:47 16. 0:01:33 16... 0:01:35 17. 0:01:27 17... 0:01:33 18. 0:01:27 18... 0:01:32 19. 0:01:20 19... 0:01:28 20. 0:01:19 20... 0:01:26 21. 0:01:11 21... 0:01:11 22. 0:01:00 22... 0:00:41 23. 0:00:46 23... 0:00:29 24. 0:00:22 24... 0:00:31 25. 0:00:23 25... 0:00:30 26. 0:00:24 26... 0:00:13 27. 0:00:20 27... 0:00:13 28. 0:00:21 28... 0:00:10 29. 0:00:20 29... 0:00:09 30. 0:00:14 30... 0:00:08 31. 0:00:13 31... 0:00:08 32. 0:00:11 32... 0:00:09 33. 0:00:09,
Rated Blitz game,https://lichess.org/gB0DwutP,2024.08.01,-,Megac1,riveremb1,1-0,2024.08.01,00:00:20,1085,1019,,,C23,Bishop's Opening,180+2,Normal,"1. e4 1... e5 2. Bc4 2... Qh4 3. Qf3 3... Nf6 4. d3 4... d6 5. g3 5... Bg4 6. Qe3 6...
Qh5 7. f3 7... Nc6 8.
fxg4 8... Nxg4 9. Qf3 9... g6 10. h3 10... Nf2 11. Kxf2 11... Qxf3 12. Kxf3 12... Nd4 13. Kf2 13... Nxc2 14. Nf3 14... Nxa1 15. Ne1 15... c6 16. b3 16... b5 17.
Bxf7 17... Kxf7 18. Bb2 18... Bg7 19. Bxa1 19... d5 20. Nf3 20... dxe4 21. dxe4 21... Rhd8 22. Nxe5 22... Bxe5 23. Bxe5 23... Ke6 24. Bc3 24... Rf8 25. Ke3 25... Rad8 26. a4 26... bxa4 27.
bxa4 27... Rf7 28. Na3 28... Rdf8 29. Rg1 29... Rf3 30. Kd4 30... Kd6 31.
Bb4 31... c5 32. Bxc5 32... Ke6 33. Bxf8 33... Rxf8 34. Nc4 34... Kd7 35. Ne5 35... Ke6 36.
Rb1 36... Ke7 37. Rb7 37... Ke8 38. Rb8 38... Ke7 39. Rxf8 39... Kxf8 40. Nc6 40... h5 41. Nxa7 41... Kg7 42. a5 42...
Kh6 43. Ke3 43... g5 44. Kf3 44... Kg6 45. Nc6 45... Kh6 46. Ne5 46... g4 47. hxg4 47... hxg4 48. Kxg4 48... Kg7 49.
a6 49... Kf6 50. Nf3 50... Ke7 51. a7 51... Kd7 52. a8=Q 52... Kc7 53.
Qa7 53... Kd6 54. Qa6 54... Ke7 55. Kf5 55... Kf7 56. Qf6 56... Ke8 57. Qg7 57... Kd8 58.
Ke6 58... Kc8 59. Kd6 59... Kb8 60. Kc6 60... Kc8 61. Qc7",1. 0:03:00 1... 0:03:00 2. 0:03:00 2... 0:03:00 3. 0:02:58 3... 0:02:56 4. 0:02:52 4... 0:02:54 5. 0:02:52 5... 0:02:54 6. 0:02:43 6... 0:02:50 7. 0:02:22 7... 0:02:41 8. 0:02:21 8... 0:02:39 9. 0:02:16 9... 0:02:32 10. 0:02:14 10... 0:02:31 11. 0:02:10 11... 0:02:29 12. 0:02:11 12... 0:02:26 13. 0:02:00 13... 0:02:23 14. 0:01:14 14... 0:02:19 15. 0:01:15 15... 0:02:15 16. 0:01:13 16... 0:02:16 17. 0:01:11 17... 0:02:11 18. 0:01:13 18... 0:01:48 19. 0:01:12 19... 0:01:40 20. 0:00:57 20... 0:01:37 21. 0:00:57 21... 0:01:34 22. 0:00:53 22... 0:01:29 23. 0:00:54 23... 0:01:23 24. 0:00:51 24... 0:01:21 25. 0:00:51 25... 0:01:17 26. 0:00:45 26... 0:01:15 27. 0:00:46 27... 0:01:13 28. 0:00:46 28... 0:01:11 29. 0:00:24 29... 0:01:10 30. 0:00:23 30... 0:01:04 31. 0:00:24 31... 0:01:05 32. 0:00:23 32... 0:01:05 33. 0:00:25 33... 0:01:03 34. 0:00:24 34... 0:01:02 35. 0:00:21 35... 0:01:01 36. 0:00:20 36... 0:01:01 37. 0:00:21 37... 0:01:01 38. 0:00:20 38... 0:01:02 39. 0:00:21 39... 0:01:03 40. 0:00:22 40... 0:01:03 41. 0:00:24 41... 0:01:03 42. 0:00:25 42... 0:01:03 43. 0:00:25 43... 0:01:04 44. 0:00:26 44... 0:01:02 45. 0:00:27 45... 0:01:03 46. 0:00:27 46... 0:01:04 47. 0:00:28 47... 0:01:04 48. 0:00:29 48... 0:01:01 49. 0:00:30 49... 0:01:00 50. 0:00:28 50... 0:00:59 51. 0:00:29 51... 0:01:01 52. 0:00:24 52... 0:01:01 53. 0:00:22 53... 0:01:01 54. 0:00:22 54... 0:01:01 55. 0:00:18 55... 0:01:02 56. 0:00:18 56... 0:01:01 57. 0:00:17 57... 0:01:01 58. 0:00:18 58... 0:01:01 59. 0:00:19 59... 0:00:59 60. 0:00:21 60... 0:00:48 61. 0:00:19,
Rated Blitz game,https://lichess.org/tpX4wxdE,2024.08.01,-,HarryPness,EssexSac,0-1,2024.08.01,00:00:02,1539,1550,,,B02,Alekhine Defense: Scandinavian Variation,180+2,Normal,"1. e4 1... Nf6 2. Nc3 2... d5 3. exd5 3... Nxd5 4. Nxd5 4... Qxd5 5.
Nf3 5... Bg4 6. Be2 6... Nc6 7. h3 7... Bh5 8. O-O 8... e5 9. Ng5 9... Bxe2 10. Qxe2 10... Be7 11. Ne4 11... O-O-O 12. d3 12... f5 13.
Nc3 13... Qd7 14. Be3 14... f4 15. Bd2 15... g5 16. f3 16... h5 17.
Qe4 17... g4 18. fxg4 18... hxg4 19. Rae1 19... gxh3 20. gxh3 20... Bc5 21. Kg2 21... Qxh3",1. 0:03:00 1... 0:03:00 2. 0:03:00 2... 0:02:57 3. 0:02:58 3... 0:02:58 4. 0:02:59 4... 0:02:59 5. 0:03:00 5... 0:02:55 6. 0:03:00 6... 0:02:53 7. 0:03:01 7... 0:02:53 8. 0:02:53 8... 0:02:54 9. 0:02:46 9... 0:02:46 10. 0:02:46 10... 0:02:45 11. 0:02:35 11... 0:02:43 12. 0:02:32 12... 0:02:43 13. 0:02:31 13... 0:02:34 14. 0:02:32 14... 0:02:34 15. 0:02:28 15... 0:02:35 16. 0:02:26 16... 0:02:36 17. 0:02:26 17... 0:02:29 18. 0:02:24 18... 0:02:29 19. 0:02:22 19... 0:02:26 20. 0:02:23 20... 0:02:15 21. 0:01:59 21... 0:02:04,
Rated Blitz game,https://lichess.org/xB1ieEfP,2024.08.01,-,traveler1984,asrazil,0-1,2024.08.01,00:00:02,1150,1146,,,C42,Russian Game,180+2,Normal,"1. e4 1... e5 2. Nf3 2... Nf6 3. Nxe5 3... Qe7 4. d4 4... d6 5. Nf3 5... Qxe4 6. Qe2 6...
Qxe2 7. Bxe2 7... Be7 8. O-O 8... O-O 9. c3 9... c5 10. Bg5 10... Bf5 11. Nbd2 11... cxd4 12. Nxd4 12... Bg6 13. Bf3 13... Nbd7 14. b4 14... Rab8 15. Nc4 15... d5 16. Ne3 16... h6 17.
Bxf6 17... Bxf6 18. Nxd5 18... Be5 19. Rfe1 19... Rfe8 20. Rad1 20... Nf6 21. Nxf6 21... gxf6 22. Rc1 22... b6 23. Nb5 23... a6 24. Na3 24...
a5 25. Nc4 25... axb4 26. cxb4 26... b5 27. Ne3 27... Red8 28. a3 28... Bb2 29. Rc5 29... Bxa3 30. Rb1 30... Bxb1",1. 0:03:00 1... 0:03:00 2. 0:03:01 2... 0:03:00 3. 0:03:02 3... 0:03:01 4. 0:02:55 4... 0:02:59 5. 0:02:42 5... 0:02:59 6. 0:02:42 6... 0:02:49 7. 0:02:43 7... 0:02:49 8. 0:02:43 8... 0:02:50 9. 0:02:43 9... 0:02:47 10. 0:02:41 10... 0:02:42 11. 0:02:20 11... 0:02:42 12. 0:02:20 12... 0:02:40 13. 0:02:16 13... 0:02:37 14. 0:02:03 14... 0:02:36 15. 0:01:54 15... 0:02:33 16. 0:01:44 16... 0:02:32 17. 0:01:44 17... 0:02:32 18. 0:01:44 18... 0:02:13 19. 0:01:35 19... 0:02:11 20. 0:01:29 20... 0:02:06 21. 0:01:27 21... 0:02:06 22. 0:00:58 22... 0:02:03 23. 0:00:54 23... 0:01:59 24. 0:00:52 24... 0:01:59 25. 0:00:48 25... 0:01:49 26. 0:00:49 26... 0:01:49 27. 0:00:42 27... 0:01:43 28. 0:00:42 28... 0:01:42 29. 0:00:37 29... 0:01:36 30. 0:00:36 30... 0:01:30,
Rated Blitz game,https://lichess.org/T5ytynTQ,2024.08.01,-,conweezy,LuckyLukke,0-1,2024.08.01,00:00:02,1489,1397,,,C41,Philidor Defense: Exchange Variation,180+2,Normal,"1. e4 1... e5 2. Nf3 2... d6 3. d4 3... exd4 4. Nxd4 4... Bd7 5. c4 5... Nc6 6. Nc3 6...
Nf6 7. Be2 7... Be7 8.
b3 8... a6 9. Bb2 9...
O-O 10. O-O 10... h6 11. Nd5 11... Nxd4 12. Qxd4 12... c5 13. Qc3 13...
Bc6 14. Rad1 14... b5 15. a3 15... Bxd5 16. Rxd5 16... Rb8 17. Rfd1 17... b4 18. Qg3 18... Kh8 19. Bh5 19... Nxh5 20.
Qxg7",1. 0:03:00 1... 0:03:00 2. 0:03:01 2... 0:03:01 3. 0:03:02 3... 0:02:58 4. 0:03:02 4... 0:03:00 5. 0:03:03 5... 0:03:01 6. 0:03:03 6... 0:03:00 7. 0:03:00 7... 0:02:57 8. 0:03:00 8... 0:02:49 9. 0:03:00 9... 0:02:47 10. 0:03:01 10... 0:02:43 11. 0:02:51 11... 0:02:34 12. 0:02:50 12... 0:02:13 13. 0:02:43 13... 0:01:57 14. 0:02:32 14... 0:01:46 15. 0:02:28 15... 0:01:25 16. 0:02:26 16... 0:01:14 17. 0:02:18 17... 0:01:10 18. 0:02:17 18... 0:00:57 19. 0:02:07 19... 0:00:46 20. 0:02:08,
Rated Blitz game,https://lichess.org/nQ9HUk7a,2024.08.01,-,Carcelario85,NorthernHawk,0-1,2024.08.01,00:00:02,2521,2496,,,C78,"Ruy Lopez: Morphy Defense, Neo-Arkhangelsk Variation",180+2,Normal,"1. e4 1... e5 2. Nf3 2... Nc6 3. Bb5 3... a6 4. Ba4 4... Nf6 5. O-O 5... Bc5 6. c3 6... b5 7. Bc2 7... d5 8. exd5 8... Qxd5 9. d4 9... exd4 10. Re1 10...
Be6 11. Ng5 11... O-O-O 12. Nxe6 12... fxe6 13. Bb3 13...
Qh5 14. Bxe6 14... Kb8 15.
Qxh5 15... Nxh5 16. Bg4 16... Nf6 17. Bf3 17... Rhe8 18. Bd2 18... Ne5 19. Be2 19... d3 20. Bd1 20... Neg4 21. Bxg4 21... Nxg4 22. h3 22... Bxf2 23. Kf1 23... Bxe1",1. 0:03:00 0. 0:03:00 1... 0:02:51 0. 0:03:01 2. 0:02:49 0. 0:03:02 2... 0:02:50 0. 0:03:04 3. 0:02:50 0. 0:03:06 3... 0:02:42 0. 0:03:06 4. 0:02:36 0. 0:03:07 4... 0:02:26 0. 0:03:06 5. 0:01:59 0. 0:03:07 5... 0:01:57 0. 0:02:58 6. 0:01:46 0. 0:02:19 6... 0:01:46 0. 0:02:19 7. 0:01:47 0. 0:02:02 7... 0:01:45 0. 0:02:00 8. 0:01:05 0. 0:02:02 8... 0:01:05 0. 0:01:59 9. 0:01:05 0. 0:01:28 9... 0:00:15 0. 0:01:21 10. 0:00:11 0. 0:01:14 10... 0:00:11 0. 0:01:08 11. 0:00:10 1. 0:01:01 11... 0:00:09 1. 0:00:59 12. 0:00:10 1. 0:00:58,
Rated Blitz game,https://lichess.org/5SpGB8xJ,2024.08.01,-,tiopujio,CleytonMaia,1-0,2024.08.01,00:00:02,1935,1956,,,B07,Pirc Defense,180+2,Time forfeit,"1. e4 1... d6 2. d4 2... Nf6 3. Nc3 3... g6 4. Be3 4... Bg7 5. Qd2 5... h5 6. f3 6... c6 7. Bd3 7... a5 8. a4 8... Nbd7 9. Nge2 9... e5 10. d5 10...
cxd5 11. Nxd5 11... Nxd5 12. exd5 12... f5 13. g4 13... f4 14. Bxg6 14... Kf8 15. Bf2 15...
Nf6 16. gxh5 16... Nxh5 17. O-O-O 17... Qf6 18.
Be4 18... Bf5 19. Nc3 19...
Rc8 20. Qd3 20... Bd7 21. Rhg1 21... Bh6 22.
Rg6 22... Qf7 23. Rdg1 23... Nf6 24. Bh4 24...
Nh5 25. Nb5 25... Bxb5 26. Qxb5 26... Rc7 27.
Qxa5 27... Rd7 28. Qa8 28... Qe8 29. Qa5",1. 0:03:00 0. 0:03:00 1... 0:02:59 0. 0:02:59 2. 0:02:55 0. 0:03:00 2... 0:02:54 0. 0:03:00 3. 0:02:55 0. 0:03:02 3... 0:02:53 0. 0:02:52 4. 0:02:46 0. 0:02:53 4... 0:02:45 0. 0:02:41 5. 0:02:41 0. 0:02:27 5... 0:02:42 1. 0:02:23 6. 0:02:42 0. 0:02:23 6... 0:02:44 0. 0:02:22 7. 0:02:39 0. 0:02:16 7... 0:02:39 0. 0:02:16 8. 0:02:40 0. 0:02:10 8... 0:02:34 1. 0:02:07 9. 0:02:30 1. 0:01:52 9... 0:02:18 1. 0:01:42 10. 0:02:18 0. 0:01:25 10... 0:02:04 0. 0:01:03 11. 0:02:00 0. 0:00:52 11... 0:01:58 0. 0:00:45 12. 0:01:57 0. 0:00:21 12... 0:01:34 0. 0:00:20 13. 0:01:16 1. 0:00:14 13... 0:01:18 0. 0:00:16 14. 0:01:16 0. 0:00:11 14... 0:01:12 0. 0:00:09 15. 0:00:55,
Rated Blitz game,https://lichess.org/NomxGIeG,2024.08.01,-,rodrigochessavante06,xformix,1-0,2024.08.01,00:00:02,1295,1376,,,B00,Duras Gambit,180+2,Time forfeit,"1. e4 1... f5 2. exf5 2... Nf6 3. Nc3 3... d5 4. d4 4... Bxf5 5. Bd3 5... Bxd3 6. Qxd3 6...
e6 7. Nf3 7... Bd6 8.
O-O 8... O-O 9. Re1 9... Ng4 10. h3 10... Nf6 11. Be3 11... Nh5 12.
Ng5 12... g6 13. Nxe6 13... Qf6 14. Nxf8 14... Qxf8 15. Nxd5 15... Nc6 16.
Qb3 16... Kh8 17. Nc3 17... Ne7 18. d5 18... Nf5 19. Ne4 19... Be5 20.
g4 20... Nxe3 21. fxe3 21... Nf6 22. Rf1 22... Qe7 23. Nxf6 23... Bxf6 24. Rae1 24... Bh4 25. Re2 25... Qe5 26. Rg2 26... Qe7 27. Qc3 27... Kg8 28. d6 28... cxd6 29.
Rf4 29... Bg5 30. Rf3 30... Rf8 31. Rxf8 31... Qxf8 32. Rf2 32... Qe7 33.
Qc4 33... Kh8 34. Qd4 34... Kg8 35. Qd5 35... Kg7 36. Qd4 36... Kh6 37. Kg2 37... Bxe3 38.
Re2 38... Bxd4 39. Rxe7 39... Bxb2 40. Rxb7 40... Bd4 41. Rd7 41... Bc5 42. c4 42... a5 43. h4 43... a4 44. Kh3 44...
a3 45. Kg3 45... g5 46. h5 46... Bb4 47. Rb7 47... Bc5 48. Rb1 48... Kg7 49. Rf1 49... Kh6 50. Rf5",1. 0:03:00 1... 0:03:00 2. 0:03:01 2... 0:03:01 3. 0:02:56 3... 0:03:03 4. 0:02:56 4... 0:03:03 5. 0:02:56 5... 0:03:03 6. 0:02:53 6... 0:03:04 7. 0:02:54 7... 0:03:05 8. 0:02:54 8... 0:03:05 9. 0:02:55 9... 0:02:43 10. 0:02:46 10... 0:02:11 11. 0:02:45 11... 0:01:46 12. 0:02:41 12... 0:01:34 13. 0:02:40 13... 0:01:26 14. 0:02:39 14... 0:01:26 15. 0:02:30 15... 0:01:25 16. 0:01:48 16... 0:01:24 17. 0:01:44 17... 0:01:13 18. 0:01:21 18... 0:01:13 19. 0:00:29 19... 0:00:56 20. 0:00:22 20... 0:00:56 21. 0:00:22 21... 0:00:39 22. 0:00:22 22... 0:00:32 23. 0:00:19 23... 0:00:31 24. 0:00:13 24... 0:00:30 25. 0:00:12 25... 0:00:30 26. 0:00:09 26... 0:00:16 27. 0:00:10 27... 0:00:16 28. 0:00:07 28... 0:00:17 29. 0:00:08 29... 0:00:16 30. 0:00:09 30... 0:00:16 31. 0:00:09 31... 0:00:18 32. 0:00:10 32... 0:00:19 33. 0:00:11 33... 0:00:19 34. 0:00:12 34... 0:00:20 35. 0:00:14 35... 0:00:20 36. 0:00:15 36... 0:00:16 37. 0:00:15 37... 0:00:17 38. 0:00:16 38... 0:00:09 39. 0:00:17 39... 0:00:11 40. 0:00:18 40... 0:00:11 41. 0:00:19 41... 0:00:13 42. 0:00:18 42... 0:00:10 43. 0:00:20 43... 0:00:09 44. 0:00:21 44... 0:00:10 45. 0:00:19 45... 0:00:06 46. 0:00:19 46... 0:00:06 47. 0:00:19 47... 0:00:06 48. 0:00:19 48... 0:00:06 49. 0:00:20 49... 0:00:05 50. 0:00:21,
Rated Blitz game,https://lichess.org/Tni2iRoF,2024.08.01,-,NaulAmilSatierf,sashaxx,0-1,2024.08.01,00:00:02,1382,1390,,,C00,French Defense: Knight Variation,180+2,Time forfeit,"1. e4 1... e6 2. Nf3 2... d5 3. exd5 3... exd5 4. d4 4... Nf6 5. Bd3 5... Bd6 6. c3 6...
O-O 7. O-O 7... c6 8.
Bc2 8... Bg4 9. Qd3 9... g6 10. Bg5 10... Bf5 11. Qd2 11... Bxc2 12.
Qxc2 12... Nbd7 13. Nbd2 13... Qc7 14. Rfe1 14... Rae8 15. Bh6 15... Rxe1 16. Rxe1 16... Re8 17.
Rxe8 17... Nxe8 18. g3 18... Nef6 19. Nh4 19... Ng4 20. Be3 20... Nxe3 21. fxe3 21... Nf6 22.
Ndf3 22... Ne4 23. c4 23... f5 24. cxd5 24... cxd5 25. Qxc7 25... Bxc7 26. Ng2 26... Kf7 27. Nge1 27... Kf6 28. Nc2 28... a5 29. Kf1 29... Ng5 30. Nxg5 30... Kxg5 31. Kg2 31... h5 32. Na3 32... Kg4 33. Nb5 33... Bb8 34. Nc3 34... h4 35. gxh4 35... Kxh4 36. Nxd5 36... g5 37. Nc3 37... Kg4 38. d5 38...
f4 39. exf4 39... Kxf4 40. h3 40... Kf5 41. Kf3 41... b6 42. a4 42...
Be5 43. Nb5 43... Bxb2 44. d6 44... Bf6 45. Ke3 45... Ke5 46. Kf3 46... Kf5 47. Ke3 47... Be5 48. Kf3 48... Ke6 49.
Kg4 49... Bxd6 50. Nxd6 50... Kxd6 51. Kxg5 51... b5 52. axb5 52... a4 53. b6 53... Kc6 54.
b7 54... Kxb7 55. h4 55... a3 56. h5 56... a2 57. h6 57... a1=Q 58.
h7 58... Qh8 59. Kh6 59... Kc7 60. Kg6 60... Kd7 61. Kh6 61... Ke7 62.
Kg6 62... Kf8 63. Kh6 63... Kf7 64. Kg5 64... Qxh7",1. 0:03:00 1... 0:03:00 2. 0:02:59 2... 0:03:01 3. 0:02:59 3... 0:03:03 4. 0:03:01 4... 0:03:04 5. 0:03:01 5... 0:03:06 6. 0:03:01 6... 0:03:07 7. 0:03:02 7... 0:03:08 8. 0:03:02 8... 0:03:09 9. 0:03:02 9... 0:03:04 10. 0:02:59 10... 0:03:04 11. 0:02:57 11... 0:03:04 12. 0:02:58 12... 0:03:00 13. 0:02:59 13... 0:03:00 14. 0:02:54 14... 0:02:56 15. 0:02:42 15... 0:02:52 16. 0:02:42 16... 0:02:53 17. 0:02:15 17... 0:02:53 18. 0:02:06 18... 0:02:42 19. 0:01:56 19... 0:02:19 20. 0:01:39 20... 0:02:18 21. 0:01:40 21... 0:02:17 22. 0:01:41 22... 0:02:15 23. 0:01:34 23... 0:02:01 24. 0:01:28 24... 0:02:03 25. 0:00:38 25... 0:02:03 26. 0:00:35 26... 0:01:54 27. 0:00:36 27... 0:01:48 28. 0:00:37 28... 0:01:44 29. 0:00:36 29... 0:01:36 30. 0:00:29 30... 0:01:38 31. 0:00:25 31... 0:01:32 32. 0:00:25 32... 0:01:11 33. 0:00:24 33... 0:01:06 34. 0:00:24 34... 0:01:01 35. 0:00:23 35... 0:01:01 36. 0:00:23 36... 0:00:57 37. 0:00:20 37... 0:00:52 38. 0:00:20 38... 0:00:50 39. 0:00:20 39... 0:00:48 40. 0:00:10 40... 0:00:44 41. 0:00:11 41... 0:00:43 42. 0:00:09 42... 0:00:44 43. 0:00:07 43... 0:00:43 44. 0:00:08 44... 0:00:40 45. 0:00:06 45... 0:00:28 46. 0:00:05 46... 0:00:28 47. 0:00:02 47... 0:00:29 48. 0:00:03 48... 0:00:28 49. 0:00:03 49... 0:00:28 50. 0:00:05 50... 0:00:29 51. 0:00:06 51... 0:00:29 52. 0:00:07 52... 0:00:30 53. 0:00:08 53... 0:00:31 54. 0:00:08 54... 0:00:31 55. 0:00:09 55... 0:00:33 56. 0:00:10 56... 0:00:35 57. 0:00:12 57... 0:00:35 58. 0:00:12 58... 0:00:35 59. 0:00:13 59... 0:00:34 60. 0:00:13 60... 0:00:34 61. 0:00:15 61... 0:00:34 62. 0:00:16 62... 0:00:33 63. 0:00:17 63... 0:00:33 64. 0:00:16 64... 0:00:33,
Rated Blitz game,https://lichess.org/MD0CYCQ6,2024.08.01,-,emesantanna,En-naddam,0-1,2024.08.01,00:00:02,1836,1848,,,B20,Sicilian Defense,180+2,Normal,"1. e4 1... c5 2. Be2 2... Nc6 3. d3 3... e6 4. f4 4... Qc7 5. Nf3 5... Nf6 6. O-O 6... b6 7. c3 7... Bb7 8. e5 8... Ng4 9. h3 9... h5 10. hxg4 10... hxg4 11. Nh2 11... g3 12. Nf3 12... Qd8 13. Qe1 13... Nd4 14. cxd4 14... Bxf3 15. Rxf3 15... Qh4 16.
Rxg3 16... Qh2 17. Kf2 17... Be7 18. Qg1 18... Qh4 19. Nc3 19... cxd4 20. Ne4 20... Rc8 21.
Bd2 21... Rc2 22. Rc1 22... Rxd2 23. Nxd2 23... Qxf4 24. Rf3 24... Qxd2 25.
Rc8 25... Bd8 26. Qc1 26... Qa5 27. Qc7 27... Ke7 28. Qd6 28... Ke8 29.
a3 29... Qa6 30. Rxf7 30... Qxc8 31. Rxg7 31... Rf8 32. Kg1 32... Qc1 33.
Kh2 33... Qh6",1. 0:03:00 1... 0:03:00 2. 0:03:01 2... 0:03:01 3. 0:03:02 3... 0:03:02 4. 0:03:03 4... 0:03:03 5. 0:03:04 5... 0:03:04 6. 0:03:05 6... 0:02:55 7. 0:02:51 7... 0:02:56 8. 0:02:47 8... 0:02:55 9. 0:02:45 9... 0:02:54 10. 0:02:42 10... 0:02:56 11. 0:02:17 11... 0:02:56 12. 0:02:15 12... 0:02:41 13. 0:02:09 13... 0:02:12 14. 0:02:02 14... 0:02:12 15. 0:02:03 15... 0:02:12 16. 0:01:58 16... 0:01:41 17. 0:01:56 17... 0:01:36 18. 0:01:35 18... 0:01:31 19. 0:01:08 19... 0:01:32 20. 0:01:06 20... 0:01:31 21. 0:01:05 21... 0:01:26 22. 0:00:21 22... 0:01:24 23. 0:00:23 23... 0:01:24 24. 0:00:25 24... 0:01:12 25. 0:00:25 25... 0:01:11 26. 0:00:20 26... 0:01:01 27. 0:00:17 27... 0:00:59 28. 0:00:18 28... 0:00:59 29. 0:00:10 29... 0:00:51 30. 0:00:07 30... 0:00:45 31. 0:00:05 31... 0:00:44 32. 0:00:05 32... 0:00:45 33. 0:00:04 33... 0:00:46,
Rated Blitz game,https://lichess.org/iAuiTwmA,2024.08.01,-,seekerman,MoHuwaidi,1-0,2024.08.01,00:00:02,1744,1672,,,E61,King's Indian Defense: Smyslov Variation,180+2,Normal,"1. d4 1... g6 2. c4 2... Bg7 3. Nf3 3... d6 4. Nc3 4... Nf6 5. Bg5 5... O-O 6. e3 6...
Nc6 7. Be2 7... a6 8.
a3 8... Qe8 9. O-O 9... Nd7 10. Nd5 10... Qd8 11. b4 11... f6 12.
Bh4 12... e6 13. Nf4 13... Qe7 14. d5 14... Nd8 15. dxe6 15... Nb8 16.
Nd5 16... c6 17. Nxe7",1. 0:03:00 1... 0:03:00 2. 0:03:01 2... 0:03:02 3. 0:03:03 3... 0:03:04 4. 0:03:04 4... 0:03:06 5. 0:03:05 5... 0:03:08 6. 0:03:07 6... 0:03:10 7. 0:03:07 7... 0:03:11 8. 0:03:08 8... 0:03:08 9. 0:03:09 9... 0:03:09 10. 0:03:01 10... 0:02:57 11. 0:02:53 11... 0:02:54 12. 0:02:43 12... 0:02:54 13. 0:02:25 13... 0:02:50 14. 0:02:15 14... 0:02:46 15. 0:02:05 15... 0:02:36 16. 0:02:01 16... 0:02:25 17. 0:02:01,
Rated Blitz game,https://lichess.org/q8GQsiUv,2024.08.01,-,GaloDiaz,FidelerBauer,1-0,2024.08.01,00:00:02,1595,1592,,,B12,"Caro-Kann Defense: Advance Variation, Tal Variation",180+2,Normal,"1. e4 1... c6 2. d4 2... d5 3. e5 3... Bf5 4. h4 4... h5 5. Nf3 5... e6 6. Bd3 6... Bxd3 7. Qxd3 7... Qa5 8.
c3 8... Qa6 9. Qc2 9... Ne7 10. Be3 10... Nf5 11. Nbd2 11... Be7 12.
Bg5 12... f6 13. exf6 13... gxf6 14. Bf4 14... Nd7 15. O-O-O 15... Qxa2 16. Nb3 16... Qa4 17. Rde1 17... Nf8 18. Nc5 18... Bxc5 19. Qxa4",1. 0:03:00 1... 0:03:00 2. 0:03:00 2... 0:03:02 3. 0:03:00 3... 0:03:03 4. 0:03:01 4... 0:02:59 5. 0:02:47 5... 0:02:58 6. 0:02:47 6... 0:02:57 7. 0:02:49 7... 0:02:57 8. 0:02:49 8... 0:02:59 9. 0:02:31 9... 0:02:58 10. 0:02:24 10... 0:02:58 11. 0:02:21 11... 0:02:57 12. 0:02:18 12... 0:02:50 13. 0:02:19 13... 0:02:51 14. 0:02:15 14... 0:02:47 15. 0:02:11 15... 0:02:43 16. 0:02:03 16... 0:02:30 17. 0:01:56 17... 0:02:18 18. 0:01:34 18... 0:02:13 19. 0:01:35,
Rated Blitz game,https://lichess.org/bJJt4vNI,2024.08.01,-,Elghali15,uglerod1k,1-0,2024.08.01,00:00:02,1530,1523,,,D00,Blackmar-Diemer Gambit: von Popiel Gambit,180+2,Normal,"1. d4 1... d5 2. e4 2... dxe4 3. Nc3 3... Nf6 4. Bg5 4... Bf5 5. Qe2 5... Qxd4 6. Qb5 6...
Nbd7 7. Qxb7 7... Rd8 8. Nge2 8... Qe5 9. O-O-O 9... Ng4 10. Bf4 10...
Qa5 11. Bxc7 11... Nc5",1. 0:03:00 1... 0:03:00 2. 0:03:02 2... 0:02:59 3. 0:03:02 3... 0:02:59 4. 0:03:04 4... 0:02:59 5. 0:02:59 5... 0:02:56 6. 0:02:44 6... 0:02:39 7. 0:02:43 7... 0:02:38 8. 0:02:26 8... 0:02:23 9. 0:02:22 9... 0:02:16 10. 0:02:15 10... 0:02:06 11. 0:02:11 11... 0:01:43,
Rated Blitz game,https://lichess.org/9n7IxxMh,2024.08.01,-,the_winchuka,ahmed_ta3eb,1-0,2024.08.01,00:00:02,2094,1977,,,A00,Van Geet Opening,180+2,Normal,"1. Nc3 1... b6 2. e4 2... Bb7 3. d4 3... Nf6 4. f3 4... e6 5. Bg5 5... Be7 6. h4 6... h6 7. Be3 7... d5 8. e5 8... Nfd7 9. h5 9...
c5 10. Nce2 10... Nc6 11. c3 11... O-O 12. Qd2 12... Bg5 13. f4 13...
Bh4 14. g3 14... Be7 15. O-O-O 15... cxd4 16. cxd4 16... Rc8 17. Kb1 17... Nb4 18. Rc1 18... Rxc1 19. Nxc1 19... a5 20.
g4 20... Qb8 21. g5 21... hxg5 22. fxg5 22... Rc8 23. Bb5 23... Nf8 24.
a3 24... Qc7 25. axb4 25... Bxb4 26. Qd3 26... a4 27. Nf3 27... a3 28.
b3 28... Qc3 29. Qxc3 29... Rxc3 30. Bd2 30... Rxf3 31. Bxb4 31... Nh7 32.
g6 32... Ng5 33. Bxa3 33... Ne4 34. Be8 34... fxg6 35. hxg6 35... Ba6 36.
Bf7 36... Rxf7 37. Rh8 37... Kxh8 38. gxf7",1. 0:03:00 1... 0:03:00 2. 0:03:00 2... 0:03:01 3. 0:02:59 3... 0:03:02 4. 0:03:00 4... 0:03:02 5. 0:02:59 5... 0:03:02 6. 0:02:54 6... 0:03:03 7. 0:02:55 7... 0:03:02 8. 0:02:50 8... 0:03:03 9. 0:02:47 9... 0:03:02 10. 0:02:40 10... 0:03:00 11. 0:02:40 11... 0:02:55 12. 0:02:41 12... 0:02:53 13. 0:02:38 13... 0:02:54 14. 0:02:38 14... 0:02:54 15. 0:02:38 15... 0:02:54 16. 0:02:40 16... 0:02:53 17. 0:02:41 17... 0:02:49 18. 0:02:33 18... 0:02:46 19. 0:02:35 19... 0:02:41 20. 0:02:33 20... 0:02:36 21. 0:02:32 21... 0:02:24 22. 0:02:34 22... 0:02:09 23. 0:02:28 23... 0:02:07 24. 0:02:13 24... 0:02:03 25. 0:02:06 25... 0:02:04 26. 0:02:05 26... 0:01:33 27. 0:01:58 27... 0:01:30 28. 0:01:59 28... 0:01:00 29. 0:01:50 29... 0:00:59 30. 0:01:44 30... 0:00:59 31. 0:01:45 31... 0:00:55 32. 0:01:45 32... 0:00:54 33. 0:01:41 33... 0:00:48 34. 0:01:33 34... 0:00:41 35. 0:01:34 35... 0:00:37 36. 0:01:32 36... 0:00:35 37. 0:01:33 37... 0:00:35 38. 0:01:35,
Rated Blitz game,https://lichess.org/8a5lMAPM,2024.08.01,-,Anderson_Lobo,Karan_Goyal,1-0,2024.08.01,00:00:18,1426,1429,,,A21,"English Opening: King's English Variation, Reversed Sicilian",180+2,Normal,"1. c4 1... e5 2. Nc3 2... c6 3. e4 3... Nf6 4. d3 4... Bb4 5. Bg5 5... O-O 6. Nf3 6... d6 7. Be2 7... h6 8. Bh4 8... Bg4 9. O-O 9...
Bc5 10. h3 10... Bh5 11. a3 11... Nbd7 12. b4 12... Bd4 13. Nxd4 13... exd4 14. Na4 14... Ne5 15. f4 15... Ng6 16.
Bxh5 16... Nxh4 17. Bf3 17... Qd7 18. f5 18...
Rfe8 19. Be2 19... d5 20. Nc5 20... Qc7 21. cxd5 21... cxd5 22. Rc1 22... Qg3 23. Rf2 23... dxe4 24. dxe4 24... Nxe4 25. Nxe4 25... Rxe4 26. f6 26... g6 27. Rc4 27...
Rf4 28. Qe1 28... Re8 29. Qf1 29... d3 30. Bxd3 30... Rxc4 31. Bxc4 31... Re3 32. Bxf7 32... Kxf7 33. Qc4 33... Kf8 34.
Qc8 34... Kf7 35. Qd7 35... Kf8 36. Qg7 36... Ke8 37. f7 37... Kd7 38. f8=Q 38... Kc6 39. Qgf6 39... Kb5 40. Qc5 40... Ka4 41. Qa5 41... Kb3 42. Qb2 42... Kc4 43. Qc5 43... Kd3 44.
Qbc3 44... Ke4 45. Q3c4",1. 0:03:00 1... 0:03:00 2. 0:03:00 2... 0:02:59 3. 0:03:01 3... 0:02:53 4. 0:03:01 4... 0:02:54 5. 0:03:01 5... 0:02:54 6. 0:02:59 6... 0:02:46 7. 0:02:56 7... 0:02:43 8. 0:02:56 8... 0:02:25 9. 0:02:53 9... 0:02:21 10. 0:02:53 10... 0:02:15 11. 0:02:49 11... 0:02:08 12. 0:02:48 12... 0:01:59 13. 0:02:48 13... 0:01:59 14. 0:02:47 14... 0:01:52 15. 0:02:41 15... 0:01:45 16. 0:02:40 16... 0:01:41 17. 0:02:35 17... 0:01:28 18. 0:02:35 18... 0:01:24 19. 0:02:30 19... 0:01:17 20. 0:02:26 20... 0:01:14 21. 0:02:25 21... 0:01:12 22. 0:02:23 22... 0:01:10 23. 0:01:59 23... 0:01:07 24. 0:01:57 24... 0:01:04 25. 0:01:58 25... 0:01:05 26. 0:01:51 26... 0:01:01 27. 0:01:35 27... 0:00:59 28. 0:01:30 28... 0:00:53 29. 0:01:07 29... 0:00:49 30. 0:01:03 30... 0:00:40 31. 0:01:00 31... 0:00:27 32. 0:00:49 32... 0:00:27 33. 0:00:50 33... 0:00:22 34. 0:00:47 34... 0:00:22 35. 0:00:48 35... 0:00:22 36. 0:00:48 36... 0:00:21 37. 0:00:49 37... 0:00:12 38. 0:00:50 38... 0:00:13 39. 0:00:48 39... 0:00:12 40. 0:00:49 40... 0:00:12 41. 0:00:43 41... 0:00:11 42. 0:00:44 42... 0:00:10 43. 0:00:44 43... 0:00:10 44. 0:00:43 44... 0:00:10 45. 0:00:41,
Rated Blitz game,https://lichess.org/Hs0ouVS0,2024.08.01,-,bluez_the,RufusVacman,1-0,2024.08.01,00:00:18,1464,1492,,,B13,Caro-Kann Defense: Exchange Variation,180+2,Normal,"1. e4 1... c6 2. d4 2... d5 3. exd5 3... cxd5 4. Nf3 4... Bg4 5. h3 5... Bxf3 6. Qxf3 6...
Nf6 7. Bb5 7... Nc6 8. Nc3 8... e6 9. Bg5 9... Be7 10. O-O-O 10... a6 11. Bd3 11... b5 12.
Be3 12... Qb6 13. g4 13... Nxd4 14. Bxd4 14... Qxd4 15. Bxb5 15... axb5 16. Rxd4 16... Bc5 17. Rf4 17... b4 18. Rxf6 18... gxf6 19. Qxf6 19... O-O 20. Ne2 20... Rxa2 21.
Kd2 21... Re8 22. Nf4 22... Be7 23. Qh6 23... Bf8 24. Qg5 24... Bg7 25.
Nh5",1. 0:03:00 1... 0:03:00 2. 0:03:00 2... 0:03:02 3. 0:03:02 3... 0:03:03 4. 0:03:01 4... 0:03:04 5. 0:03:01 5... 0:03:05 6. 0:03:01 6... 0:03:07 7. 0:02:59 7... 0:03:08 8. 0:02:59 8... 0:03:09 9. 0:02:59 9... 0:03:10 10. 0:02:53 10... 0:03:10 11. 0:02:49 11... 0:03:09 12. 0:02:31 12... 0:03:00 13. 0:02:29 13... 0:02:56 14. 0:02:25 14... 0:02:56 15. 0:02:26 15... 0:02:52 16. 0:02:28 16... 0:02:49 17. 0:02:26 17... 0:02:48 18. 0:02:26 18... 0:02:48 19. 0:02:26 19... 0:02:43 20. 0:01:54 20... 0:02:27 21. 0:01:55 21... 0:02:08 22. 0:01:54 22... 0:02:00 23. 0:01:51 23... 0:01:56 24. 0:01:47 24... 0:01:51 25. 0:01:48,
Rated Blitz game,https://lichess.org/IoHOBwXD,2024.08.01,-,Jszx,Pecas2412,1-0,2024.08.01,00:00:18,1876,1872,,,C44,"Scotch Game: Scotch Gambit, Kingside Variation",180+2,Normal,"1. e4 1... e5 2. Nf3 2... Nc6 3. d4 3... exd4 4. Bc4 4... Nf6 5. e5 5... Ng4 6. Bf4 6...
Bc5 7. c3 7... d5 8.
Bb5 8... Bd7 9. Bxc6 9... Bxc6 10. cxd4 10... Bb6 11. O-O 11... Qe7 12.
Nc3 12... a6 13. Re1 13... O-O-O 14. Bg5 14... Qe6 15. Bxd8 15... Rxd8 16. a4 16... f6 17. exf6 17... Qxf6 18. b4 18... Be8 19. a5 19... Ba7 20. b5 20... axb5 21.
Nxd5 21... Rxd5 22. Rxe8 22... Rd8 23. Rxd8 23... Kxd8 24. h3 24... Nh6 25. Qb3 25... Qc6 26.
Ne5 26... Qe8 27. Qd5 27... Kc8 28. Rc1 28... c6 29. Qd6 29... Nf5 30.
Qb4 30... Bxd4 31. Nf3 31... Qe2 32. Nxd4 32... Qe4 33. Qf8 33... Kc7 34.
Nxf5 34... Qb4 35. Qxb4",1. 0:03:00 1... 0:03:00 2. 0:03:01 2... 0:03:01 3. 0:03:02 3... 0:03:02 4. 0:03:03 4... 0:03:02 5. 0:03:04 5... 0:03:02 6. 0:03:01 6... 0:03:00 7. 0:03:00 7... 0:02:47 8. 0:02:57 8... 0:02:33 9. 0:02:51 9... 0:02:32 10. 0:02:53 10... 0:02:31 11. 0:02:46 11... 0:02:29 12. 0:02:38 12... 0:02:26 13. 0:02:23 13... 0:02:27 14. 0:02:23 14... 0:02:19 15. 0:02:19 15... 0:02:20 16. 0:02:17 16... 0:02:18 17. 0:02:13 17... 0:02:19 18. 0:02:11 18... 0:02:05 19. 0:02:06 19... 0:02:03 20. 0:02:07 20... 0:01:59 21. 0:01:46 21... 0:01:41 22. 0:01:46 22... 0:01:42 23. 0:01:31 23... 0:01:42 24. 0:01:32 24... 0:01:30 25. 0:01:27 25... 0:01:22 26. 0:01:13 26... 0:01:11 27. 0:00:43 27... 0:01:10 28. 0:00:38 28... 0:00:58 29. 0:00:35 29... 0:00:55 30. 0:00:31 30... 0:00:51 31. 0:00:27 31... 0:00:30 32. 0:00:18 32... 0:00:18 33. 0:00:17 33... 0:00:19 34. 0:00:14 34... 0:00:15 35. 0:00:09,
Rated Blitz game,https://lichess.org/yR9sP2U2,2024.08.01,-,maalam-mustafa,Bassnikov,0-1,2024.08.01,00:00:18,984,983,,,C41,Philidor Defense,180+2,Time forfeit,"1. e4 1... e5 2. Nf3 2... d6 3. Nc3 3... Nc6 4. Bb5 4... g6 5.
Bxc6 5... bxc6 6. d3 6... Bg7 7. Bg5 7... f6 8. Bh4 8... g5 9. Bg3 9... g4 10. Nh4 10...
c5 11. Nf5 11... Bxf5 12. exf5 12... Nh6 13. O-O 13... Qd7 14. Nd5 14... O-O 15. Re1 15... c6 16. Ne3 16... d5 17.
a3 17... d4 18. Nc4 18... Rab8 19. b3 19... a6 20. a4 20... Nf7 21.
Rb1 21... Qxf5 22. Qe2 22... h5 23. a5 23... Rb5 24. Ra1 24... Rd8 25.
Na3 25... Rxa5 26. Nc4 26... Rb5 27. Rxa6 27... Rc8 28. Na3 28... Rb4 29.
Nc4 29... Qd7 30. Nb2 30... Qb7 31. Qe3 31... Qxa6 32. Qe2 32... Qa2 33.
Nc4 33... Nd8 34. h3 34... Qa6 35. hxg4 35... hxg4 36. Bh4 36... Rc7 37.
Qxg4 37... Qa2 38. Bxf6 38... Ne6 39. Nd6 39... Qxc2 40. Ne4 40... Qxd3",1. 0:03:00 1... 0:03:00 2. 0:03:00 2... 0:03:01 3. 0:02:58 3... 0:03:03 4. 0:02:56 4... 0:03:03 5. 0:02:56 5... 0:03:04 6. 0:02:55 6... 0:03:05 7. 0:02:54 7... 0:03:03 8. 0:02:55 8... 0:03:01 9. 0:02:49 9... 0:03:02 10. 0:02:42 10... 0:02:50 11. 0:02:42 11... 0:02:28 12. 0:02:40 12... 0:02:27 13. 0:02:33 13... 0:02:24 14. 0:02:06 14... 0:01:50 15. 0:01:52 15... 0:01:47 16. 0:01:48 16... 0:01:37 17. 0:01:38 17... 0:01:37 18. 0:01:34 18... 0:01:21 19. 0:01:30 19... 0:01:18 20. 0:01:29 20... 0:00:58 21. 0:01:20 21... 0:00:58 22. 0:00:56 22... 0:00:52 23. 0:00:46 23... 0:00:46 24. 0:00:31 24... 0:00:45 25. 0:00:30 25... 0:00:43 26. 0:00:29 26... 0:00:36 27. 0:00:27 27... 0:00:31 28. 0:00:22 28... 0:00:29 29. 0:00:21 29... 0:00:25 30. 0:00:18 30... 0:00:26 31. 0:00:12 31... 0:00:25 32. 0:00:11 32... 0:00:26 33. 0:00:08 33... 0:00:21 34. 0:00:09 34... 0:00:17 35. 0:00:09 35... 0:00:18 36. 0:00:09 36... 0:00:17 37. 0:00:09 37... 0:00:16 38. 0:00:09 38... 0:00:16 39. 0:00:08 39... 0:00:14 40. 0:00:08 40... 0:00:13,
Rated Blitz game,https://lichess.org/O63VIsM3,2024.08.01,-,funmak,Wong_Jowo99,1-0,2024.08.01,00:00:18,1970,1937,,,B12,Caro-Kann Defense,180+2,Normal,"1. e4 1... c6 2. d4 2... b5 3. f4 3... a5 4. Nf3 4... e6 5. Bd3 5... Qb6 6. O-O 6... d5 7. e5 7... Ne7 8. Be3 8... g6 9. Nbd2 9...
Nf5 10. Bf2 10... Bb7 11. c3 11... Nd7 12. g4 12... Ng7 13. Qc2 13... c5 14. Rac1 14... c4 15. Be2 15... Be7 16.
b3 16... Rc8 17. bxc4 17... dxc4 18. Ne4 18... Ba6 19. Nfg5 19... h6 20.
Nf3 20... O-O 21. Qd2 21... Qb7 22. Qc2 22... b4 23. cxb4 23... axb4 24. Nh4 24... b3 25. axb3 25... cxb3 26. Bxa6 26... Qxa6 27. Qxb3 27... Rb8 28. Qf3 28... Qa4 29.
Rc7 29... Rb3 30. Qg2 30... Bxh4 31. Bxh4 31... Qxd4 32. Bf2 32... Qd3 33.
Rxd7 33... Qxd7 34. Nf6",1. 0:03:00 1... 0:03:00 2. 0:02:55 2... 0:03:01 3. 0:02:54 3... 0:03:02 4. 0:02:55 4... 0:03:01 5. 0:02:56 5... 0:02:58 6. 0:02:47 6... 0:02:57 7. 0:02:46 7... 0:02:57 8. 0:02:48 8... 0:02:57 9. 0:02:44 9... 0:02:57 10. 0:02:44 10... 0:02:44 11. 0:02:45 11... 0:02:42 12. 0:02:37 12... 0:02:42 13. 0:02:28 13... 0:02:43 14. 0:02:21 14... 0:02:41 15. 0:02:19 15... 0:02:30 16. 0:02:20 16... 0:02:24 17. 0:02:18 17... 0:02:12 18. 0:02:19 18... 0:02:03 19. 0:02:10 19... 0:02:00 20. 0:02:10 20... 0:01:53 21. 0:01:54 21... 0:01:41 22. 0:01:43 22... 0:01:39 23. 0:01:40 23... 0:01:40 24. 0:01:30 24... 0:01:40 25. 0:01:25 25... 0:01:39 26. 0:01:20 26... 0:01:37 27. 0:01:20 27... 0:01:34 28. 0:01:14 28... 0:01:24 29. 0:01:07 29... 0:01:22 30. 0:01:01 30... 0:01:08 31. 0:01:00 31... 0:01:10 32. 0:00:56 32... 0:01:07 33. 0:00:39 33... 0:01:07 34. 0:00:40,
Rated Blitz game,https://lichess.org/m8Nv1xoD,2024.08.01,-,CaptainColls,TvuTToomm,1-0,2024.08.01,00:00:18,2114,2075,,,C77,"Ruy Lopez: Morphy Defense, Anderssen Variation",180+2,Normal,"1. e4 1... e5 2. Nf3 2... Nc6 3. Bb5 3... a6 4. Ba4 4... Nf6 5. d3 5... Be7 6. Bxc6 6...
dxc6 7. Nxe5 7... O-O 8. O-O 8... Be6 9. Nc3 9... Bd6 10. Nf3 10... Re8 11. e5",1. 0:03:00 1... 0:03:00 2. 0:03:01 2... 0:03:00 3. 0:02:59 3... 0:02:59 4. 0:03:00 4... 0:02:59 5. 0:03:01 5... 0:02:59 6. 0:03:02 6... 0:02:59 7. 0:03:03 7... 0:02:58 8. 0:03:04 8... 0:02:58 9. 0:03:05 9... 0:02:58 10. 0:03:00 10... 0:02:59 11. 0:02:58,
Rated Blitz game,https://lichess.org/2fa5fdwX,2024.08.01,-,Kalinovski,Pokimon220995,1-0,2024.08.01,00:00:18,1919,1887,,,A30,English Opening: Symmetrical Variation,180+2,Time forfeit,"1. c4 1... c5 2. d4 2... cxd4 3. Nf3 3... g6 4. Nxd4 4... Bg7 5. e3 5... Nf6 6. Nc3 6...
O-O 7. Be2 7... Nc6 8.
O-O 8... d6 9. Nd5 9... Bd7 10. Nxf6 10... Bxf6 11. Rb1 11... Rc8 12.
a3 12... a6 13. b4 13... Ne5 14. Qb3 14... Bg7 15. f4 15... Nc6 16.
Rd1 16... Qe8 17. b5 17... Nxd4 18. exd4 18... axb5 19. cxb5 19... Be6 20.
Qf3 20... Qd7 21. b6 21... Qa4 22. Rb4 22... Qc2 23. Bd3 23... Qc3 24.
Bb2 24... Qc6 25. Qxc6 25... Rxc6 26. Be4 26... Rc4 27. Bxb7 27... Rxb4 28. axb4 28... Rb8 29. Bf3 29... Rxb6 30. Bc3 30... Bb3 31. Rc1 31... d5 32. Kf2 32... e6 33.
Ke3 33... Bf8 34. Rb1 34... Bc4 35. Bd1 35... Ra6 36. b5 36... Ra3 37.
Kd2 37... Bd6 38. b6 38... Bxf4 39. Kc2 39... Ra8 40. b7 40... Rb8 41.
g3 41... Bd6 42. Ba5 42... Kf8 43. Kc3 43... Ke7 44. Ba4 44... Ba6 45.
Bc6",1. 0:03:00 1... 0:03:00 2. 0:02:57 2... 0:03:01 3. 0:02:58 3... 0:02:59 4. 0:02:59 4... 0:03:00 5. 0:03:00 5... 0:03:01 6. 0:03:01 6... 0:03:02 7. 0:03:00 7... 0:03:04 8. 0:03:01 8... 0:03:05 9. 0:02:59 9... 0:03:04 10. 0:02:59 10... 0:03:04 11. 0:02:59 11... 0:03:04 12. 0:02:59 12... 0:03:05 13. 0:02:59 13... 0:02:35 14. 0:02:49 14... 0:01:41 15. 0:02:45 15... 0:01:41 16. 0:02:38 16... 0:01:39 17. 0:02:37 17... 0:01:38 18. 0:02:39 18... 0:01:40 19. 0:02:40 19... 0:01:35 20. 0:02:34 20... 0:01:32 21. 0:02:30 21... 0:01:19 22. 0:02:10 22... 0:01:17 23. 0:02:06 23... 0:01:10 24. 0:01:57 24... 0:00:56 25. 0:01:48 25... 0:00:56 26. 0:01:49 26... 0:00:33 27. 0:01:47 27... 0:00:29 28. 0:01:47 28... 0:00:29 29. 0:01:42 29... 0:00:30 30. 0:01:43 30... 0:00:28 31. 0:01:41 31... 0:00:27 32. 0:01:37 32... 0:00:28 33. 0:01:38 33... 0:00:29 34. 0:01:35 34... 0:00:30 35. 0:01:23 35... 0:00:25 36. 0:01:07 36... 0:00:23 37. 0:01:05 37... 0:00:19 38. 0:01:05 38... 0:00:19 39. 0:01:04 39... 0:00:14 40. 0:01:02 40... 0:00:15 41. 0:01:03 41... 0:00:15 42. 0:00:59 42... 0:00:10 43. 0:00:59 43... 0:00:10 44. 0:00:53 44... 0:00:08 45. 0:00:54,
Rated Blitz game,https://lichess.org/8PlLMecy,2024.08.01,-,mlodyziemiunio,High_Sky95,0-1,2024.08.01,00:00:18,994,1077,,,C45,Scotch Game,180+2,Time forfeit,"1. e4 1... e5 2. Nf3 2... Nc6 3. d4 3... exd4 4. Nxd4 4... d6 5.
Nxc6 5... bxc6 6. e5 6... Be7 7. Nc3 7... Bd7 8. Bd3 8... dxe5 9.
Qe2 9... Bd6 10. Ne4 10... Ne7 11. Ng5 11... O-O 12. Qh5 12... h6 13.
Ne4 13... Ng6 14. Nf6 14... Qxf6 15. Bxh6 15... gxh6 16. Qxh6 16... Qg7 17.
Qh3 17... Bxh3 18. gxh3 18... c5 19. Rg1 19...
Qh6 20. Bxg6 20... fxg6 21. Kd1 21... Qxh3 22.
Rxg6 22... Kh7 23. Rg3 23... Qf5 24. c3 24...
Qxf2 25. Rh3 25... Kg6 26. Rg3 26... Kf7 27.
b4 27... cxb4 28. cxb4 28... Bxb4 29. Rb1 29... Qd4 30. Ke2 30... a5 31.
Kf3 31... Qd3 32. Kg4 32... Qxb1 33. Rf3 33... Ke7 34. Re3 34... Rg8 35.
Kf3 35... Raf8 36. Ke2 36... Qxa2 37. Kd3 37... Qa3 38. Ke4 38... Qxe3 39. Kxe3 39... Rg4 40.
h3 40... Rh4 41. Kd3 41... Rxh3 42. Kc4 42... c5",1. 0:03:00 1... 0:03:00 2. 0:03:01 2... 0:02:55 3. 0:03:01 3... 0:02:38 4. 0:02:59 4... 0:02:39 5. 0:02:53 5... 0:02:40 6. 0:02:52 6... 0:02:19 7. 0:02:47 7... 0:02:20 8. 0:02:39 8... 0:01:21 9. 0:02:36 9... 0:00:57 10. 0:02:34 10... 0:00:18 11. 0:02:31 11... 0:00:17 12. 0:02:29 12... 0:00:18 13. 0:02:26 13... 0:00:17 14. 0:02:17 14... 0:00:14 15. 0:02:05 15... 0:00:10 16. 0:02:05 16... 0:00:11 17. 0:01:49 17... 0:00:10 18. 0:01:25 18... 0:00:10 19. 0:01:13 19... 0:00:09 20. 0:01:14 20... 0:00:08 21. 0:01:07 21... 0:00:08 22. 0:01:05 22... 0:00:08 23. 0:01:03 23... 0:00:02 24. 0:00:49 24... 0:00:03 25. 0:00:40 25... 0:00:03 26. 0:00:40 26... 0:00:03 27. 0:00:35 27... 0:00:04 28. 0:00:36 28... 0:00:04 29. 0:00:21 29... 0:00:05 30. 0:00:21 30... 0:00:06 31. 0:00:21 31... 0:00:05 32. 0:00:21 32... 0:00:06 33. 0:00:16 33... 0:00:07 34. 0:00:16 34... 0:00:07 35. 0:00:16 35... 0:00:07 36. 0:00:08 36... 0:00:07 37. 0:00:07 37... 0:00:08 38. 0:00:06 38... 0:00:09 39. 0:00:08 39... 0:00:08 40. 0:00:08 40... 0:00:09 41. 0:00:08 41... 0:00:10 42. 0:00:09 42... 0:00:11,
Rated Blitz game,https://lichess.org/q7xqetSx,2024.08.01,-,arashtemsaf,draco041372,0-1,2024.08.01,00:00:18,1779,1815,,,A00,Polish Opening: Bugayev Attack,180+2,Normal,"1. b4 1... e5 2. a3 2... d5 3. Bb2 3... Bd6 4. d4 4... e4 5. g3 5... Nf6 6. e3 6... b6 7. Bg2 7... Bb7 8. Ne2 8... O-O 9. O-O 9...
Nbd7 10. Nf4 10... Bxf4 11. gxf4 11... c6 12.
Nd2 12... b5 13. f3 13... Re8 14. fxe4 14... Nxe4 15. Nxe4 15... dxe4 16. d5 16... cxd5 17. Qg4 17... f6 18. Rad1 18... Nb6 19. h4 19... Nc4 20. Bd4 20... Qc8 21.
Qg3 21... Nxa3 22. Bxf6 22... Qd7 23. Bxe4 23... Rxe4 24. Kg2 24... Nxc2 25. Rf3 25... Rae8 26.
Kh2 26... Nxe3 27. Rg1 27... Nf5 28. Qg5 28... Re2 29. Kh3 29... R2e3 30.
Qxg7 30... Qxg7 31. Rxg7 31... Nxg7 32. Bxg7 32... Rxf3 33. Kg4 33... Kxg7",1. 0:03:00 1... 0:03:00 2. 0:03:00 2... 0:02:59 3. 0:03:01 3... 0:02:57 4. 0:03:02 4... 0:02:57 5. 0:03:02 5... 0:02:56 6. 0:03:03 6... 0:02:56 7. 0:03:04 7... 0:02:51 8. 0:03:04 8... 0:02:51 9. 0:03:05 9... 0:02:47 10. 0:03:02 10... 0:02:45 11. 0:02:56 11... 0:02:45 12. 0:02:54 12... 0:02:45 13. 0:02:54 13... 0:02:44 14. 0:02:31 14... 0:02:17 15. 0:02:31 15... 0:02:18 16. 0:02:24 16... 0:02:14 17. 0:02:24 17... 0:01:59 18. 0:02:20 18... 0:01:56 19. 0:01:59 19... 0:01:56 20. 0:01:55 20... 0:01:41 21. 0:01:46 21... 0:01:32 22. 0:01:45 22... 0:01:03 23. 0:01:45 23... 0:01:02 24. 0:01:29 24... 0:00:53 25. 0:01:24 25... 0:00:42 26. 0:01:22 26... 0:00:38 27. 0:01:13 27... 0:00:34 28. 0:01:10 28... 0:00:28 29. 0:01:06 29... 0:00:25 30. 0:01:03 30... 0:00:25 31. 0:01:03 31... 0:00:26 32. 0:01:02 32... 0:00:25 33. 0:01:02 33... 0:00:23,
Rated Blitz game,https://lichess.org/Rk9CjpRB,2024.08.01,-,tuzman,calopel,1-0,2024.08.01,00:00:26,1931,1914,,,C00,French Defense: Schlechter Variation,180+2,Normal,"1. e4 1... e6 2. d4 2... d5 3. Bd3 3... Nf6 4. e5 4... Nfd7 5. Nf3 5... c5 6. c3 6... Nc6 7. O-O 7... Be7 8. Be3 8... O-O 9. Bc2 9...
c4 10. b3 10... Re8 11. bxc4 11... dxc4 12. h3 12... b5 13. Nh2 13...
Bb7 14. f4 14... Nf8 15. f5 15... exf5 16. Bxf5 16... Bg5 17. Qd2 17... Bxe3 18. Qxe3 18... Na5 19. Na3 19... Qd5 20.
Rf2 20... Ne6 21. Re1 21... Rad8 22. Nc2 22... Nc6 23. Ng4 23... a5 24.
Qg3 24... Kh8 25. Qh4 25... Nf8 26. Be4 26... Qe6 27. d5 27... Rxd5 28.
Bxd5 28... Qxd5 29. Nce3 29... Qe4 30. Rxf7 30... Nxe5 31. Nxe5 31... Qxe5 32. Qf4 32... Qxf4 33.
Rxf4 33... Ng6 34. Rf2 34... b4 35. cxb4 35... axb4 36. Rfe2 36... c3 37.
Nc2 37... Rg8 38. Re8 38... Bd5 39. Rxg8 39... Kxg8 40. Nxb4 40... Bc4 41.
Re8 41... Kf7 42. Rc8 42... Be6 43. Rxc3 43... Ne5 44. Rc7 44... Kf6 45.
Ra7 45... Nc4 46. Nc6 46... Bd5 47. Ra6 47... Kf5 48. Nd4 48... Ke4 49.
Ne2 49... Kd3 50. Nf4 50... Ke4 51. Nxd5 51... Kxd5 52. Ra7 52... g5 53.
Rxh7 53... Ke5 54. Rg7 54... Kf4 55. Kf2 55... Nd6 56. g3 56... Kf5 57.
Kf3 57... Nc4 58. Rf7 58... Ke6 59. Rc7 59... Ne5 60. Kg2 60... Kd6 61.
Ra7 61... Nd3 62. Kf3 62... Ne1 63. Kg4 63... Nd3 64. Kxg5 64... Ne5 65.
Kf6 65... Nd3 66. g4",1. 0:03:00 1... 0:03:00 2. 0:03:01 2... 0:03:02 3. 0:03:00 3... 0:03:01 4. 0:02:56 4... 0:03:01 5. 0:02:55 5... 0:03:02 6. 0:02:56 6... 0:03:02 7. 0:02:57 7... 0:02:54 8. 0:02:51 8... 0:02:51 9. 0:02:40 9... 0:02:52 10. 0:02:34 10... 0:02:48 11. 0:02:36 11... 0:02:48 12. 0:02:22 12... 0:02:48 13. 0:02:22 13... 0:02:46 14. 0:02:21 14... 0:02:47 15. 0:02:17 15... 0:02:46 16. 0:02:15 16... 0:02:45 17. 0:01:55 17... 0:02:45 18. 0:01:57 18... 0:02:45 19. 0:01:36 19... 0:02:40 20. 0:01:17 20... 0:02:35 21. 0:01:12 21... 0:02:28 22. 0:01:10 22... 0:02:27 23. 0:00:49 23... 0:02:20 24. 0:00:31 24... 0:01:44 25. 0:00:30 25... 0:01:41 26. 0:00:23 26... 0:01:38 27. 0:00:17 27... 0:01:37 28. 0:00:14 28... 0:01:38 29. 0:00:16 29... 0:01:36 30. 0:00:12 30... 0:01:27 31. 0:00:08 31... 0:01:28 32. 0:00:07 32... 0:01:23 33. 0:00:09 33... 0:01:21 34. 0:00:09 34... 0:01:15 35. 0:00:08 35... 0:01:17 36. 0:00:09 36... 0:01:15 37. 0:00:10 37... 0:01:14 38. 0:00:10 38... 0:01:12 39. 0:00:11 39... 0:01:13 40. 0:00:11 40... 0:01:13 41. 0:00:10 41... 0:01:13 42. 0:00:11 42... 0:01:05 43. 0:00:11 43... 0:01:06 44. 0:00:11 44... 0:01:05 45. 0:00:11 45... 0:01:05 46. 0:00:11 46... 0:01:03 47. 0:00:11 47... 0:01:01 48. 0:00:11 48... 0:01:02 49. 0:00:12 49... 0:01:00 50. 0:00:12 50... 0:00:59 51. 0:00:14 51... 0:00:59 52. 0:00:15 52... 0:00:49 53. 0:00:16 53... 0:00:48 54. 0:00:17 54... 0:00:49 55. 0:00:14 55... 0:00:48 56. 0:00:13 56... 0:00:47 57. 0:00:13 57... 0:00:45 58. 0:00:13 58... 0:00:45 59. 0:00:13 59... 0:00:45 60. 0:00:12 60... 0:00:42 61. 0:00:10 61... 0:00:42 62. 0:00:10 62... 0:00:41 63. 0:00:10 63... 0:00:38 64. 0:00:10 64... 0:00:39 65. 0:00:10 65... 0:00:39 66. 0:00:11,
Rated Blitz game,https://lichess.org/3ejZqt7t,2024.08.01,-,iryllr,omarkich,1-0,2024.08.01,00:00:26,1831,1801,,,C62,Ruy Lopez: Steinitz Defense,180+2,Normal,"1. e4 1... e5 2. Nf3 2... Nc6 3. Bb5 3... d6 4. h3 4... Bd7 5. c3 5... Nf6 6. d3 6...
Be7 7. O-O 7... O-O 8.
Re1 8... a6 9. Ba4 9... b5 10. Bc2 10... b4 11. d4 11... exd4 12.
cxd4 12... a5 13. Qd3 13... Na7 14. e5 14... dxe5 15. dxe5 15... Ne8 16.
Qxh7",1. 0:03:00 1... 0:03:00 2. 0:02:57 2... 0:03:01 3. 0:02:57 3... 0:03:00 4. 0:02:58 4... 0:03:01 5. 0:02:59 5... 0:03:01 6. 0:02:59 6... 0:03:01 7. 0:02:58 7... 0:03:02 8. 0:02:59 8... 0:03:03 9. 0:03:00 9... 0:03:05 10. 0:03:01 10... 0:03:02 11. 0:02:59 11... 0:03:03 12. 0:03:00 12... 0:02:58 13. 0:03:01 13... 0:02:50 14. 0:03:02 14... 0:02:51 15. 0:03:02 15... 0:02:42 16. 0:03:00,
Rated Blitz game,https://lichess.org/4GsAjfk1,2024.08.01,-,juanchokpo2017,dzeko_07,0-1,2024.08.01,00:00:26,1345,1347,,,C47,Four Knights Game,180+2,Normal,"1. e4 1... e5 2. Nf3 2... Nc6 3. Nc3 3... Nf6 4. d3 4... Bd6 5. Bg5 5... O-O 6. Be2 6...
h6 7. Bh4 7... Be7 8.
O-O 8... Nh5 9. Bxe7 9... Qxe7 10. Nd2 10... Nf4 11. Bf3 11... Nd4 12.
Nd5 12... Nxd5 13. exd5 13... c6 14. Be4 14...
f5 15. Bf3 15... e4 16. dxe4 16... fxe4 17. Bxe4 17... Rf4 18. Re1 18... Qd6 19. g3 19... Rf6 20. dxc6 20... dxc6 21. Nc4 21... Qc5 22. Nd2 22... Bf5 23. Bxf5 23... Nxf5 24. Ne4 24... Qe5 25. Nxf6 25... Qxf6 26. c3 26... Rd8 27. Qe2 27... Kh7 28. Qe4 28... g6 29. Qe6 29... Qg5 30. Qe7 30... Nxe7 31. h4 31... Qf6",1. 0:03:00 1... 0:03:00 2. 0:03:00 2... 0:03:01 3. 0:03:01 3... 0:03:02 4. 0:03:03 4... 0:03:03 5. 0:03:04 5... 0:03:03 6. 0:03:02 6... 0:03:04 7. 0:03:03 7... 0:03:04 8. 0:03:03 8... 0:03:05 9. 0:03:04 9... 0:03:05 10. 0:03:01 10... 0:03:05 11. 0:03:00 11... 0:03:04 12. 0:02:54 12... 0:03:02 13. 0:02:56 13... 0:03:03 14. 0:02:53 14... 0:02:59 15. 0:02:50 15... 0:02:49 16. 0:02:49 16... 0:02:50 17. 0:02:43 17... 0:02:37 18. 0:02:36 18... 0:02:25 19. 0:02:31 19... 0:02:11 20. 0:02:26 20... 0:02:11 21. 0:02:19 21... 0:02:07 22. 0:02:03 22... 0:02:07 23. 0:02:03 23... 0:02:05 24. 0:02:02 24... 0:01:41 25. 0:02:03 25... 0:01:42 26. 0:01:56 26... 0:01:40 27. 0:01:56 27... 0:01:37 28. 0:01:54 28... 0:01:26 29. 0:01:51 29... 0:01:21 30. 0:01:51 30... 0:01:21 31. 0:01:52 31... 0:01:18,
Rated Blitz game,https://lichess.org/Dbnihlhb,2024.08.01,-,A1B3RTdGREAT,amarmohanty,0-1,2024.08.01,00:00:26,1529,1532,,,C30,King's Gambit Declined: Queen's Knight Defense,180+2,Normal,"1. e4 1... e5 2. f4 2... Nc6 3. Nf3 3... Bc5 4. fxe5 4... Nxe5 5.
d4 5... Nxf3 6. Qxf3 6... Bxd4 7. Bc4 7... Qe7 8. c3 8... Be5 9. O-O 9... Nf6 10. Kh1 10...
c6 11. Bg5 11... h6 12. Bh4 12... d6 13. Nd2 13... Be6 14. Be2 14... O-O 15. Bd3 15... b5 16. Rac1 16... Kh7 17.
b3 17... Kh8 18. c4 18... a6 19. Rce1 19... Bxh2 20. Bxf6 20... gxf6 21. Kxh2 21... Rg8 22. Qxf6 22... Qxf6 23. Rxf6 23... Kg7 24. Ref1 24... Rae8 25. Nf3 25... bxc4 26.
Bxc4 26... Kxf6 27. Nd4 27... Kg7 28. Nxc6 28... Rgf8 29. Bxa6 29... Ra8 30. Nb4 30... Rfb8 31.
Bc4 31... Rxb4 32. Bxe6 32... fxe6 33. g3 33... Rxa2",1. 0:03:00 1... 0:03:00 2. 0:03:00 2... 0:03:00 3. 0:03:01 3... 0:02:53 4. 0:02:53 4... 0:02:49 5. 0:02:42 5... 0:02:48 6. 0:02:36 6... 0:02:48 7. 0:02:37 7... 0:02:46 8. 0:02:36 8... 0:02:43 9. 0:02:34 9... 0:02:42 10. 0:02:15 10... 0:02:39 11. 0:02:15 11... 0:02:35 12. 0:02:13 12... 0:02:33 13. 0:02:11 13... 0:02:28 14. 0:02:04 14... 0:02:24 15. 0:01:50 15... 0:02:22 16. 0:01:43 16... 0:02:13 17. 0:01:42 17... 0:02:05 18. 0:01:31 18... 0:02:05 19. 0:01:29 19... 0:01:37 20. 0:01:19 20... 0:01:34 21. 0:01:15 21... 0:01:31 22. 0:01:10 22... 0:01:31 23. 0:01:12 23... 0:01:31 24. 0:01:05 24... 0:01:25 25. 0:01:04 25... 0:01:13 26. 0:00:42 26... 0:01:12 27. 0:00:37 27... 0:01:06 28. 0:00:37 28... 0:00:57 29. 0:00:32 29... 0:00:51 30. 0:00:27 30... 0:00:48 31. 0:00:08 31... 0:00:44 32. 0:00:08 32... 0:00:45 33. 0:00:08 33... 0:00:44,
Rated Blitz game,https://lichess.org/dTQ35Tl8,2024.08.01,-,Natali2298,traskular,0-1,2024.08.01,00:00:26,705,747,,,A45,Indian Defense,180+2,Normal,"1. d4 1... Nf6 2. e3 2... g6 3. c3 3... Bg7 4. Nf3 4... O-O 5. Nbd2 5... Nc6 6. Bd3 6... d5 7. b3 7...
Bg4 8. Bb2 8... Bxf3 9. gxf3 9... e6 10. e4 10... Re8 11. exd5 11... exd5 12. Kf1 12... Qd6 13. c4 13... Rad8 14. cxd5 14... Nxd5 15. Ne4 15... Qf4 16. Bc1 16...
Ne3 17. fxe3 17... Qh4 18.
Nc5 18... Nxd4 19. exd4 19... Bxd4 20. Nxb7 20... Qf2",1. 0:03:00 0. 0:03:00 1... 0:03:02 0. 0:03:00 2. 0:03:04 0. 0:03:02 2... 0:03:05 0. 0:03:03 3. 0:03:06 0. 0:03:02 3... 0:03:08 0. 0:03:01 4. 0:03:09 0. 0:03:01 4... 0:03:11 0. 0:03:00 5. 0:03:12 0. 0:02:57 5... 0:03:08 0. 0:02:55 6. 0:03:07 0. 0:02:51 6... 0:02:54 0. 0:02:44 7. 0:02:52 0. 0:02:29 7... 0:02:49 0. 0:02:30 8. 0:02:48 0. 0:02:20 8... 0:02:44 0. 0:02:03 9. 0:02:44 0. 0:01:53 9... 0:02:35 0. 0:01:42 10. 0:02:27 2. 0:01:35 10... 0:02:26 1. 0:01:26,
Rated Blitz game,https://lichess.org/8SWXKZ3f,2024.08.01,-,impulse101,Orxannt,0-1,2024.08.01,00:00:26,1443,1491,,,B30,Sicilian Defense: Old Sicilian,180+2,Time forfeit,"1. e4 1... c5 2. Nf3 2... Nc6 3. Bc4 3... e6 4. d3 4... d5 5. exd5 5... exd5 6. Bb5 6...
Bd7 7. O-O 7... Nf6 8.
h3 8... Be7 9. Nc3 9... O-O 10. Bxc6 10... Bxc6 11. Ne5 11... Be8 12.
Bg5 12... h6 13. Bh4 13... Qd6 14. Bg3 14... Qb6 15. Rb1 15... Bd6 16.
Ne2 16... Bb5 17. c4 17... dxc4 18. dxc4 18... Bc6 19. Nxc6 19... Qxc6 20. Bxd6 20... Rfd8 21. Nf4 21... Rxd6",1. 0:03:00 1... 0:03:00 2. 0:03:01 2... 0:02:59 3. 0:03:02 3... 0:03:00 4. 0:03:02 4... 0:03:00 5. 0:03:03 5... 0:03:02 6. 0:03:04 6... 0:03:00 7. 0:03:03 7... 0:03:00 8. 0:03:04 8... 0:03:01 9. 0:03:05 9... 0:02:59 10. 0:03:03 10... 0:03:00 11. 0:03:04 11... 0:02:49 12. 0:03:02 12... 0:02:48 13. 0:03:00 13... 0:02:48 14. 0:02:59 14... 0:02:39 15. 0:02:56 15... 0:02:36 16. 0:02:43 16... 0:02:20 17. 0:02:25 17... 0:02:07 18. 0:02:25 18... 0:02:00 19. 0:02:24 19... 0:02:02 20. 0:02:22 20... 0:01:57 21. 0:02:15 21... 0:01:53,
Rated Blitz game,https://lichess.org/PerW67wr,2024.08.01,-,QangaliTakugakkit,Ryjt13,1-0,2024.08.01,00:00:26,1407,1404,,,B30,Sicilian Defense: Old Sicilian,180+2,Normal,"1. e4 1... c5 2. Nf3 2... Nc6 3. Bc4 3... e6 4. Bb5 4... a6 5. Bxc6 5... dxc6 6. O-O 6...
b5 7. d4 7... Nf6 8.
e5 8... Nd5 9. Nc3 9... Bb7 10. Ng5 10... h6 11. Qh5 11... g6 12.
Qh3 12... Bg7 13. Nf3 13... cxd4 14. Nxd4 14... c5 15. Nxd5 15... Qxd5 16. Nf3 16... Bxe5 17. Nxe5 17... Qxe5 18. Be3 18... g5 19. Rae1 19... Qxb2 20. Bxc5 20... Qxc2 21. Qe3 21... Qf5 22. Bd4 22... Rd8 23. Bxh8 23... Bxg2 24. Kxg2 24... Qg4 25. Kh1 25... Ke7 26.
Bc3 26... f5 27. Qc5 27... Ke8 28. Rxe6 28... Kd7 29. Qc6",1. 0:03:00 1... 0:03:00 2. 0:03:01 2... 0:03:02 3. 0:03:01 3... 0:02:59 4. 0:03:01 4... 0:02:59 5. 0:03:01 5... 0:03:01 6. 0:02:59 6... 0:03:02 7. 0:02:56 7... 0:03:01 8. 0:02:54 8... 0:03:01 9. 0:02:47 9... 0:02:58 10. 0:02:36 10... 0:02:57 11. 0:02:18 11... 0:02:56 12. 0:02:11 12... 0:02:55 13. 0:02:06 13... 0:02:48 14. 0:02:05 14... 0:02:48 15. 0:01:58 15... 0:02:44 16. 0:01:57 16... 0:02:43 17. 0:01:44 17... 0:02:45 18. 0:01:39 18... 0:02:34 19. 0:01:28 19... 0:02:33 20. 0:01:26 20... 0:02:31 21. 0:01:25 21... 0:02:16 22. 0:01:21 22... 0:02:07 23. 0:01:18 23... 0:02:07 24. 0:01:14 24... 0:02:07 25. 0:01:14 25... 0:02:08 26. 0:01:09 26... 0:02:01 27. 0:01:06 27... 0:01:58 28. 0:01:01 28... 0:01:52 29. 0:00:52,
Rated Blitz game,https://lichess.org/X3wFNES2,2024.08.01,-,HAPT61,LordCommander64,0-1,2024.08.01,00:00:26,2356,2227,,,A45,Trompowsky Attack: Edge Variation,180+2,Time forfeit,"1. d4 1... Nf6 2. Bg5 2... Ne4 3. Bh4 3... d5 4. f3 4... Nd6 5. Nc3 5... c6 6. e4 6... Qb6 7. a3 7... e6 8. e5 8... Nf5 9. Bf2 9...
h5 10. b4 10... a5 11.
Na4 11... Qc7 12. c3 12... b6 13. Bd3 13... g6 14. Nb2 14... Ba6 15.
Bxa6 15... Nxa6 16. f4 16... Be7 17. Nf3 17... O-O 18. O-O 18... c5 19.
b5 19... Nb8 20. c4 20... Rd8 21. Qb3 21... cxd4 22. cxd5 22... Rxd5 23. Rac1 23... Bc5 24. Nd3 24... Nd7 25. Rfd1 25... Qd8 26. Nxc5 26... Nxc5 27. Qc4 27... Qd7 28.
Nxd4 28... Nxd4 29. Rxd4 29... Rxd4 30. Bxd4 30... Rc8 31. Bxc5 31... Rxc5 32. Qf1 32... Qxb5 33.
Qxb5 33... Rxb5 34. Rc8 34... Kg7 35. Rb8 35... Rb3 36. a4 36... Rb4 37. g3 37... Rxa4 38.
Rxb6 38... Ra2 39. Ra6 39... a4 40. h3 40... a3 41. Ra7 41... g5 42.
f5 42... exf5 43. e6 43... Re2 44. Rxf7 44... Kg6 45. Ra7 45... Rxe6 46.
Rxa3 46... h4",1. 0:03:00 1... 0:03:00 2. 0:03:01 2... 0:03:00 3. 0:03:02 3... 0:02:51 4. 0:03:03 4... 0:02:50 5. 0:03:04 5... 0:02:44 6. 0:03:04 6... 0:02:29 7. 0:03:04 7... 0:02:22 8. 0:03:02 8... 0:02:22 9. 0:03:03 9... 0:02:15 10. 0:02:30 10... 0:02:14 11. 0:02:25 11... 0:02:13 12. 0:02:18 12... 0:01:55 13. 0:02:14 13... 0:01:54 14. 0:02:03 14... 0:01:03 15. 0:01:57 15... 0:01:03 16. 0:01:58 16... 0:00:59 17. 0:01:58 17... 0:00:55 18. 0:01:57 18... 0:00:52 19. 0:01:46 19... 0:00:52 20. 0:01:12 20... 0:00:43 21. 0:00:59 21... 0:00:41 22. 0:00:54 22... 0:00:40 23. 0:00:52 23... 0:00:39 24. 0:00:39 24... 0:00:37 25. 0:00:20 25... 0:00:37 26. 0:00:11 26... 0:00:37 27. 0:00:12 27... 0:00:23 28. 0:00:11 28... 0:00:24 29. 0:00:11 29... 0:00:17 30. 0:00:11 30... 0:00:12 31. 0:00:09 31... 0:00:12 32. 0:00:10 32... 0:00:12 33. 0:00:07 33... 0:00:14 34. 0:00:05 34... 0:00:14 35. 0:00:06 35... 0:00:15 36. 0:00:07 36... 0:00:16 37. 0:00:07 37... 0:00:17 38. 0:00:08 38... 0:00:18 39. 0:00:08 39... 0:00:19 40. 0:00:07 40... 0:00:16 41. 0:00:07 41... 0:00:09 42. 0:00:03 42... 0:00:08 43. 0:00:05 43... 0:00:06 44. 0:00:04 44... 0:00:05 45. 0:00:03 45... 0:00:04 46. 0:00:03 46... 0:00:03,
Rated Blitz game,https://lichess.org/Sxg54LJe,2024.08.01,-,Mrfrog5k,Golfbuddy2929,0-1,2024.08.01,00:00:26,1520,1516,,,A40,Englund Gambit Complex: Hartlaub-Charlick Gambit,180+2,Normal,"1. d4 1... e5 2. dxe5 2... d6 3. Nf3 3... f6 4. e6 4... Bxe6 5. e3 5... Nc6 6. Bb5 6... Ne7 7. O-O 7... Bg4 8.
Nbd2 8... a6 9. Ba4 9... b5 10. Bb3 10... a5 11. a3 11... Ne5 12.
h3 12... Bh5 13. Qe1 13... Nxf3 14. Nxf3 14... Bxf3 15. gxf3 15... c5 16.
e4 16... Qd7 17. Bf4 17... Ng6 18. Bg3 18... Qxh3 19. Bd5 19... Ra7 20.
b4 20... a4 21. bxc5 21... dxc5 22. Qe3 22... Rc7 23. Qc3 23... Nh4 24.
Bxh4 24... Qxh4 25. Qa5 25... Qg5 26. Kh1 26... Bd6 27. Qxb5 27... Ke7 28. Rg1 28... Qh4 29.
Kg2 29... Qh2 30. Kf1 30... Rd8 31. Ke2 31... Qh6 32. Rg2 32... Be5 33.
Rag1 33... g5 34. Qb6 34... Rcd7 35. Bc6 35... Rd2 36. Ke1 36... Rd1 37.
Ke2 37... R8d2 38. Ke3 38... Bd4",1. 0:03:00 1... 0:03:00 2. 0:03:01 2... 0:02:56 3. 0:02:53 3... 0:02:28 4. 0:02:06 4... 0:02:27 5. 0:02:07 5... 0:02:20 6. 0:02:08 6... 0:02:21 7. 0:02:09 7... 0:02:22 8. 0:02:01 8... 0:02:20 9. 0:01:45 9... 0:02:21 10. 0:01:46 10... 0:02:21 11. 0:01:46 11... 0:02:17 12. 0:01:31 12... 0:02:13 13. 0:01:31 13... 0:02:09 14. 0:01:30 14... 0:02:11 15. 0:01:32 15... 0:02:12 16. 0:00:55 16... 0:02:11 17. 0:00:52 17... 0:02:08 18. 0:00:48 18... 0:02:07 19. 0:00:41 19... 0:02:01 20. 0:00:35 20... 0:01:55 21. 0:00:29 21... 0:01:57 22. 0:00:20 22... 0:01:54 23. 0:00:19 23... 0:01:51 24. 0:00:17 24... 0:01:52 25. 0:00:16 25... 0:01:48 26. 0:00:16 26... 0:01:49 27. 0:00:16 27... 0:01:47 28. 0:00:05 28... 0:01:47 29. 0:00:07 29... 0:01:47 30. 0:00:08 30... 0:01:43 31. 0:00:09 31... 0:01:42 32. 0:00:10 32... 0:01:38 33. 0:00:10 33... 0:01:39 34. 0:00:08 34... 0:01:37 35. 0:00:07 35... 0:01:34 36. 0:00:07 36... 0:01:34 37. 0:00:08 37... 0:01:35 38. 0:00:09 38... 0:01:34,
Rated Blitz game,https://lichess.org/MfN0o58i,2024.08.01,-,mistermers,jdimovelis,0-1,2024.08.01,00:00:26,1124,1096,,,B01,Scandinavian Defense: Mieses-Kotroc Variation,180+2,Normal,"1. e4 1... d5 2. exd5 2... Qxd5 3. Nc3 3... Qe5 4. Qe2 4... Nc6 5.
Qxe5 5... Nxe5 6. d4 6... Nc6 7. Bf4 7... Nb4 8. Bd3 8... g6 9. Be5 9... Nf6 10. Bxc7 10... Bf5 11. O-O-O 11... Bh6 12. Kb1 12... Bxd3 13.
cxd3 13... O-O 14. Nf3 14... Nfd5 15. Nxd5 15... Nxd5 16. Ba5 16... b6 17.
Bd2 17... Bg7 18. Rhe1 18... a5 19. a3 19... e6 20. h3 20... b5 21.
Ne5 21... b4 22. a4 22... b3 23. Nd7 23... Rfd8 24. Ne5 24... Rd6 25.
g4 25... f6 26. Nc4 26... Rc6 27. Bxa5 27... e5 28. dxe5 28... fxe5 29. Bc7 29... Re8 30. Bxe5 30... Bxe5 31. Nxe5 31... Rce6 32. Nc4 32... Rxe1 33. Rxe1 33... Rxe1",1. 0:03:00 1... 0:03:00 2. 0:03:00 2... 0:03:02 3. 0:03:01 3... 0:03:04 4. 0:03:02 4... 0:03:06 5. 0:03:02 5... 0:03:08 6. 0:03:01 6... 0:03:07 7. 0:03:00 7... 0:02:49 8. 0:02:31 8... 0:02:16 9. 0:02:26 9... 0:02:08 10. 0:02:24 10... 0:02:05 11. 0:02:20 11... 0:01:43 12. 0:02:08 12... 0:01:32 13. 0:02:07 13... 0:01:30 14. 0:02:07 14... 0:00:54 15. 0:01:58 15... 0:00:55 16. 0:01:48 16... 0:00:55 17. 0:01:44 17... 0:00:36 18. 0:01:41 18... 0:00:31 19. 0:01:27 19... 0:00:22 20. 0:01:25 20... 0:00:22 21. 0:01:13 21... 0:00:16 22. 0:01:08 22... 0:00:12 23. 0:01:04 23... 0:00:11 24. 0:01:04 24... 0:00:09 25. 0:00:59 25... 0:00:09 26. 0:00:53 26... 0:00:07 27. 0:00:49 27... 0:00:07 28. 0:00:46 28... 0:00:08 29. 0:00:41 29... 0:00:06 30. 0:00:37 30... 0:00:07 31. 0:00:37 31... 0:00:06 32. 0:00:28 32... 0:00:06 33. 0:00:30 33... 0:00:05,
Rated Blitz game,https://lichess.org/X8wl1eBi,2024.08.01,-,JulianFeo,MohamedHaron,1-0,2024.08.01,00:00:26,930,1019,,,A00,Van't Kruijs Opening,180+2,Time forfeit,"1. e3 1... d5 2. Be2 2... e5 3. d4 3... e4 4. f4 4... Nf6 5. g3 5... Nc6 6. c3 6... Bd6 7. a3 7... O-O 8. b4 8... h6 9. h4 9... b6 10. Nd2 10... a5 11.
b5 11... a4 12. bxc6 12... Ba6 13. Bxa6 13... Rxa6 14. Nh3 14... h5 15.
O-O 15... Ng4 16. Nb1 16... Qe8 17. Nf2 17... Qxc6 18. Nxg4 18... hxg4 19. Qxg4 19... b5 20. Bd2 20... Rb8 21. h5 21...
Rd8 22. h6 22... Qd7 23. h7 23... Kxh7 24. Qh4 24... Kg8 25. Kf2 25... Be7 26. Qh2 26... Qd6 27. Rh1 27... Qh6 28.
Qxh6 28... gxh6 29. Rxh6 29... Kg7 30. Rxa6 30... Rh8 31. g4 31... Rh2 32. Kg3 32... Rh8 33.
Ra7 33... Bh4 34. Kg2 34... c6 35. g5 35... Kg6 36. Ra6 36... Rh6 37.
Rxc6 37... Kg7 38. gxh6",1. 0:03:00 1... 0:03:00 2. 0:03:02 2... 0:03:00 3. 0:03:04 3... 0:03:01 4. 0:03:05 4... 0:03:01 5. 0:03:05 5... 0:03:02 6. 0:03:06 6... 0:02:53 7. 0:03:08 7... 0:02:52 8. 0:03:09 8... 0:02:53 9. 0:03:09 9... 0:02:44 10. 0:03:00 10... 0:02:42 11. 0:02:51 11... 0:02:38 12. 0:02:50 12... 0:02:29 13. 0:02:51 13... 0:02:30 14. 0:02:46 14... 0:02:17 15. 0:02:45 15... 0:02:17 16. 0:02:37 16... 0:02:00 17. 0:02:21 17... 0:01:53 18. 0:02:22 18... 0:01:52 19. 0:02:07 19... 0:01:42 20. 0:02:02 20... 0:01:26 21. 0:01:55 21... 0:00:59 22. 0:01:52 22... 0:01:00 23. 0:01:39 23... 0:00:51 24. 0:01:35 24... 0:00:48 25. 0:01:26 25... 0:00:48 26. 0:01:22 26... 0:00:36 27. 0:01:23 27... 0:00:30 28. 0:01:21 28... 0:00:31 29. 0:01:22 29... 0:00:30 30. 0:01:23 30... 0:00:28 31. 0:01:16 31... 0:00:27 32. 0:01:17 32... 0:00:21 33. 0:01:18 33... 0:00:17 34. 0:01:15 34... 0:00:15 35. 0:01:15 35... 0:00:11 36. 0:01:06 36... 0:00:08 37. 0:01:07 37... 0:00:05 38. 0:01:07,
Rated Blitz game,https://lichess.org/L1kc65aM,2024.08.01,-,WismyI3ishopS,Galatea1,1-0,2024.08.01,00:00:33,991,981,,,A10,English Opening: Anglo-Scandinavian Defense,180+2,Time forfeit,"1. c4 1... d5 2. e3 2... dxc4 3. Bxc4 3... e6 4. d4 4... c5 5. Nc3 5... Nc6 6. dxc5 6...
Bxc5 7. Qxd8 7... Kxd8 8. Nf3 8... f6 9. O-O 9... Kc7 10. Nb5 10... Kb8 11. a3 11... a6 12. Nbd4 12... Nxd4 13. exd4 13... Bxd4 14. Nxd4 14... Ne7 15. Bf4 15... Ka7 16. Nxe6 16... Bxe6 17. Bxe6 17... Rad8 18. Rad1 18... g5 19. Rxd8 19... Rxd8 20. Bc7 20... Rd2 21. b4 21... Rc2 22. Bd6 22... Re2 23.
Bf5 23... Nxf5 24. g4 24... Nxd6 25. f4 25... Ra2 26. fxg5 26... fxg5 27. Rf3 27... Ne4 28. Re3 28... Nf6 29. h3",1. 0:03:00 1... 0:03:00 2. 0:03:01 2... 0:02:58 3. 0:03:03 3... 0:02:59 4. 0:03:03 4... 0:02:58 5. 0:03:05 5... 0:02:55 6. 0:03:04 6... 0:02:55 7. 0:03:04 7... 0:02:56 8. 0:02:59 8... 0:02:48 9. 0:02:53 9... 0:02:48 10. 0:02:51 10... 0:02:34 11. 0:02:37 11... 0:02:33 12. 0:02:36 12... 0:02:27 13. 0:02:38 13... 0:02:29 14. 0:02:39 14... 0:02:27 15. 0:02:40 15... 0:02:28 16. 0:02:23 16... 0:02:25 17. 0:02:25 17... 0:02:23 18. 0:02:22 18... 0:02:24 19. 0:02:13 19... 0:02:26 20. 0:02:12 20... 0:02:23 21. 0:02:07 21... 0:02:09 22. 0:02:05 22... 0:02:01 23. 0:02:02 23... 0:02:02 24. 0:01:55 24... 0:02:02 25. 0:01:30 25... 0:01:56 26. 0:01:28 26... 0:01:56 27. 0:01:28 27... 0:01:51 28. 0:01:29 28... 0:01:50 29. 0:01:13,
Rated Blitz game,https://lichess.org/p8HgYfKN,2024.08.01,-,Inpanec,Up_All_Knight,1-0,2024.08.01,00:00:33,2131,2036,,,C56,"Italian Game: Scotch Gambit, Anderssen Attack",180+2,Normal,"1. e4 1... e5 2. Nf3 2... Nc6 3. d4 3... exd4 4. Bc4 4... Nf6 5. O-O 5... Nxe4 6. Re1 6...
d5 7. Bxd5 7... Qxd5 8. Nc3 8... Qa5 9. Nxe4 9... Be6 10. Bd2 10...
Qh5 11. Bg5 11... Be7 12. Bxe7 12... Nxe7 13. Nxd4 13... Qxd1 14. Raxd1 14... O-O-O 15. Nxe6 15... fxe6 16. Ng5 16... Rxd1 17.
Rxd1 17... e5 18. Nf7 18... Re8 19. Nxe5 19... Nf5 20. Nf3 20... Re2 21.
Rd2 21... Re8 22. Kf1 22... Nd6 23. Re2 23... Rd8 24. Re7 24... Nf5 25.
Rf7 25... g6 26. Rxh7 26... Rd1 27. Ke2 27... Rc1 28. Kd2 28... Rf1 29.
Ke2 29... Rc1 30. Ne1 30... Nd4 31. Kd2 31... Rb1 32. b3 32... Rb2 33.
Kc3 33... Rb1 34. Kxd4 34... Rxe1 35. Kd3 35... Rf1 36. Ke2 36... Rc1 37.
Kd2 37... Rf1 38. Rf7 38... Rg1 39. g3 39... Ra1 40. a4 40... Rh1 41.
h4 41... c5 42. Rf6 42... Rf1 43. Rxg6 43... Rxf2 44. Kc3 44... Rf3 45.
Kb2 45... b6 46. h5 46... Rf2 47. h6 47... Rh2 48. g4 48... Kc7 49.
g5",1. 0:03:00 1... 0:03:00 2. 0:03:00 2... 0:03:01 3. 0:03:01 3... 0:03:02 4. 0:03:01 4... 0:02:59 5. 0:02:58 5... 0:02:58 6. 0:02:59 6... 0:02:59 7. 0:03:00 7... 0:02:59 8. 0:03:01 8... 0:02:58 9. 0:03:01 9... 0:02:59 10. 0:03:01 10... 0:02:46 11. 0:03:01 11... 0:02:04 12. 0:02:57 12... 0:02:05 13. 0:02:48 13... 0:02:02 14. 0:02:49 14... 0:01:50 15. 0:02:47 15... 0:01:52 16. 0:02:46 16... 0:01:52 17. 0:02:47 17... 0:01:49 18. 0:02:48 18... 0:01:40 19. 0:02:44 19... 0:01:31 20. 0:02:35 20... 0:01:24 21. 0:02:35 21... 0:01:15 22. 0:02:34 22... 0:01:14 23. 0:02:27 23... 0:01:01 24. 0:02:25 24... 0:00:55 25. 0:02:24 25... 0:00:52 26. 0:02:24 26... 0:00:51 27. 0:02:25 27... 0:00:49 28. 0:02:14 28... 0:00:48 29. 0:02:14 29... 0:00:48 30. 0:02:06 30... 0:00:34 31. 0:02:03 31... 0:00:33 32. 0:02:00 32... 0:00:31 33. 0:01:57 33... 0:00:27 34. 0:01:57 34... 0:00:27 35. 0:01:53 35... 0:00:27 36. 0:01:38 36... 0:00:26 37. 0:01:37 37... 0:00:27 38. 0:01:37 38... 0:00:24 39. 0:01:38 39... 0:00:22 40. 0:01:38 40... 0:00:20 41. 0:01:38 41... 0:00:21 42. 0:01:38 42... 0:00:17 43. 0:01:34 43... 0:00:18 44. 0:01:35 44... 0:00:16 45. 0:01:33 45... 0:00:13 46. 0:01:32 46... 0:00:09 47. 0:01:32 47... 0:00:10 48. 0:01:32 48... 0:00:08 49. 0:01:32,
Rated Blitz game,https://lichess.org/XrFOkRaa,2024.08.01,-,Ish117,Juandom,1-0,2024.08.01,00:00:33,1779,1828,,,B46,Sicilian Defense: Taimanov Variation,180+2,Normal,"1. e4 1... c5 2. Nf3 2... Nc6 3. d4 3... cxd4 4. Nxd4 4... a6 5. Nc3 5... e6 6. Nxc6 6...
bxc6 7. Bd3 7... d5 8.
exd5 8... c5 9. dxe6 9... Bxe6 10. O-O 10... Nf6 11. Bg5 11... Be7 12.
Re1 12... O-O 13. Bxf6 13... Bxf6 14. Qh5 14... g6 15. Qxc5 15... Rc8 16.
Qb4 16... Be7 17. Qe4 17... Bf6 18. Rad1 18... Bxc3 19. bxc3 19... Rxc3 20. Bxa6 20... Qa5 21. Bd3 21... Qxa2 22. Qh4 22... Rc5 23. Qf6 23... Qd5 24. Re3 24... Qd8 25.
Qxd8 25... Rxd8 26. Kf1 26... Rcd5 27. Rb1 27... Kg7 28. Bc4 28... R5d6 29. Bxe6 29... fxe6 30. c4 30... Rc8 31. Rc1 31... Rdc6 32. Ke2 32... Kf7 33. Kd3 33... Rd8 34. Ke4 34... Rdc8 35.
Kd3 35... Rd8 36. Kc3 36... Rdc8 37. Re4 37... Kf6 38. Rd1 38... Kf5 39.
f3 39... h5 40. h4 40... Ra8 41. Rd7 41... Ra2 42. Rf7",1. 0:03:00 1... 0:03:00 2. 0:03:01 2... 0:03:02 3. 0:03:02 3... 0:03:03 4. 0:03:03 4... 0:03:05 5. 0:03:03 5... 0:03:06 6. 0:03:04 6... 0:03:07 7. 0:03:05 7... 0:03:08 8. 0:03:06 8... 0:03:09 9. 0:03:06 9... 0:03:10 10. 0:03:07 10... 0:03:11 11. 0:03:07 11... 0:03:12 12. 0:03:04 12... 0:03:12 13. 0:03:02 13... 0:03:12 14. 0:03:01 14... 0:03:12 15. 0:03:02 15... 0:03:10 16. 0:02:59 16... 0:03:11 17. 0:02:55 17... 0:03:07 18. 0:02:53 18... 0:03:00 19. 0:02:49 19... 0:02:55 20. 0:02:49 20... 0:02:55 21. 0:02:42 21... 0:02:54 22. 0:02:27 22... 0:02:39 23. 0:02:25 23... 0:02:30 24. 0:02:20 24... 0:02:25 25. 0:02:19 25... 0:02:25 26. 0:02:03 26... 0:02:25 27. 0:01:54 27... 0:02:16 28. 0:01:48 28... 0:02:15 29. 0:01:46 29... 0:02:14 30. 0:01:43 30... 0:02:10 31. 0:01:42 31... 0:02:10 32. 0:01:41 32... 0:02:11 33. 0:01:42 33... 0:02:11 34. 0:01:43 34... 0:02:10 35. 0:01:31 35... 0:02:08 36. 0:01:30 36... 0:02:09 37. 0:01:31 37... 0:02:08 38. 0:01:29 38... 0:02:01 39. 0:01:30 39... 0:02:00 40. 0:01:25 40... 0:01:53 41. 0:01:22 41... 0:01:35 42. 0:01:20,
Rated Blitz game,https://lichess.org/LaIUJNNZ,2024.08.01,-,speedrunmaster69,AdrianCPolit,0-1,2024.08.01,00:00:33,1762,1711,,,D02,Queen's Pawn Game: Symmetrical Variation,180+2,Time forfeit,"1. Nf3 1... d5 2. d4 2... Nf6 3. c3 3... c5 4. Bg5 4... e6 5. Nbd2 5... Nc6 6. Bxf6 6... Qxf6 7. e4 7... cxd4 8.
cxd4 8... Nxd4 9. Qa4 9... Nc6 10. Bb5 10... Bd7 11. exd5 11... Qxb2 12. Rb1 12... Qc3 13. dxc6 13... Bxc6 14. Bxc6 14... Qxc6 15. Qxc6 15... bxc6 16. Ne5 16... Rc8 17.
Rb7 17... Bc5 18. Rxf7 18... Bd4 19. Ndf3 19... Rb8 20. O-O 20... c5 21.
Nxd4 21... cxd4 22. Rd1 22... Rb5 23. f4 23...
Rxe5 24. fxe5 24... Kxf7 25. Rxd4 25... a5 26.
Kf2 26... Rb8 27. Ke3 27... Rb2 28. Ra4 28... Rxg2 29. Rxa5 29... Rxh2 30. Kf4 30... Rh4 31. Kg5 31... Re4 32. Ra7 32... Kf8 33. Ra5 33... h6 34. Kg6 34... Rg4 35.
Kh5 35... Re4 36. Rb5 36... Ra4 37. Rb2 37... Ra5 38. Re2 38... Ke8 39.
Kg6 39... Ra7 40. Rb2 40... Kd8 41. Rb8 41... Kc7 42. Rb2 42... Kc6 43.
Rc2 43... Kd5 44. Re2 44... Kd4 45. Kh5 45... Kd3 46. Rb2 46... Kd4 47.
Re2 47... Ra5 48. Kg6 48... Rxe5 49. Rxe5 49... Kxe5 50. a4 50... Kd6 51.
Kxg7 51... h5 52. Kf6 52... h4 53. a5 53... h3 54. a6 54... Kc6 55.
a7 55... Kb7 56. a8=B 56... Kxa8",1. 0:03:00 1... 0:03:00 2. 0:03:00 2... 0:03:02 3. 0:03:02 3... 0:03:02 4. 0:03:03 4... 0:03:01 5. 0:03:05 5... 0:03:01 6. 0:03:06 6... 0:03:01 7. 0:03:08 7... 0:03:02 8. 0:03:08 8... 0:02:59 9. 0:03:06 9... 0:02:57 10. 0:03:03 10... 0:02:58 11. 0:03:01 11... 0:02:53 12. 0:02:56 12... 0:02:50 13. 0:02:55 13... 0:02:50 14. 0:02:53 14... 0:02:52 15. 0:02:51 15... 0:02:54 16. 0:02:46 16... 0:02:47 17. 0:02:37 17... 0:02:43 18. 0:02:28 18... 0:02:43 19. 0:02:20 19... 0:02:41 20. 0:02:20 20... 0:02:36 21. 0:02:18 21... 0:02:38 22. 0:02:15 22... 0:02:38 23. 0:02:08 23... 0:02:37 24. 0:02:08 24... 0:02:38 25. 0:02:10 25... 0:02:32 26. 0:02:08 26... 0:02:31 27. 0:02:05 27... 0:02:31 28. 0:02:05 28... 0:02:29 29. 0:02:06 29... 0:02:30 30. 0:02:01 30... 0:02:29 31. 0:02:01 31... 0:02:22 32. 0:02:00 32... 0:02:22 33. 0:01:54 33... 0:02:16 34. 0:01:53 34... 0:02:17 35. 0:01:52 35... 0:02:13 36. 0:01:42 36... 0:02:10 37. 0:01:40 37... 0:02:04 38. 0:01:38 38... 0:02:01 39. 0:01:37 39... 0:02:01 40. 0:01:26 40... 0:01:42 41. 0:01:27 41... 0:01:43 42. 0:01:26 42... 0:01:42 43. 0:01:25 43... 0:01:42 44. 0:01:21 44... 0:01:23 45. 0:01:16 45... 0:01:13 46. 0:01:06 46... 0:01:03 47. 0:01:01 47... 0:01:01 48. 0:00:52 48... 0:00:48 49. 0:00:50 49... 0:00:50 50. 0:00:44 50... 0:00:50 51. 0:00:40 51... 0:00:50 52. 0:00:39 52... 0:00:49 53. 0:00:41 53... 0:00:48 54. 0:00:41 54... 0:00:47 55. 0:00:41 55... 0:00:48 56. 0:00:41 56... 0:00:49,
Rated Blitz game,https://lichess.org/Vd2gzNvQ,2024.08.01,-,Laithziad24,bidercio,0-1,2024.08.01,00:00:33,924,951,,,C48,"Four Knights Game: Spanish Variation, Ranken Variation",180+2,Normal,"1. e4 1... e5 2. Nc3 2... Nc6 3. Nf3 3... Nf6 4. Bb5 4... a6 5. Bxc6 5... dxc6 6. d4 6...
Bg4 7. d5 7... cxd5 8.
exd5 8... e4 9. h3 9... exf3 10. hxg4 10... fxg2 11. Qe2 11... Be7 12.
Rg1 12... O-O 13. Rxg2 13... Re8 14. Be3 14... Bc5 15. O-O-O 15... Bxe3 16. fxe3 16... Qd6 17. e4 17... Re5 18. g5 18...
Nd7 19. Rg4 19... Rae8 20. Qc4 20... Nc5 21. Re1 21... g6 22. Qb4 22...
b6 23. Qa3 23... a5 24. Nb5 24... Qd7 25. d6 25... cxd6 26. Nd4 26... Rxe4 27. Rgxe4 27... Rxe4 28. Rxe4 28... Nxe4 29. Nf3 29... Qe6 30. Qe3 30... Qf5 31. Nd4 31... Qf1 32. Qe1 32... Qxe1",1. 0:03:00 1... 0:03:00 2. 0:03:01 2... 0:03:02 3. 0:03:01 3... 0:03:04 4. 0:03:01 4... 0:03:04 5. 0:03:02 5... 0:03:04 6. 0:03:01 6... 0:03:05 7. 0:02:44 7... 0:03:03 8. 0:02:45 8... 0:02:59 9. 0:02:39 9... 0:02:51 10. 0:02:40 10... 0:02:46 11. 0:02:36 11... 0:02:44 12. 0:02:34 12... 0:02:31 13. 0:02:35 13... 0:02:31 14. 0:02:33 14... 0:02:26 15. 0:02:33 15... 0:02:18 16. 0:02:33 16... 0:01:57 17. 0:02:33 17... 0:01:42 18. 0:02:29 18... 0:01:40 19. 0:02:06 19... 0:01:39 20. 0:01:59 20... 0:01:29 21. 0:01:49 21... 0:01:19 22. 0:01:46 22... 0:01:11 23. 0:01:34 23... 0:01:10 24. 0:01:27 24... 0:00:51 25. 0:01:09 25... 0:00:47 26. 0:00:56 26... 0:00:37 27. 0:00:36 27... 0:00:33 28. 0:00:25 28... 0:00:32 29. 0:00:22 29... 0:00:23 30. 0:00:19 30... 0:00:15 31. 0:00:17 31... 0:00:11 32. 0:00:14 32... 0:00:09,
Rated Blitz game,https://lichess.org/0qUby9OU,2024.08.01,-,grip9900,Nightg0d7,0-1,2024.08.01,00:00:33,1418,1410,,,A46,Indian Defense: London System,180+2,Normal,"1. d4 1... Nf6 2. Bf4 2... e6 3. Nf3 3... d5 4. c3 4... c5 5. e3 5... Be7 6. b3 6... O-O 7. Bd3 7... Nc6 8.
Nbd2 8... cxd4 9. cxd4 9... Bd6 10. Bg3 10... Ne7 11. a3 11... Ng6 12.
b4 12... a6 13. Rc1 13... Bd7 14. Bb1 14... Bb5 15. Qc2 15... Rc8 16.
Qb2 16... Rxc1 17. Qxc1 17... Qd7 18. Ne5 18... Qc8 19. Qb2 19... Bb8 20. Nb3 20... Rd8 21.
Nxg6 21... fxg6 22. Bxb8 22... Qxb8 23. Nc5 23... Qc8 24. a4 24... Bc4 25. Qc3 25... b6 26.
Bd3 26... bxc5 27. dxc5 27... Bxd3 28. Qxd3 28... Rd7 29. Qxa6 29... Qxa6",1. 0:03:00 1... 0:03:00 2. 0:03:02 2... 0:03:01 3. 0:03:03 3... 0:03:02 4. 0:03:05 4... 0:03:04 5. 0:03:06 5... 0:03:05 6. 0:03:06 6... 0:03:06 7. 0:03:07 7... 0:03:05 8. 0:03:07 8... 0:03:06 9. 0:03:03 9... 0:03:01 10. 0:03:02 10... 0:02:52 11. 0:02:59 11... 0:02:53 12. 0:02:57 12... 0:02:51 13. 0:02:48 13... 0:02:51 14. 0:02:48 14... 0:02:48 15. 0:02:48 15... 0:02:46 16. 0:02:41 16... 0:02:46 17. 0:02:42 17... 0:02:46 18. 0:02:36 18... 0:02:42 19. 0:02:30 19... 0:02:33 20. 0:02:28 20... 0:02:31 21. 0:02:23 21... 0:02:31 22. 0:02:24 22... 0:02:32 23. 0:02:24 23... 0:02:23 24. 0:02:24 24... 0:02:22 25. 0:02:21 25... 0:02:23 26. 0:02:17 26... 0:02:19 27. 0:02:12 27... 0:02:13 28. 0:02:13 28... 0:02:07 29. 0:02:12 29... 0:02:06,
Rated Blitz game,https://lichess.org/FOhSGvB0,2024.08.01,-,Kimbono,BizkitIaN,1-0,2024.08.01,00:00:33,1353,1327,,,A01,Nimzo-Larsen Attack: Classical Variation,180+2,Time forfeit,"1. b3 1... d5 2.
Bb2 2... e5 3. Bxe5 3... Nc6 4. Nf3 4...
Nxe5 5. Nxe5 5... Qf6 6. d4 6... Bd6 7. Nf3 7... Bg4 8. Nbd2 8... Ne7 9.
h3 9... Bh5 10. e3 10... O-O 11. Be2 11...
Rfe8 12. O-O 12... b6 13. Ne1 13... Bg6 14.
Nd3 14... Rad8 15. Nf3 15...
c5 16. c3 16...
Nc6 17. a4 17... a5 18. Re1 18... c4 19.
bxc4 19... dxc4 20. Nf4 20... Bxf4 21. e4 21... Bxe4 22. Bxc4 22... Bxf3 23. Rxe8 23... Rxe8 24. Qxf3 24... Bc7 25. Bb5 25... Nd8 26. Bxe8 26... Qe7 27. Bb5 27...
Ne6 28. Qc6",1. 0:03:00 0. 0:03:00 1... 0:03:01 0. 0:03:01 2. 0:03:01 0. 0:03:03 2... 0:02:59 0. 0:03:01 3. 0:03:01 0. 0:02:59 3... 0:03:00 0. 0:02:45 4. 0:02:47 0. 0:02:45 4... 0:02:43 0. 0:02:30 5. 0:02:43 0. 0:02:25 5... 0:02:44 0. 0:02:11 6. 0:02:45 0. 0:02:06 6... 0:02:45 0. 0:01:41 7. 0:02:45 0. 0:01:33 7... 0:02:41 0. 0:01:18 8. 0:02:41 1. 0:01:13 8... 0:02:39 0. 0:00:56 9. 0:02:14 2. 0:00:50 9... 0:02:10 0. 0:00:30 10. 0:02:11 0. 0:00:32 10... 0:02:01 0. 0:00:15 11. 0:02:03 0. 0:00:12 11... 0:01:29 0. 0:00:10 12. 0:01:29 0. 0:00:10 12... 0:01:27 1. 0:00:07 13. 0:01:25 1. 0:00:06 13... 0:01:24 1. 0:00:03 14. 0:01:24 0. 0:00:02 14... 0:01:22,
Rated Blitz game,https://lichess.org/q9nVpIyi,2024.08.01,-,kuzey_tekiniglu,Mar_at,0-1,2024.08.01,00:00:33,1160,1165,,,C00,French Defense: Knight Variation,180+2,Normal,"1. e4 1... e6 2. Nf3 2... b6 3. d4 3... Bb7 4. Nc3 4... Bb4 5. Qe2 5... Bxc3 6. bxc3 6... Qe7 7. e5 7... Nh6 8. Bxh6 8... gxh6 9. Qe3 9...
Nc6 10. Bb5 10... O-O-O 11. Bxc6 11... Bxc6 12. Qxh6 12... Qa3 13. O-O 13... Qxc3 14. Ng5 14... Rhg8 15. Rac1 15... Qxd4 16. Rcd1 16... Qxe5 17. f3 17... Rxg5 18. Qxh7 18... Qc5 19. Rf2 19... Bxf3 20. Qxf7 20... Bxd1 21. h3 21... Bh5 22.
Qf4 22... Rf5 23. Qg3 23... Rdf8 24. c4 24... Rxf2 25. Kh2 25... Qxc4",1. 0:03:00 1... 0:03:00 2. 0:03:01 2... 0:03:02 3. 0:03:02 3... 0:03:04 4. 0:02:57 4... 0:03:03 5. 0:02:57 5... 0:02:59 6. 0:02:58 6... 0:02:47 7. 0:02:49 7... 0:02:39 8. 0:02:48 8... 0:02:41 9. 0:02:28 9... 0:02:42 10. 0:02:25 10... 0:02:41 11. 0:02:24 11... 0:02:43 12. 0:02:22 12... 0:02:40 13. 0:02:19 13... 0:02:37 14. 0:02:16 14... 0:02:35 15. 0:01:52 15... 0:02:30 16. 0:01:24 16... 0:02:27 17. 0:01:24 17... 0:02:25 18. 0:01:09 18... 0:02:24 19. 0:01:06 19... 0:02:23 20. 0:00:57 20... 0:02:19 21. 0:00:46 21... 0:02:06 22. 0:00:36 22... 0:01:59 23. 0:00:30 23... 0:01:57 24. 0:00:22 24... 0:01:56 25. 0:00:20 25... 0:01:47,
Rated Blitz game,https://lichess.org/nSWcL4ZZ,2024.08.01,-,Rahmat_Percasi_Garut,R_TCR,1-0,2024.08.01,00:00:43,2032,1966,,,A06,Zukertort Opening: Tennison Gambit,180+2,Normal,"1. e4 1... d5 2. Nf3 2... dxe4 3. Ng5 3... Qd5 4. d3 4... exd3 5.
Bxd3 5... h6 6. Nc3 6... Qa5 7. Qh5 7... Be6 8. Bb5 8... c6 9.
Nxe6 9... Nf6 10. Bxc6 10... Nxc6 11. Qxa5 11... Nxa5 12. Nc7 12... Kd7 13. Nxa8 13... e6 14.
Bf4 14... Nh5 15. O-O-O 15... Kc6 16. Be3 16... Bb4 17. g4 17... Nf6 18. Bd4 18... Rxa8 19.
Bxf6 19... gxf6 20. f4 20... Rg8 21. h3 21... Bxc3 22. bxc3 22... Nc4 23.
Rd4 23... b5 24. Rhd1 24... a6 25. Rd7 25... Rg7 26. R1d4 26... f5 27.
g5 27... hxg5 28. fxg5 28... Rxg5 29. Rxf7 29... e5 30. Rd1 30... e4 31.
Rf6 31... Kb7 32. h4 32... Rh5 33. Rd7 33... Kc8 34. Rg7 34... Rh8 35.
Rxf5 35... e3 36. Kd1 36... Rd8 37. Ke2 37... Rd2 38. Ke1 38... Rd8 39.
h5 39... Rh8 40. h6 40... Nd6 41. Rf6 41... Ne8 42. Rxa6 42... Kd8 43.
h7 43... Nxg7 44. Ra8 44... Ke7 45. Rxh8 45... Kf7 46. Rb8",1. 0:03:00 1... 0:03:00 2. 0:03:02 2... 0:03:01 3. 0:03:01 3... 0:03:03 4. 0:02:56 4... 0:02:57 5. 0:02:58 5... 0:02:58 6. 0:02:49 6... 0:02:47 7. 0:02:41 7... 0:02:32 8. 0:02:16 8... 0:02:21 9. 0:02:15 9... 0:02:09 10. 0:02:07 10... 0:02:02 11. 0:02:09 11... 0:02:01 12. 0:02:09 12... 0:01:59 13. 0:02:11 13... 0:01:59 14. 0:02:10 14... 0:01:54 15. 0:02:12 15... 0:01:54 16. 0:01:54 16... 0:01:51 17. 0:01:49 17... 0:01:47 18. 0:01:40 18... 0:01:46 19. 0:01:41 19... 0:01:46 20. 0:01:42 20... 0:01:39 21. 0:01:42 21... 0:01:39 22. 0:01:42 22... 0:01:40 23. 0:01:43 23... 0:01:36 24. 0:01:43 24... 0:01:30 25. 0:01:42 25... 0:01:27 26. 0:01:39 26... 0:01:25 27. 0:01:36 27... 0:01:25 28. 0:01:38 28... 0:01:26 29. 0:01:39 29... 0:01:22 30. 0:01:38 30... 0:01:20 31. 0:01:38 31... 0:01:21 32. 0:01:39 32... 0:01:21 33. 0:01:38 33... 0:01:21 34. 0:01:30 34... 0:01:13 35. 0:01:24 35... 0:01:08 36. 0:01:20 36... 0:01:09 37. 0:01:18 37... 0:01:10 38. 0:01:19 38... 0:01:02 39. 0:01:18 39... 0:00:50 40. 0:01:18 40... 0:00:51 41. 0:01:13 41... 0:00:52 42. 0:01:07 42... 0:00:52 43. 0:01:07 43... 0:00:52 44. 0:01:08 44... 0:00:53 45. 0:01:10 45... 0:00:53 46. 0:01:10,
Rated Blitz game,https://lichess.org/XCbHWirs,2024.08.01,-,raygoza_gilbert,MrFryziuk,1-0,2024.08.01,00:00:55,1449,1527,,,B10,Caro-Kann Defense: Breyer Variation,180+2,Time forfeit,"1. e4 1... c6 2. d3 2... d5 3. Nd2 3... d4 4. Ngf3 4... Bg4 5. h3 5... Bxf3 6. Nxf3 6... c5 7. g3 7... Nc6 8. Bg2 8... e5 9. Nd2 9...
Nf6 10. g4 10... h6 11. a3 11... b5 12. O-O 12... Bd6 13. b3 13...
O-O 14. Nf3 14... Qc7 15. Nh4 15... Nd8 16. Nf5 16... Ne6 17. Kh1 17... Rfe8 18. g5 18... hxg5 19. Bxg5 19... Nxg5 20. h4 20... Ngh7 21. Rg1 21... g6 22. Bf3 22...
Kh8 23. Ng3 23... g5 24. hxg5 24... Nxg5 25. Be2 25... Ne6 26. Rg2 26... Ng7 27. Qd2 27... Kh7 28. Rh2 28... Kg8 29.
Qh6 29... Kf8 30. Qxf6",1. 0:03:00 1... 0:03:00 2. 0:02:56 2... 0:02:58 3. 0:02:55 3... 0:02:56 4. 0:02:53 4... 0:02:55 5. 0:02:53 5... 0:02:55 6. 0:02:53 6... 0:02:56 7. 0:02:46 7... 0:02:56 8. 0:02:37 8... 0:02:54 9. 0:02:31 9... 0:02:53 10. 0:02:25 10... 0:02:52 11. 0:02:16 11... 0:02:47 12. 0:02:08 12... 0:02:39 13. 0:02:01 13... 0:02:39 14. 0:01:51 14... 0:02:33 15. 0:01:50 15... 0:02:13 16. 0:01:48 16... 0:02:07 17. 0:01:34 17... 0:02:00 18. 0:01:28 18... 0:01:54 19. 0:01:24 19... 0:01:53 20. 0:01:12 20... 0:01:48 21. 0:01:09 21... 0:01:44 22. 0:01:02 22... 0:01:37 23. 0:00:54 23... 0:01:16 24. 0:00:51 24... 0:01:18 25. 0:00:49 25... 0:01:02 26. 0:00:48 26... 0:00:49 27. 0:00:37 27... 0:00:32 28. 0:00:31 28... 0:00:31 29. 0:00:22 29... 0:00:15 30. 0:00:20,
Rated Blitz game,https://lichess.org/KPvhFrVD,2024.08.01,-,jamar08,Nimmy,0-1,2024.08.01,00:00:55,1977,1988,,,A01,Nimzo-Larsen Attack,180+2,Time forfeit,"1. b3 1... d6 2. Bb2 2... Nf6 3. e3 3... g6 4. f4 4... Bg7 5. Nf3 5... c5 6. Bb5 6... Nc6 7. O-O 7... O-O 8.
Bxc6 8... bxc6 9. d3 9... a5 10. a4 10... Ba6 11. Nbd2 11... Rb8 12.
e4 12... Ng4 13. Bxg7 13... Kxg7 14. Qe1 14... e5 15. h3 15... Nf6 16.
fxe5 16... Nh5 17. g4 17... Nf4 18. Kh2 18... dxe5 19. Nxe5 19... Qd6 20.
Rxf4 20... Qxe5 21. Qf1 21... g5",1. 0:03:00 1... 0:03:00 2. 0:02:52 2... 0:03:01 3. 0:02:43 3... 0:03:02 4. 0:02:43 4... 0:03:02 5. 0:02:43 5... 0:03:02 6. 0:02:43 6... 0:03:02 7. 0:02:35 7... 0:03:02 8. 0:02:35 8... 0:03:02 9. 0:02:36 9... 0:03:01 10. 0:02:36 10... 0:03:00 11. 0:02:32 11... 0:03:00 12. 0:01:43 12... 0:02:50 13. 0:01:17 13... 0:02:52 14. 0:00:53 14... 0:02:47 15. 0:00:50 15... 0:02:33 16. 0:00:50 16... 0:02:22 17. 0:00:33 17... 0:02:17 18. 0:00:21 18... 0:02:15 19. 0:00:19 19... 0:02:16 20. 0:00:18 20... 0:02:17 21. 0:00:03 21... 0:02:18,
Rated Blitz game,https://lichess.org/HUS2vdZc,2024.08.01,-,hz_ouss,jmanette411,1-0,2024.08.01,00:00:55,1142,1120,,,B00,Pirc Defense,180+2,Normal,"1. e4 1... d6 2. Nf3 2... Nf6 3. Bc4 3... Bg4 4. d3 4... Bxf3 5.
Qxf3 5... e5 6. a3 6... c6 7. Bg5 7... Nbd7 8. O-O 8... Be7 9.
Bxf6 9... Nxf6 10. Nc3 10... O-O 11. h3 11... h6 12. a4 12... a6 13. a5 13... Qc7 14. b4 14...
c5 15. bxc5 15... dxc5 16. Nd5 16... Nxd5 17. Bxd5 17... Rad8 18. c3 18... Rc8 19. Rfc1 19... Qd7 20. d4 20... cxd4 21.
cxd4 21... exd4 22. Rxc8 22... Rxc8 23. Qxf7 23... Kh8 24. Qf5 24... Qxf5 25. exf5 25... Bc5 26.
Bxb7",1. 0:03:00 1... 0:03:00 2. 0:02:59 2... 0:03:00 3. 0:02:54 3... 0:02:59 4. 0:02:53 4... 0:02:59 5. 0:02:53 5... 0:03:00 6. 0:02:53 6... 0:03:00 7. 0:02:49 7... 0:02:59 8. 0:02:42 8... 0:02:58 9. 0:02:42 9... 0:02:58 10. 0:02:42 10... 0:02:57 11. 0:02:40 11... 0:02:53 12. 0:02:34 12... 0:02:53 13. 0:02:33 13... 0:02:51 14. 0:02:31 14... 0:02:46 15. 0:02:28 15... 0:02:42 16. 0:02:12 16... 0:02:42 17. 0:02:14 17... 0:02:41 18. 0:01:56 18... 0:02:39 19. 0:01:39 19... 0:02:39 20. 0:01:19 20... 0:02:38 21. 0:01:20 21... 0:02:31 22. 0:01:21 22... 0:02:31 23. 0:01:20 23... 0:02:27 24. 0:00:52 24... 0:02:18 25. 0:00:52 25... 0:02:16 26. 0:00:42,
Rated Blitz game,https://lichess.org/SzneBHnF,2024.08.01,-,long_straddle,kglion,1-0,2024.08.01,00:00:55,1764,1746,,,A57,Benko Gambit,180+2,Normal,"1. d4 1... Nf6 2. c4 2... c5 3. d5 3... b5 4. Nc3 4... bxc4 5. e4 5... d6 6. Bxc4 6... g6 7. Nf3 7... Bg7 8. O-O 8... O-O 9. h3 9...
Nbd7 10. Be3 10... Nb6 11. Bb5 11... a6 12. Bc6 12... Rb8 13. Qc2 13... Nc4 14. Rab1 14... Nxe3 15. fxe3 15... Bb7 16.
Ba4 16... Nh5 17. Qf2 17... Qa5 18. Bb3 18... Bxc3 19. bxc3 19... Qxc3 20. g4 20... Ng7 21. e5 21... dxe5 22. Rbc1 22... Qa5 23. Nxe5 23... f6 24. Nd7 24... Kh8 25.
Nxb8 25... Rxb8 26. d6 26... exd6 27. Qxf6 27... Rg8 28. Bxg8",1. 0:03:00 1... 0:03:00 2. 0:03:01 2... 0:03:01 3. 0:03:02 3... 0:03:01 4. 0:02:53 4... 0:02:54 5. 0:02:52 5... 0:02:55 6. 0:02:53 6... 0:02:57 7. 0:02:48 7... 0:02:58 8. 0:02:49 8... 0:02:59 9. 0:02:40 9... 0:03:00 10. 0:02:28 10... 0:03:00 11. 0:02:29 11... 0:02:49 12. 0:02:28 12... 0:02:46 13. 0:02:02 13... 0:02:39 14. 0:01:47 14... 0:02:38 15. 0:01:49 15... 0:02:29 16. 0:01:45 16... 0:02:12 17. 0:01:35 17... 0:02:05 18. 0:01:15 18... 0:01:55 19. 0:01:06 19... 0:01:56 20. 0:00:59 20... 0:01:39 21. 0:00:37 21... 0:01:26 22. 0:00:39 22... 0:00:30 23. 0:00:40 23... 0:00:19 24. 0:00:25 24... 0:00:08 25. 0:00:23 25... 0:00:09 26. 0:00:21 26... 0:00:06 27. 0:00:20 27... 0:00:05 28. 0:00:17,
Rated Blitz game,https://lichess.org/gq89ADTm,2024.08.01,-,dymw,timurbek,1/2-1/2,2024.08.01,00:00:55,2009,2001,,,C67,"Ruy Lopez: Berlin Defense, l'Hermet Variation",180+2,Normal,"1. e4 1... e5 2. Nf3 2... Nc6 3. Bb5 3... Nf6 4. O-O 4... Nxe4 5. d4 5... Nd6 6. Bxc6 6...
dxc6 7. Nxe5 7... Be7 8. Re1 8... O-O 9. Bf4 9... Bf6 10. Nd2 10... Nf5 11. Ndf3 11... Nh4 12.
c3 12... Nxf3 13. Nxf3 13... Bg4 14. h3 14...
Bh5 15. g4 15... Bg6 16. Ne5 16... Re8 17. Nxg6 17... hxg6 18. Qd3 18... Qd7 19. Re3 19... Bh4 20. Rae1 20... Rxe3 21. Qxe3 21... Rc8 22. Bg5 22... Bxg5 23. Qxg5 23... Re8 24. Re3 24... Rxe3 25. Qxe3 25... Kf8 26.
Qe5 26... Qe7 27. Qxe7 27... Kxe7 28. Kg2 28... Ke6 29. Kf3 29... Kd5 30. h4 30... c5 31.
dxc5 31... Kxc5 32. Kf4 32... Kc4 33. Ke4 33... a5 34. Ke3 34... a4 35. Kd2 35... b5 36.
Kc2 36... Kd5 37. Kd3 37... c5 38. b3 38... axb3 39. axb3 39... Ke5 40.
Ke3 40... f6 41. f4 41... Kd5 42. Kd3 42... c4 43. bxc4 43... bxc4 44. Ke3 44... f5 45. gxf5 45... gxf5 46. h5 46... Kc5 47. Kf3 47... Kd5 48. Ke3 48... Kc5 49.
Kf3 49... Kd5 50. Ke3",1. 0:03:00 1... 0:03:00 2. 0:03:01 2... 0:02:57 3. 0:03:02 3... 0:02:55 4. 0:03:02 4... 0:02:56 5. 0:03:03 5... 0:02:48 6. 0:02:59 6... 0:02:41 7. 0:02:57 7... 0:02:41 8. 0:02:58 8... 0:02:21 9. 0:02:59 9... 0:02:21 10. 0:02:56 10... 0:02:21 11. 0:02:57 11... 0:02:16 12. 0:02:53 12... 0:02:16 13. 0:02:55 13... 0:02:16 14. 0:02:55 14... 0:02:17 15. 0:02:56 15... 0:02:17 16. 0:02:57 16... 0:02:12 17. 0:02:57 17... 0:02:12 18. 0:02:58 18... 0:02:09 19. 0:02:54 19... 0:02:06 20. 0:02:50 20... 0:02:06 21. 0:02:52 21... 0:01:47 22. 0:02:48 22... 0:01:46 23. 0:02:50 23... 0:01:42 24. 0:02:46 24... 0:01:40 25. 0:02:48 25... 0:01:40 26. 0:02:46 26... 0:01:38 27. 0:02:45 27... 0:01:39 28. 0:02:47 28... 0:01:40 29. 0:02:48 29... 0:01:40 30. 0:02:15 30... 0:01:40 31. 0:02:17 31... 0:01:41 32. 0:02:16 32... 0:01:42 33. 0:01:59 33... 0:01:43 34. 0:01:58 34... 0:01:44 35. 0:01:59 35... 0:01:42 36. 0:02:00 36... 0:01:42 37. 0:02:00 37... 0:01:42 38. 0:01:47 38... 0:01:41 39. 0:01:49 39... 0:01:41 40. 0:01:49 40... 0:01:41 41. 0:01:41 41... 0:01:41 42. 0:01:38 42... 0:01:41 43. 0:01:38 43... 0:01:42 44. 0:01:38 44... 0:01:41 45. 0:01:00 45... 0:01:41 46. 0:00:57 46... 0:01:42 47. 0:00:55 47... 0:01:43 48. 0:00:49 48... 0:01:44 49. 0:00:51 49... 0:01:45 50. 0:00:52,
Rated Blitz game,https://lichess.org/B5LST0EM,2024.08.01,-,abeliyoo,good1958,0-1,2024.08.01,00:00:55,1923,1927,,,A41,Queen's Pawn Game,180+2,Time forfeit,"1. d4 1... d6 2. Bf4 2... Nf6 3. Nf3 3... Bg4 4. e3 4... Nbd7 5. h3 5... Bxf3 6. Qxf3 6... c6 7. c4 7... e5 8. Bh2 8...
exd4 9. exd4 9... Qb6 10. Qe3 10... Kd8 11. b3 11... Be7 12. Bd3 12...
Re8 13. O-O 13... d5 14. Qd2 14... c5 15. dxc5 15... Bxc5 16. cxd5 16... Bd6 17. Nc3 17... Bxh2 18.
Kxh2 18... Re5 19. Rfd1 19... a6 20. Rac1 20... Qd6 21.
Kg1 21... Rc8 22. f4 22... Qc5 23. Kh1 23...
Rh5 24. Ne4 24... Qe7 25. Nxf6 25... Qxf6 26. d6 26...
Qxd6 27. Rxc8 27... Kxc8 28.
Qc3 28... Kb8 29. Qxg7 29... Qxf4 30. Qg8 30... Ka7 31. Bf1 31... Ne5 32.
Qd8 32... Nc6 33. Qd5 33... Qf2 34. Qf3 34...
Qxf3 35. gxf3 35... Rf5 36. Kg2 36... Ne5 37.
Bd3 37... Rxf3 38. Be4 38...
Re3 39. Rd4 39... Re2 40. Kg3 40... Rxa2 41.
Kf4 41... Nc6 42. Rd7 42...
Kb6 43. Bxc6 43... Kxc6 44.
Rxf7 44... Ra3 45. Rxh7 45... Rxb3 46. h4 46... Rb4 47. Kg5 47... Rb5 48. Kf6 48... a5 49. h5 49... a4 50.
h6 50... Ra5 51. Rg7 51... a3 52. Rg1 52... Rh5 53. Kg6 53... Rh3 54. h7 54... b5 55. Kg7 55...
b4 56. h8=Q 56... Rxh8 57. Kxh8 57... Kb5 58.
Kg7 58... Ka4 59. Kf6 59... a2 60. Ke5 60...
Kb3 61. Kd4 61... Kb2 62. Rg2 62... Kb1 63.
Rg1 63... Kc2 64. Kc4 64... b3 65. Rg2 65...
Kc1 66. Rg1 66... Kb2 67. Rg2 67... Ka3 68. Rg1 68... b2 69. Rg3 69... Ka4",1. 0:03:00 0. 0:03:00 1... 0:03:01 0. 0:03:01 2. 0:03:03 0. 0:03:01 2... 0:03:03 0. 0:03:02 3. 0:03:04 0. 0:03:03 3... 0:03:05 0. 0:02:58 4. 0:03:05 0. 0:02:59 4... 0:03:02 0. 0:02:46 5. 0:03:03 0. 0:02:47 5... 0:02:38 0. 0:02:43 6. 0:02:34 0. 0:02:39 6... 0:02:31 0. 0:02:40 7. 0:02:31 0. 0:02:37 7... 0:02:25 0. 0:01:56 8. 0:01:52 0. 0:01:56 8... 0:01:42 0. 0:01:18 9. 0:01:11 0. 0:01:16 9... 0:01:13 1. 0:00:50 10. 0:00:23 0. 0:00:46 10... 0:00:23 1. 0:00:46 11. 0:00:21 0. 0:00:32 11... 0:00:13 1. 0:00:17 12. 0:00:13 1. 0:00:11 12... 0:00:12 1. 0:00:10 13. 0:00:11 1. 0:00:10 13... 0:00:12 1. 0:00:09 14. 0:00:12 0. 0:00:09 14... 0:00:11 2. 0:00:10 15. 0:00:12 2. 0:00:09 15... 0:00:07 2. 0:00:09 16. 0:00:08 1. 0:00:10 16... 0:00:08 2. 0:00:10 17. 0:00:09 1. 0:00:09 17... 0:00:10 1. 0:00:08 18. 0:00:12 1. 0:00:09 18... 0:00:13 2. 0:00:09 19. 0:00:14 1. 0:00:08 19... 0:00:13 1. 0:00:09 20. 0:00:14 1. 0:00:08 20... 0:00:15 1. 0:00:09 21. 0:00:17 1. 0:00:10 21... 0:00:18 2. 0:00:10 22. 0:00:19 0. 0:00:11 22... 0:00:21 2. 0:00:12 23. 0:00:22 1. 0:00:13 23... 0:00:24 3. 0:00:14 24. 0:00:25 1. 0:00:14 24... 0:00:25 5. 0:00:15 25. 0:00:25 4. 0:00:16 25... 0:00:27 4. 0:00:17 26. 0:00:27 0. 0:00:17 26... 0:00:27 2. 0:00:14 27. 0:00:28 1. 0:00:15 27... 0:00:29 1. 0:00:16 28. 0:00:30 1. 0:00:16 28... 0:00:18 1. 0:00:16 29. 0:00:20 0. 0:00:17 29... 0:00:22 4. 0:00:18 30. 0:00:24 1. 0:00:19 30... 0:00:26 1. 0:00:18 31. 0:00:27 0. 0:00:17 31... 0:00:28 0. 0:00:17 32. 0:00:29 0. 0:00:15 32... 0:00:26 0. 0:00:16 33. 0:00:26 6. 0:00:14 33... 0:00:20 5. 0:00:13 34. 0:00:19 0. 0:00:15 34... 0:00:11 0. 0:00:15 35. 0:00:10 0. 0:00:13,
Rated Blitz game,https://lichess.org/nPJmufY5,2024.08.01,-,azielcohen,black-9,0-1,2024.08.01,00:00:55,1807,1794,,,D02,Queen's Pawn Game: London System,180+2,Normal,"1. d4 1... d5 2. Bf4 2... Nf6 3. Nf3 3... g6 4.
e3 4... Bg7 5.
Bd3 5... O-O 6.
c3 6... c6 7.
Nbd2 7... Bg4 8. O-O 8... e6 9. Qc2 9... Bxf3 10. Nxf3 10...
Nbd7 11. Ne5 11... Nh5 12. Bg3 12... Nxe5 13. Bxe5 13... Bxe5 14. dxe5 14...
Qg5 15. f4 15... Qd8 16. g4 16... Ng7 17. f5 17... exf5 18. gxf5 18... Qc7 19. fxg6 19... fxg6 20. Bxg6 20... hxg6 21.
Qxg6 21... Qxe5",1. 0:03:00 0. 0:03:00 1... 0:03:01 0. 0:02:56 2. 0:03:02 0. 0:02:54 2... 0:03:03 0. 0:02:55 3. 0:03:05 0. 0:02:56 3... 0:03:06 0. 0:02:56 4. 0:03:07 0. 0:02:57 4... 0:03:07 0. 0:02:57 5. 0:03:06 0. 0:02:57 5... 0:03:06 0. 0:02:58 6. 0:03:08 0. 0:02:55 6... 0:03:00 0. 0:02:46 7. 0:02:59 0. 0:02:47 7... 0:03:01 0. 0:02:47 8. 0:02:58 0. 0:02:46 8... 0:02:59 0. 0:02:46 9. 0:02:55 0. 0:02:43 9... 0:02:57 0. 0:02:36 10. 0:02:36 0. 0:02:36 10... 0:02:11 0. 0:02:36 11. 0:02:11 0. 0:02:37,
Rated Blitz game,https://lichess.org/Y72NjQDU,2024.08.01,-,silverbird74,volkovev84,0-1,2024.08.01,00:00:55,1579,1578,,,A40,Horwitz Defense,180+2,Normal,"1. d4 1... e6 2. c4 2... c5 3. Nf3 3... Nf6 4. d5 4... d6 5. Nc3 5... e5 6. e4 6...
Nbd7 7. Bg5 7... Be7 8. Be2 8... h6 9. Be3 9... O-O 10. O-O 10... Ng4 11. Bd2 11... f5 12.
Qc2 12... fxe4 13. Nxe4 13... Nb6 14. b3 14...
Nf6 15. Bc3 15... Bf5 16. Bd3 16... Nxe4 17. Bxe4 17... Bxe4 18. Qxe4 18... Rf4 19. Qg6 19... Qf8 20. Rae1 20... a5 21.
Re4 21... Rxe4 22. Qxe4 22... a4 23. b4 23...
cxb4 24. Bxb4 24... a3 25. c5 25... Nd7 26. cxd6 26... Bxd6 27. Bxd6 27... Qxd6 28. Re1 28... Re8 29. Qg6",1. 0:03:00 1... 0:03:00 2. 0:03:02 2... 0:03:01 3. 0:03:03 3... 0:02:58 4. 0:03:02 4... 0:02:59 5. 0:03:03 5... 0:02:58 6. 0:03:01 6... 0:02:56 7. 0:03:02 7... 0:02:55 8. 0:03:03 8... 0:02:50 9. 0:02:59 9... 0:02:50 10. 0:02:57 10... 0:02:46 11. 0:02:50 11... 0:02:40 12. 0:02:39 12... 0:02:36 13. 0:02:37 13... 0:02:32 14. 0:02:34 14... 0:02:29 15. 0:02:24 15... 0:02:28 16. 0:02:17 16... 0:02:20 17. 0:02:18 17... 0:02:21 18. 0:02:18 18... 0:02:11 19. 0:02:07 19... 0:02:04 20. 0:01:47 20... 0:01:52 21. 0:01:43 21... 0:01:32 22. 0:01:43 22... 0:01:34 23. 0:01:38 23... 0:01:26 24. 0:01:39 24... 0:01:23 25. 0:01:39 25... 0:01:04 26. 0:01:39 26... 0:01:04 27. 0:01:36 27... 0:01:05 28. 0:01:35 28... 0:00:56 29. 0:01:25,
Rated Blitz game,https://lichess.org/Ek1JXkq3,2024.08.01,-,Dedafe,Nf3_Nf6_64,1-0,2024.08.01,00:00:55,2166,2170,,,B50,Sicilian Defense: Modern Variations,180+2,Normal,"1. e4 1... c5 2. Nf3 2... d6 3. Nc3 3... a6 4. a4 4... Nf6 5. g3 5... g6 6. Bg2 6... Bg7 7. O-O 7... O-O 8. d3 8... Nc6 9. h3 9...
Bd7 10. Be3 10... Ne8 11. Qd2 11... Nd4 12. Ne1 12... b5 13. axb5 13... axb5 14. Rxa8 14... Qxa8 15. Bh6 15... b4 16.
Nd5 16... e6 17. Bxg7 17... Kxg7 18. Nb6 18... Qa7 19. Nxd7 19... Qxd7 20. f4 20... f5 21. c3 21... Nc6 22. Nf3 22... h6 23. Re1 23... Nc7 24.
d4 24... bxc3 25. bxc3 25... cxd4 26. exf5 26... gxf5 27. Nxd4 27... d5 28.
Qe3 28... Rf6 29. Ra1 29... Qc8 30. Nxc6",1. 0:03:00 1... 0:03:00 2. 0:03:01 2... 0:02:53 3. 0:03:01 3... 0:02:34 4. 0:03:01 4... 0:02:24 5. 0:02:59 5... 0:02:02 6. 0:02:58 6... 0:02:01 7. 0:02:59 7... 0:01:59 8. 0:03:00 8... 0:01:59 9. 0:03:01 9... 0:01:58 10. 0:03:01 10... 0:01:58 11. 0:03:02 11... 0:01:50 12. 0:02:35 12... 0:01:32 13. 0:02:34 13... 0:01:33 14. 0:02:35 14... 0:01:35 15. 0:02:22 15... 0:01:21 16. 0:02:19 16... 0:01:20 17. 0:01:50 17... 0:01:16 18. 0:01:48 18... 0:01:13 19. 0:01:48 19... 0:01:15 20. 0:01:42 20... 0:01:13 21. 0:01:41 21... 0:01:04 22. 0:01:35 22... 0:01:03 23. 0:01:03 23... 0:00:55 24. 0:01:00 24... 0:00:45 25. 0:01:00 25... 0:00:20 26. 0:00:40 26... 0:00:18 27. 0:00:34 27... 0:00:16 28. 0:00:13 28... 0:00:15 29. 0:00:05 29... 0:00:13 30. 0:00:06,
Rated Blitz game,https://lichess.org/201axH7z,2024.08.01,-,HellMig0,refsnes,1-0,2024.08.01,00:00:55,1263,1224,,,C55,"Italian Game: Two Knights Defense, Modern Bishop's Opening",180+2,Normal,"1. e4 1... e5 2. Nf3 2... Nc6 3. Bc4 3... Nf6 4. d3 4... h6 5. Nc3 5... d6 6. Be3 6...
Bg4 7. Qd2 7... Be7 8.
Bd5 8... Nxd5 9. Nxd5 9... Bxf3 10. gxf3 10... Nd4 11. Bxd4 11... exd4 12. Qb4 12... c6 13. Nxe7 13... Qxe7 14. Qxd4 14... f6 15. O-O-O 15... O-O-O 16. Rde1 16... Kb8 17.
f4 17... Qc7 18. f5 18... Qa5 19. a3 19... a6 20. c3 20... c5 21.
Qd5 21... Rhe8 22. Rhg1 22... Qc7 23. Rg6 23... Re7 24. Reg1 24... Rdd7 25. Qg8 25... Ka7 26.
Qc4 26... b5 27. Qd5 27... Re5 28. Qg8 28... Ree7 29. Kc2 29... Kb6 30.
Kb3 30... a5 31. c4 31... a4 32. Ka2 32... b4 33. axb4 33... cxb4 34. Qd5 34... Re5 35. Qd4 35... Ka5 36. Ra1 36... Qc5 37. Qxc5 37... Rxc5 38. b3 38... a3 39.
Rag1 39... Rcc7 40. Rd1 40... Re7 41. Rg4 41... h5 42. Rh4 42... g6 43. fxg6 43... Rg7 44.
Rxh5 44... Kb6 45. Rb5 45... Ka6 46. Rxb4 46... Rxg6 47. Ra4 47... Kb6 48. Rxa3 48... Ra7 49.
Rxa7 49... Kxa7",1. 0:03:00 1... 0:03:00 2. 0:03:00 2... 0:03:02 3. 0:03:01 3... 0:03:02 4. 0:03:02 4... 0:03:03 5. 0:03:02 5... 0:03:04 6. 0:03:02 6... 0:03:05 7. 0:03:02 7... 0:02:52 8. 0:03:02 8... 0:02:51 9. 0:03:03 9... 0:02:41 10. 0:03:03 10... 0:02:35 11. 0:03:03 11... 0:02:35 12. 0:02:57 12... 0:02:21 13. 0:02:48 13... 0:02:20 14. 0:02:48 14... 0:02:16 15. 0:02:48 15... 0:02:16 16. 0:02:48 16... 0:02:16 17. 0:02:47 17... 0:02:13 18. 0:02:47 18... 0:02:03 19. 0:02:43 19... 0:01:59 20. 0:02:35 20... 0:01:47 21. 0:02:24 21... 0:01:36 22. 0:02:22 22... 0:01:34 23. 0:02:10 23... 0:01:30 24. 0:02:10 24... 0:01:30 25. 0:02:07 25... 0:01:31 26. 0:01:56 26... 0:01:31 27. 0:01:53 27... 0:01:26 28. 0:01:46 28... 0:01:22 29. 0:01:39 29... 0:01:09 30. 0:01:39 30... 0:00:57 31. 0:01:39 31... 0:00:57 32. 0:01:36 32... 0:00:58 33. 0:01:37 33... 0:00:59 34. 0:01:32 34... 0:00:54 35. 0:01:31 35... 0:00:49 36. 0:01:22 36... 0:00:24 37. 0:01:16 37... 0:00:25 38. 0:01:13 38... 0:00:22 39. 0:01:11 39... 0:00:22 40. 0:01:10 40... 0:00:22 41. 0:01:08 41... 0:00:20 42. 0:01:07 42... 0:00:21 43. 0:01:07 43... 0:00:22 44. 0:01:08 44... 0:00:22 45. 0:01:01 45... 0:00:23 46. 0:01:02 46... 0:00:23 47. 0:01:02 47... 0:00:25 48. 0:01:03 48... 0:00:26 49. 0:01:02 49... 0:00:28,
Rated Blitz game,https://lichess.org/Y3MRdaze,2024.08.01,-,km7NKiGErZ7eE9yz,Marco093,0-1,2024.08.01,00:00:55,1656,1645,,,A02,Bird Opening,180+2,Normal,"1. f4 1... g6 2. e4 2... Bg7 3. e5 3... d6 4. d4 4... dxe5 5. fxe5 5... f6 6. Bc4 6...
fxe5 7. Bxg8 7... Rxg8 8. Bg5 8... Qxd4 9. Qxd4 9... exd4 10. Nf3 10... Nc6 11. O-O 11... Bg4 12. Nbd2 12... h6 13.
h3 13... Bxf3 14. Nxf3 14... hxg5 15. Nxg5 15... O-O-O 16. Ne6 16... Rd6 17.
Rae1 17... Kd7 18. Nc5 18... Kc8",1. 0:03:00 1... 0:03:00 2. 0:03:01 2... 0:03:01 3. 0:03:03 3... 0:03:01 4. 0:03:05 4... 0:03:00 5. 0:03:06 5... 0:02:56 6. 0:03:01 6... 0:02:51 7. 0:03:02 7... 0:02:48 8. 0:02:53 8... 0:02:43 9. 0:02:53 9... 0:02:44 10. 0:02:55 10... 0:02:40 11. 0:02:55 11... 0:02:34 12. 0:02:56 12... 0:02:28 13. 0:02:52 13... 0:02:28 14. 0:02:52 14... 0:02:29 15. 0:02:54 15... 0:02:28 16. 0:02:55 16... 0:02:20 17. 0:02:55 17... 0:02:11 18. 0:02:51 18... 0:02:04,
Rated Blitz game,https://lichess.org/SeT5pQ8r,2024.08.01,-,LoiuseMichel,NicolaPaglietti,0-1,2024.08.01,00:00:55,2435,2307,,,A16,"English Opening: Anglo-Indian Defense, Anglo-Grünfeld Variation",180+2,Time forfeit,"1. Nf3 1... Nf6 2. c4 2... g6 3. Nc3 3... d5 4. cxd5 4... Nxd5 5. h4 5... h5 6. e4 6...
Nxc3 7. dxc3 7... Qxd1 8. Kxd1 8... Bg4 9.
Kc2 9... Bxf3 10. gxf3 10... Bh6 11. f4 11... Nd7 12. Bh3 12... O-O-O 13. Be3 13... e6 14. Rad1 14... Nb6 15. Bd4 15... Rhe8 16. f5 16... gxf5 17. exf5 17... e5 18.
Bxb6 18... axb6 19. f6 19... Kb8 20. Rxd8 20... Rxd8 21. Rd1 21... Rxd1 22. Kxd1 22... c6 23.
Ke2 23... Kc7 24. Kf3 24... Kd6 25. Ke4 25... b5 26. Bf1 26... Bc1 27.
b3 27... Bd2 28. c4 28... b4 29. Be2 29... Be1 30. Bxh5 30... Bxf2 31. Bxf7 31... Bxh4 32. Kf5 32... e4 33. Bh5 33...
e3",1. 0:03:00 1... 0:03:00 2. 0:03:01 2... 0:03:01 3. 0:03:01 3... 0:03:02 4. 0:03:02 4... 0:03:03 5. 0:03:03 5... 0:02:57 6. 0:03:02 6... 0:02:57 7. 0:03:04 7... 0:02:54 8. 0:03:06 8... 0:02:54 9. 0:03:07 9... 0:02:31 10. 0:03:09 10... 0:02:32 11. 0:03:05 11... 0:02:23 12. 0:02:57 12... 0:02:18 13. 0:02:40 13... 0:02:13 14. 0:02:27 14... 0:01:59 15. 0:01:37 15... 0:01:50 16. 0:00:34 16... 0:01:42 17. 0:00:33 17... 0:01:20 18. 0:00:30 18... 0:01:13 19. 0:00:31 19... 0:01:13 20. 0:00:14 20... 0:01:13 21. 0:00:15 21... 0:00:28 22. 0:00:17 22... 0:00:28 23. 0:00:12 23... 0:00:29 24. 0:00:11 24... 0:00:25 25. 0:00:11 25... 0:00:23 26. 0:00:05 26... 0:00:17 27. 0:00:05 27... 0:00:17 28. 0:00:06 28... 0:00:17 29. 0:00:04 29... 0:00:17 30. 0:00:04 30... 0:00:17 31. 0:00:04 31... 0:00:18 32. 0:00:03 32... 0:00:17 33. 0:00:03 33... 0:00:16,
Rated Blitz game,https://lichess.org/MzFe9rpJ,2024.08.01,-,raiinyuwu,lkosubek,1-0,2024.08.01,00:00:55,1375,1367,,,C00,French Defense: Bird Invitation,180+2,Normal,"1. e4 1... e6 2. Bb5 2... c5 3. Nf3 3... Nf6 4. d3 4... Be7 5. Nc3 5... a6 6. Bc4 6...
d5 7. exd5 7... exd5 8. Bb3 8... Bg4 9. Bg5 9... O-O 10. Qd2 10... Bxf3 11. gxf3 11... d4 12.
Ne4 12... Nxe4 13. fxe4 13... Bxg5 14. Qe2 14... Nc6 15.
Rg1 15... Bf6 16. h4 16... Bxh4 17. O-O-O 17... Bg5 18. Kb1 18... Ne5 19. Rdf1 19... Bf6 20. f4 20... Ng6 21.
f5 21... Ne7 22. e5 22...
Bh4 23. f6 23... Nc6 24. Qg4 24... g6 25. Qxh4 25... Nxe5 26. Qh6 26... Qxf6 27. Rxf6 27... b5 28. Rh1 28... Nd7 29. Qxh7",1. 0:03:00 0. 0:03:00 1... 0:02:56 0. 0:03:00 2. 0:02:56 0. 0:03:00 2... 0:02:56 0. 0:02:59 3. 0:02:52 0. 0:02:58 3... 0:02:45 0. 0:02:57 4. 0:02:45 0. 0:02:58 4... 0:02:44 0. 0:02:56 5. 0:02:35 0. 0:02:55 5... 0:02:36 0. 0:02:54 6. 0:02:38 0. 0:02:52 6... 0:02:38 0. 0:02:52 7. 0:02:40 0. 0:02:52 7... 0:02:35 0. 0:02:49 8. 0:02:32 0. 0:02:47 8... 0:02:32 0. 0:02:47 9. 0:02:31 0. 0:02:45 9... 0:02:31 0. 0:02:43 10. 0:02:29 1. 0:02:31 10... 0:02:26 1. 0:02:28 11. 0:02:17 1. 0:02:28 11... 0:02:16 0. 0:02:02 12. 0:02:04 4. 0:02:01 12... 0:01:58 4. 0:01:53 13. 0:01:58 4. 0:01:54 13... 0:01:57 4. 0:01:44 14. 0:01:57 5. 0:01:38 14... 0:01:58 5. 0:01:19 15. 0:01:56,
Rated Blitz game,https://lichess.org/snq4hIeB,2024.08.01,-,R_guti,isandoqa2,0-1,2024.08.01,00:00:33,1955,2012,,,C50,Italian Game: Blackburne-Kostić Gambit,180+2,Normal,"1. e4 1... e5 2. Nf3 2... Nc6 3. Bc4 3... Nd4 4. Nxe5 4... Qg5 5.
Nxf7 5... Qxg2 6. Rf1 6... Qxe4 7. Be2 7... Nf3",1. 0:03:00 1... 0:03:00 2. 0:03:01 2... 0:03:01 3. 0:03:02 3... 0:02:58 4. 0:02:48 4... 0:02:52 5. 0:02:05 5... 0:02:46 6. 0:01:56 6... 0:02:45 7. 0:01:49 7... 0:02:42,
Rated Blitz game,https://lichess.org/XMbInMPO,2024.08.01,-,Andreeeichuk,Antonmcs,1-0,2024.08.01,00:00:33,1538,1539,,,B22,"Sicilian Defense: Alapin Variation, Barmen Defense, Central Exchange",180+2,Time forfeit,"1. e4 1... c5 2. c3 2... Nc6 3. d4 3... cxd4 4. cxd4 4... d5 5.
exd5 5... Qxd5 6. Nf3 6... Bg4 7. Be2 7... Nf6 8. Nc3 8... Qh5 9. Nb5 9... O-O-O 10. Be3 10... e6 11. Rc1 11... Kb8 12. Bf4 12... Kc8 13.
Nxa7 13... Kd7 14. Qa4 14... Qa5 15. Qxa5 15... Nxa5 16. Rc7 16... Ke8 17. Bb5 17... Nd7 18.
Ne5 18... Nc6 19. Naxc6 19... Bd6 20. Nxd8 20... Bxc7 21. Nxb7 21... Bxe5 22. Bxe5 22... Ke7 23.
O-O 23... Nxe5 24. dxe5 24... Rb8 25. Bc6 25... f5 26. f3 26... Bh5 27. Rd1 27... Be8 28.
Bxe8 28... Kxe8 29. Nd6 29... Ke7 30. Rd2 30... g5 31. g3 31... h5 32. Kf2 32... g4 33.
f4",1. 0:03:00 1... 0:03:00 2. 0:03:01 2... 0:03:00 3. 0:03:01 3... 0:02:59 4. 0:03:02 4... 0:02:59 5. 0:02:55 5... 0:03:01 6. 0:02:55 6... 0:02:57 7. 0:02:51 7... 0:02:47 8. 0:02:51 8... 0:02:34 9. 0:02:22 9... 0:02:29 10. 0:02:07 10... 0:02:22 11. 0:02:05 11... 0:02:12 12. 0:01:18 12... 0:02:04 13. 0:01:15 13... 0:01:57 14. 0:00:53 14... 0:01:39 15. 0:00:51 15... 0:01:41 16. 0:00:38 16... 0:01:36 17. 0:00:30 17... 0:01:23 18. 0:00:21 18... 0:01:11 19. 0:00:13 19... 0:01:00 20. 0:00:12 20... 0:00:55 21. 0:00:08 21... 0:00:42 22. 0:00:06 22... 0:00:41 23. 0:00:06 23... 0:00:37 24. 0:00:07 24... 0:00:32 25. 0:00:08 25... 0:00:23 26. 0:00:08 26... 0:00:23 27. 0:00:10 27... 0:00:19 28. 0:00:10 28... 0:00:18 29. 0:00:10 29... 0:00:15 30. 0:00:11 30... 0:00:13 31. 0:00:12 31... 0:00:13 32. 0:00:13 32... 0:00:10 33. 0:00:14,
Rated Blitz game,https://lichess.org/GAxps1rb,2024.08.01,-,Jorge_Andor,Il_dar-1987,1-0,2024.08.01,00:00:33,1633,1634,,,A13,"English Opening: Agincourt Defense, Wimpy System",180+2,Normal,"1. b3 1... e6 2. Bb2 2... d5 3. e3 3... Nf6 4. Nf3 4... c5 5. c4 5... Nc6 6. cxd5 6... exd5 7. Be2 7... d4 8. O-O 8... Be7 9. exd4 9...
cxd4 10. d3 10... O-O 11. Re1 11... Qc7 12. Nbd2 12... Ng4 13. h3 13...
Nxf2 14. Kxf2 14... Bh4 15. Nxh4 15... Qf4 16. Nhf3 16... Rd8 17. Ne4 17... Ne5 18. Qd2 18... Qf5 19. Rac1 19... Bd7 20. Bxd4 20... Nxf3 21. Bxf3 21... Bc6 22. Bb2 22... Rd7 23. Rxc6 23... bxc6 24. Qe3 24... Rad8 25. d4 25... Qa5 26.
Nc5 26... Rxd4 27. Qe8",1. 0:03:00 1... 0:03:00 2. 0:03:01 2... 0:03:02 3. 0:03:03 3... 0:03:03 4. 0:03:04 4... 0:03:03 5. 0:03:05 5... 0:03:02 6. 0:03:05 6... 0:02:59 7. 0:03:06 7... 0:03:00 8. 0:03:08 8... 0:03:01 9. 0:03:00 9... 0:03:00 10. 0:02:58 10... 0:02:59 11. 0:02:59 11... 0:02:56 12. 0:03:00 12... 0:02:56 13. 0:02:59 13... 0:02:29 14. 0:02:58 14... 0:02:30 15. 0:02:58 15... 0:02:18 16. 0:02:56 16... 0:02:13 17. 0:02:51 17... 0:01:53 18. 0:02:48 18... 0:01:51 19. 0:02:34 19... 0:01:51 20. 0:02:16 20... 0:01:45 21. 0:02:15 21... 0:01:43 22. 0:02:06 22... 0:01:35 23. 0:02:05 23... 0:01:33 24. 0:02:02 24... 0:01:30 25. 0:02:00 25... 0:01:11 26. 0:01:55 26... 0:00:41 27. 0:01:53,
Rated Blitz game,https://lichess.org/9nkD07Aq,2024.08.01,-,constine,yanise,0-1,2024.08.01,00:00:08,1933,1866,,,C00,French Defense: Alapin Gambit,180+2,Time forfeit,"1. e4 1... e6 2. d4 2... d5 3. Be3 3... dxe4 4. Nd2 4... Nf6 5. f3 5... exf3 6. Ngxf3 6... Be7 7. Bd3 7... O-O 8. O-O 8... b6 9. c3 9... Bb7 10. Qe1 10...
Nbd7 11. Ne5 11... c5 12. Nxd7 12... Nxd7 13. Ne4 13... cxd4 14. Bxd4 14... Rc8 15. Rd1 15... Qc7 16. Bf2 16... Nc5 17.
Nxc5 17... Bxc5 18. Kh1 18... Qc6 19. Rg1 19... Rfd8 20. Bxc5 20... Qxc5 21. Be4 21... Rxd1 22.
Qxd1 22... Bxe4 23. Rf1 23... h6 24. Qd7 24...
Qc6 25. Qxf7 25... Kh8 26. Rg1 26... Rd8 27.
b4 27... Rd2 28. Qf8 28... Kh7 29. Qf1 29... Rxa2 30. h3 30... Qxc3",1. 0:03:00 1... 0:03:00 2. 0:03:01 2... 0:03:01 3. 0:03:01 3... 0:02:59 4. 0:03:02 4... 0:03:00 5. 0:03:02 5... 0:02:57 6. 0:03:03 6... 0:02:57 7. 0:03:03 7... 0:02:58 8. 0:03:03 8... 0:02:59 9. 0:02:57 9... 0:02:59 10. 0:02:48 10... 0:02:59 11. 0:02:43 11... 0:02:57 12. 0:02:27 12... 0:02:44 13. 0:02:19 13... 0:02:43 14. 0:02:18 14... 0:02:19 15. 0:02:00 15... 0:01:55 16. 0:01:15 16... 0:01:48 17. 0:01:07 17... 0:01:48 18. 0:01:01 18... 0:01:41 19. 0:00:52 19... 0:01:38 20. 0:00:45 20... 0:01:38 21. 0:00:43 21... 0:01:33 22. 0:00:39 22... 0:01:33 23. 0:00:35 23... 0:01:16 24. 0:00:35 24... 0:01:14 25. 0:00:35 25... 0:01:12 26. 0:00:29 26... 0:01:10 27. 0:00:23 27... 0:01:09 28. 0:00:15 28... 0:01:05 29. 0:00:14 29... 0:00:47 30. 0:00:14 30... 0:00:42,
Rated Blitz game,https://lichess.org/DJM2ciRJ,2024.08.01,-,totti20500,Esmailelsheikh,0-1,2024.08.01,00:01:04,1861,1870,,,C26,"Bishop's Opening: Vienna Hybrid, Spielmann Attack",180+2,Normal,"1. e4 1... e5 2. Bc4 2... Nf6 3. Nc3 3... Bc5 4. d3 4... O-O 5. h3 5... c6 6. a3 6... d5 7. exd5 7... cxd5 8.
Ba2 8... Nc6 9. Bg5 9... e4 10. dxe4 10... dxe4 11. Bxf6 11... Qxf6 12. Nxe4 12... Re8 13. Qe2 13... Qxb2 14. Bxf7 14... Kxf7 15. Ng5 15... Kf8 16. Nxh7 16... Kf7 17. Ng5 17... Kf8 18. Nh7 18... Kf7 19. Ng5 19... Kf6 20. Ne4 20... Rxe4 21. Qxe4 21... Qxa1 22. Kd2 22... Bf5 23. Qh4 23... Kf7 24. Qh5 24... g6 25. Qh7 25... Kf6 26. Qh4 26... Kg7 27.
Ne2 27... Rd8",1. 0:03:00 1... 0:03:00 2. 0:03:00 2... 0:03:01 3. 0:03:01 3... 0:03:03 4. 0:03:01 4... 0:03:04 5. 0:03:01 5... 0:03:05 6. 0:03:02 6... 0:03:06 7. 0:03:02 7... 0:03:08 8. 0:03:04 8... 0:03:05 9. 0:03:05 9... 0:03:03 10. 0:02:59 10... 0:03:03 11. 0:02:45 11... 0:03:04 12. 0:02:43 12... 0:02:58 13. 0:02:28 13... 0:02:54 14. 0:02:04 14... 0:02:52 15. 0:01:59 15... 0:02:48 16. 0:01:59 16... 0:02:44 17. 0:02:00 17... 0:02:44 18. 0:01:55 18... 0:02:43 19. 0:01:55 19... 0:02:43 20. 0:01:50 20... 0:02:42 21. 0:01:46 21... 0:02:43 22. 0:01:41 22... 0:02:36 23. 0:01:37 23... 0:02:36 24. 0:01:32 24... 0:02:34 25. 0:01:31 25... 0:02:35 26. 0:01:15 26... 0:02:28 27. 0:00:51 27... 0:02:28,
Rated Blitz game,https://lichess.org/TE2hJ4Bz,2024.08.01,-,syl59,capablanca_velez,0-1,2024.08.01,00:00:58,1772,1734,,,B60,Sicilian Defense: Richter-Rauzer Variation,180+2,Normal,"1. e4 1... c5 2. Nf3 2... d6 3. d4 3... cxd4 4. Nxd4 4... Nc6 5.
Nc3 5... Nf6 6. Bg5 6... a6 7. f4 7... e5 8. fxe5 8... Nxe5 9. Nd5 9... Be7 10. Nxe7 10... Qxe7 11. Be2 11... Be6 12. O-O 12... h6 13.
Bh4 13... g5 14. Bg3 14... O-O-O 15. Nxe6 15... Qxe6 16. Qd4 16... Kb8 17.
b4 17... Nc6 18. Qb6 18... Nxe4 19. Bf2 19... Nxf2 20. Rxf2 20... f5 21.
Bxa6 21... Rd7 22. Re2 22... Ne5 23. Rae1 23... Re8 24. Bb5 24... f4 25.
Bxd7 25... Qxd7 26. a4 26... f3 27. Re3 27... f2 28. Kxf2 28... Ng4 29. Kg1 29... Rxe3 30. Rxe3 30... Nxe3 31. Qxe3 31... Qxa4 32. Qc3 32... Qc6 33. Qh8 33... Ka7 34.
Qa1 34... Qa6 35. Qxa6 35... Kxa6 36. Kf2 36... Kb5 37. Kg3 37... Kxb4 38. Kg4 38... Kc3 39.
Kh5 39... Kxc2 40. Kxh6 40... b5",1. 0:03:00 1... 0:03:00 2. 0:03:00 2... 0:02:58 3. 0:03:01 3... 0:02:59 4. 0:03:03 4... 0:03:00 5. 0:03:04 5... 0:03:00 6. 0:03:05 6... 0:02:58 7. 0:03:00 7... 0:02:57 8. 0:02:53 8... 0:02:53 9. 0:02:46 9... 0:02:52 10. 0:02:26 10... 0:02:52 11. 0:02:18 11... 0:02:53 12. 0:02:17 12... 0:02:53 13. 0:02:17 13... 0:02:51 14. 0:02:17 14... 0:02:50 15. 0:02:17 15... 0:02:34 16. 0:01:57 16... 0:02:27 17. 0:01:40 17... 0:02:22 18. 0:01:39 18... 0:02:13 19. 0:01:19 19... 0:02:13 20. 0:01:21 20... 0:02:03 21. 0:01:17 21... 0:02:01 22. 0:01:09 22... 0:01:50 23. 0:01:03 23... 0:01:48 24. 0:00:45 24... 0:01:46 25. 0:00:39 25... 0:01:46 26. 0:00:36 26... 0:01:46 27. 0:00:33 27... 0:01:34 28. 0:00:34 28... 0:01:35 29. 0:00:32 29... 0:01:31 30. 0:00:34 30... 0:01:32 31. 0:00:35 31... 0:01:33 32. 0:00:09 32... 0:01:31 33. 0:00:08 33... 0:01:30 34. 0:00:10 34... 0:01:23 35. 0:00:10 35... 0:01:24 36. 0:00:12 36... 0:01:24 37. 0:00:13 37... 0:01:25 38. 0:00:15 38... 0:01:25 39. 0:00:16 39... 0:01:26 40. 0:00:18 40... 0:01:27,
Rated Blitz game,https://lichess.org/zu1lnxSv,2024.08.01,-,Nasser1771,bandar1771,1-0,2024.08.01,00:00:59,945,594,,,C44,King's Pawn Game: Dresden Opening,180+2,Normal,"1. e4 1... e5 2. Nf3 2... Nc6 3. c4 3... Bc5 4. Bd3 4... d5 5. O-O 5... Bd7 6. Re1 6...
Qe7 7. Nc3 7... O-O-O 8. Nxd5 8... Qe6 9. Ng5 9... Qe8 10. Qf3 10...
Nd4 11. Qe3 11... Bc6 12. f4 12... Ne2 13. Rxe2 13... Bxe3 14. Rxe3 14... exf4 15. Nxf4 15... Rxd3 16. Nxd3 16... Bxe4 17. Nxe4 17... Nf6 18. Nd6 18... cxd6 19. Rxe8 19... Rxe8 20. b4 20... Ne4 21. c5 21... dxc5 22.
Nxc5 22... Nxc5 23. bxc5 23... Re1 24. Kf2 24... Rh1 25. Kg3 25... h5 26. h3 26... g5 27. d4 27... f5 28. d5 28...
g4 29. d6 29... gxh3 30. gxh3 30... f4 31. Kxf4 31... Rf1 32. Kg3 32... Rg1 33. Kf2 33... Rh1 34. Kg3 34... b5 35.
c6 35... b4 36. d7 36... Kd8 37. Bg5 37... Kc7 38. Rxh1 38... Kxc6 39. d8=Q 39... h4 40. Kxh4 40... Kc5 41. Rc1",1. 0:03:00 1... 0:03:00 2. 0:03:01 2... 0:03:01 3. 0:02:57 3... 0:03:00 4. 0:02:52 4... 0:03:02 5. 0:02:47 5... 0:03:02 6. 0:02:41 6... 0:03:03 7. 0:02:33 7... 0:03:04 8. 0:02:32 8... 0:02:59 9. 0:02:23 9... 0:02:52 10. 0:02:15 10... 0:02:53 11. 0:02:11 11... 0:02:53 12. 0:02:03 12... 0:02:54 13. 0:02:01 13... 0:02:56 14. 0:02:03 14... 0:02:55 15. 0:01:57 15... 0:02:45 16. 0:01:53 16... 0:02:47 17. 0:01:52 17... 0:02:48 18. 0:01:44 18... 0:02:49 19. 0:01:44 19... 0:02:51 20. 0:01:38 20... 0:02:50 21. 0:01:32 21... 0:02:51 22. 0:01:29 22... 0:02:53 23. 0:01:29 23... 0:02:55 24. 0:01:29 24... 0:02:55 25. 0:01:28 25... 0:02:54 26. 0:01:27 26... 0:02:54 27. 0:01:26 27... 0:02:56 28. 0:01:23 28... 0:02:57 29. 0:01:20 29... 0:02:58 30. 0:01:21 30... 0:02:59 31. 0:01:20 31... 0:03:00 32. 0:01:21 32... 0:02:59 33. 0:01:22 33... 0:02:58 34. 0:01:23 34... 0:02:57 35. 0:01:23 35... 0:02:57 36. 0:01:22 36... 0:02:57 37. 0:01:22 37... 0:02:58 38. 0:01:23 38... 0:02:57 39. 0:01:24 39... 0:02:57 40. 0:01:25 40... 0:02:58 41. 0:01:25,
Rated Blitz game,https://lichess.org/Ftcc5ZeG,2024.08.01,-,weto90ewl,sommerogsol,1-0,2024.08.01,00:00:40,1186,1146,,,C23,Bishop's Opening: Boi Variation,180+2,Time forfeit,"1. e4 1... e5 2. Bc4 2... Bc5 3. Qf3 3... Qf6 4. Qxf6 4... Nxf6 5.
Nf3 5... d6 6. O-O 6... Bg4 7. h3 7... Bxf3 8. gxf3 8... Nh5 9. d3 9... Nd7 10. Bg5 10...
f6 11. Be3 11... g5 12. Bxc5 12... Nxc5 13. Nc3 13... c6 14. b4 14...
Na6 15. b5 15... Nc5 16. bxc6 16... bxc6 17. Rab1 17... Kf8 18. Ne2 18... Nf4 19. Nxf4 19... gxf4 20. Kh2 20... a5 21.
Rg1 21... Ke7 22. Rg7 22... Kd8 23. Rb6 23... Nd7 24. Rxc6 24... a4 25.
Rxd6 25... a3 26. Rdxd7 26... Ke8 27. Rge7 27... Kf8 28. Bd5 28... h5 29. Bxa8",1. 0:03:00 1... 0:03:00 2. 0:02:57 2... 0:02:59 3. 0:02:57 3... 0:02:52 4. 0:02:52 4... 0:02:51 5. 0:02:50 5... 0:02:46 6. 0:02:46 6... 0:02:33 7. 0:02:30 7... 0:02:33 8. 0:02:30 8... 0:02:32 9. 0:02:29 9... 0:02:28 10. 0:02:21 10... 0:02:20 11. 0:02:13 11... 0:02:20 12. 0:01:54 12... 0:02:15 13. 0:01:50 13... 0:02:04 14. 0:01:47 14... 0:01:58 15. 0:01:41 15... 0:01:46 16. 0:01:41 16... 0:01:44 17. 0:01:41 17... 0:01:18 18. 0:01:22 18... 0:01:07 19. 0:01:22 19... 0:01:06 20. 0:01:19 20... 0:00:57 21. 0:01:13 21... 0:00:54 22. 0:01:08 22... 0:00:52 23. 0:01:06 23... 0:00:48 24. 0:01:04 24... 0:00:48 25. 0:01:04 25... 0:00:44 26. 0:01:01 26... 0:00:43 27. 0:00:55 27... 0:00:27 28. 0:00:53 28... 0:00:25 29. 0:00:52,
Rated Blitz game,https://lichess.org/f2LEX1Dl,2024.08.01,-,Mufasa5000,OsamaTheChessMan,1-0,2024.08.01,00:00:40,1145,1070,,,B01,Scandinavian Defense,180+2,Normal,"1. e4 1... d5 2. e5 2... e6 3. Nf3 3... Nc6 4. c4 4... Nh6 5. cxd5 5... Qxd5 6. Nc3 6...
Qd8 7. d4 7... Bb4 8.
d5 8... exd5 9. a3 9... Bxc3 10. bxc3 10... Be6 11. Nd4 11... Nxe5 12.
Nxe6 12... fxe6 13. Be2 13... Qf6 14. O-O 14... Neg4 15. Bb2 15... Ne5 16. c4 16... O-O-O 17.
Qb3 17... Rhe8 18. Rab1 18... c6 19. Bxe5 19... Qxe5 20. Qxb7",1. 0:03:00 1... 0:03:00 2. 0:03:01 2... 0:02:56 3. 0:03:00 3... 0:02:55 4. 0:03:01 4... 0:02:49 5. 0:03:02 5... 0:02:50 6. 0:03:00 6... 0:02:49 7. 0:02:58 7... 0:02:45 8. 0:02:58 8... 0:02:40 9. 0:02:46 9... 0:02:38 10. 0:02:46 10... 0:02:34 11. 0:02:47 11... 0:02:25 12. 0:02:41 12... 0:02:07 13. 0:02:25 13... 0:01:47 14. 0:02:25 14... 0:01:32 15. 0:02:19 15... 0:01:25 16. 0:02:13 16... 0:01:22 17. 0:02:04 17... 0:01:12 18. 0:02:03 18... 0:01:08 19. 0:01:49 19... 0:01:05 20. 0:01:48,
Rated Blitz game,https://lichess.org/kyzzuZB1,2024.08.01,-,Desperado1986,Juliodav,0-1,2024.08.01,00:00:40,1872,1984,,,B56,Sicilian Defense: Classical Variation,180+2,Normal,"1. e4 1... c5 2. Nf3 2... Nc6 3. d4 3... cxd4 4. Nxd4 4... Nf6 5.
Nc3 5... d6 6. Be3 6... a6 7. Be2 7... e5 8. Nf5 8... Bxf5 9. exf5 9... Be7 10. Qd2 10...
d5 11. O-O-O 11... d4 12. Bg5 12... dxc3 13. Qxc3 13... Qb6 14. Be3 14... Qc7 15. g4 15... O-O 16. g5 16... Ne4 17.
Qd3 17... Nxg5 18. h4 18... e4 19. Qc4 19... Nf3 20. Qxe4 20... Nce5 21. Bxf3 21... Nxf3 22. Qxf3 22... Rac8 23. Qe2 23... Bf6 24. h5 24... Qe5 25. b3 25... Qb2 26.
Kd2 26... Rxc2",1. 0:03:00 1... 0:03:00 2. 0:03:01 2... 0:03:01 3. 0:03:03 3... 0:03:02 4. 0:03:05 4... 0:03:03 5. 0:03:07 5... 0:03:05 6. 0:03:07 6... 0:03:06 7. 0:03:08 7... 0:03:06 8. 0:03:09 8... 0:03:07 9. 0:03:11 9... 0:03:06 10. 0:03:11 10... 0:03:07 11. 0:03:11 11... 0:03:08 12. 0:03:04 12... 0:03:03 13. 0:03:03 13... 0:02:57 14. 0:02:40 14... 0:02:43 15. 0:02:37 15... 0:02:43 16. 0:02:38 16... 0:02:42 17. 0:02:21 17... 0:02:39 18. 0:01:58 18... 0:02:39 19. 0:01:37 19... 0:02:36 20. 0:01:17 20... 0:02:21 21. 0:00:58 21... 0:02:20 22. 0:00:58 22... 0:02:21 23. 0:00:42 23... 0:02:16 24. 0:00:29 24... 0:02:15 25. 0:00:09 25... 0:02:12 26. 0:00:08 26... 0:02:12,
Rated Blitz game,https://lichess.org/MbFp8kz8,2024.08.01,-,dnew15,pourygin,1-0,2024.08.01,00:00:40,1257,1345,,,C45,Scotch Game: Schmidt Variation,180+2,Normal,"1. e4 1... e5 2. Nf3 2... Nc6 3. d4 3... exd4 4. Nxd4 4... Nf6 5.
Nxc6 5... bxc6 6. Bd3 6... Bc5 7. Bg5 7... O-O 8. O-O 8... h6 9. Bxf6 9... Qxf6 10. c3 10...
d5 11. exd5 11... cxd5 12. Bb5 12... c6 13. Be2 13... Re8 14. a4 14...
a5 15. Nd2 15... Bd7 16. Nf3 16... Rab8 17. Qc2 17... Bf5 18. Qd2 18... Be4 19. Rae1 19... Rb3 20. h3 20... Reb8 21.
Qc1 21... Rxb2 22. Nd4 22... Bxd4 23. cxd4 23... Qxd4 24. Qxc6",1. 0:03:00 1... 0:03:00 2. 0:03:01 2... 0:03:01 3. 0:03:02 3... 0:03:02 4. 0:03:04 4... 0:03:03 5. 0:03:04 5... 0:03:04 6. 0:03:02 6... 0:02:51 7. 0:03:02 7... 0:02:45 8. 0:02:59 8... 0:02:34 9. 0:02:50 9... 0:02:34 10. 0:02:46 10... 0:02:28 11. 0:02:30 11... 0:02:27 12. 0:02:26 12... 0:02:18 13. 0:02:09 13... 0:02:05 14. 0:02:06 14... 0:02:02 15. 0:01:54 15... 0:01:49 16. 0:01:49 16... 0:01:36 17. 0:01:31 17... 0:01:17 18. 0:01:26 18... 0:00:24 19. 0:01:20 19... 0:00:09 20. 0:01:06 20... 0:00:09 21. 0:00:45 21... 0:00:09 22. 0:00:45 22... 0:00:08 23. 0:00:45 23... 0:00:09 24. 0:00:44,
Rated Blitz game,https://lichess.org/x2CbYMdq,2024.08.01,-,Kpragna2022,AAGG,0-1,2024.08.01,00:00:40,2391,2260,,,A31,"English Opening: Symmetrical Variation, Anti-Benoni Variation",180+2,Normal,"1. d4 1... Nf6 2. c4 2... c5 3. Nf3 3... cxd4 4. Nxd4 4... b6 5. Nc3 5... Bb7 6. f3 6... e6 7. e4 7... d6 8. Be3 8... Be7 9. Rc1 9...
a6 10. Qd2 10... O-O 11. Be2 11... Nbd7 12. O-O 12... Rc8 13. Rfd1 13... Qc7 14. Bf1 14... h5 15. Qf2 15... Qb8 16.
a3 16... Ne5 17. b3 17... Rfe8 18. h3 18... Ng6 19. Bd3 19... Qa8 20.
f4 20... Nxe4 21. Nxe4 21... Bxe4 22. f5 22... exf5 23. Nxf5 23... Bxf5 24. Bxf5 24... Bh4 25. Qd2 25... Rxe3 26. Qxe3 26... Re8 27. Qf3 27... Qxf3 28. gxf3 28... Nf4 29.
Rc2 29... g6 30. Bd7 30... Re3 31. Rf1 31... f5 32. Kh2 32... Rxb3 33.
a4 33... Bf6 34. Bc6 34... Be5 35. Kh1 35... Nxh3 36. Rg2 36... Nf4 37.
Rc2 37... Kg7 38. Re1 38... Kf6 39. Bb7 39... a5 40. Bc6 40... h4 41.
Rh2 41... g5 42. Rc2 42... g4 43. fxg4 43... fxg4 44. Rd1 44... h3 45.
Rg1 45... Kg5 46. Bd5 46... Nd3 47. c5 47... Rc3 48. Rxc3 48... Nf2",1. 0:03:00 1... 0:03:00 2. 0:02:51 2... 0:03:01 3. 0:02:48 3... 0:02:58 4. 0:02:49 4... 0:02:59 5. 0:02:47 5... 0:03:00 6. 0:02:48 6... 0:03:00 7. 0:02:49 7... 0:03:01 8. 0:02:49 8... 0:03:01 9. 0:02:51 9... 0:03:01 10. 0:02:51 10... 0:03:02 11. 0:02:53 11... 0:03:03 12. 0:02:54 12... 0:03:05 13. 0:02:54 13... 0:03:06 14. 0:02:55 14... 0:03:04 15. 0:02:53 15... 0:03:00 16. 0:02:51 16... 0:02:58 17. 0:02:51 17... 0:02:56 18. 0:02:51 18... 0:02:37 19. 0:02:48 19... 0:02:14 20. 0:02:46 20... 0:02:12 21. 0:02:43 21... 0:02:13 22. 0:02:44 22... 0:02:04 23. 0:02:43 23... 0:01:40 24. 0:02:42 24... 0:01:14 25. 0:02:37 25... 0:01:04 26. 0:02:35 26... 0:01:05 27. 0:02:32 27... 0:01:02 28. 0:02:33 28... 0:01:03 29. 0:02:22 29... 0:01:01 30. 0:02:21 30... 0:00:55 31. 0:02:03 31... 0:00:56 32. 0:02:02 32... 0:00:54 33. 0:01:59 33... 0:00:42 34. 0:01:24 34... 0:00:42 35. 0:01:23 35... 0:00:42 36. 0:01:24 36... 0:00:43 37. 0:01:21 37... 0:00:32 38. 0:01:17 38... 0:00:28 39. 0:01:13 39... 0:00:28 40. 0:01:13 40... 0:00:29 41. 0:01:06 41... 0:00:30 42. 0:01:04 42... 0:00:24 43. 0:01:05 43... 0:00:26 44. 0:01:05 44... 0:00:19 45. 0:00:59 45... 0:00:13 46. 0:00:27 46... 0:00:13 47. 0:00:23 47... 0:00:07 48. 0:00:22 48... 0:00:06,
Rated Blitz game,https://lichess.org/7Hs4nUmY,2024.08.01,-,mag64,stonkfish9,1-0,2024.08.01,00:00:40,1524,1523,,,C54,"Italian Game: Classical Variation, Giuoco Pianissimo, with d6",180+2,Normal,"1. e4 1... e5 2. Nf3 2... Nc6 3. Bc4 3... Nf6 4. d3 4... Bc5 5. c3 5... d6 6. a3 6... O-O 7. Bg5 7... Be6 8. Qe2 8... Bxc4 9. dxc4 9...
a5 10. Nbd2 10... h6 11. Bh4 11... g5 12. Bg3 12... Nh5 13. O-O-O 13... Nf4 14. Bxf4 14... exf4 15. g3 15... Qf6 16.
h4 16... Ne5 17. hxg5 17... hxg5 18. Nxe5 18... Qxe5 19. Nf3 19... Qf6 20.
Rh5 20... Rfe8 21. Rxg5 21... Kf8 22. Rdd5 22... fxg3 23. fxg3 23... Qh6 24. Kb1 24... Qh1 25.
Ka2 25... Re6 26. e5 26... Rxe5 27. Nxe5 27... dxe5 28. Rxc5 28... Rd8 29.
Rgxe5 29... Qf1",1. 0:03:00 1... 0:03:00 2. 0:03:00 2... 0:03:01 3. 0:03:00 3... 0:03:02 4. 0:03:01 4... 0:03:03 5. 0:03:00 5... 0:03:04 6. 0:03:00 6... 0:03:02 7. 0:03:00 7... 0:02:57 8. 0:02:57 8... 0:02:56 9. 0:02:57 9... 0:02:47 10. 0:02:58 10... 0:02:45 11. 0:02:57 11... 0:02:43 12. 0:02:57 12... 0:02:42 13. 0:02:40 13... 0:02:40 14. 0:02:33 14... 0:02:28 15. 0:02:33 15... 0:02:22 16. 0:02:25 16... 0:02:15 17. 0:02:23 17... 0:02:12 18. 0:02:18 18... 0:02:00 19. 0:02:09 19... 0:01:45 20. 0:02:03 20... 0:01:24 21. 0:02:02 21... 0:01:25 22. 0:01:48 22... 0:01:20 23. 0:01:39 23... 0:01:05 24. 0:01:29 24... 0:00:53 25. 0:01:29 25... 0:00:29 26. 0:01:26 26... 0:00:23 27. 0:01:25 27... 0:00:12 28. 0:01:20 28... 0:00:13 29. 0:01:11 29... 0:00:03,
Rated Blitz game,https://lichess.org/6SVl9LIZ,2024.08.01,-,fly_n,Facocerorugoso,1-0,2024.08.01,00:00:40,1645,1699,,,D30,"Queen's Gambit Declined: Tarrasch Defense, Pseudo-Tarrasch",180+2,Normal,"1. Nf3 1... d5 2. d4 2... e6 3. c4 3... c5 4. g3 4... cxd4 5. Nxd4 5... Nf6 6. Bg2 6...
Nc6 7. cxd5 7... Nxd5 8. O-O 8... Be7 9. Nxc6 9... bxc6 10. Qc2 10... Bb7 11. Rd1 11... Qc8 12. a3 12... O-O 13.
Bd2 13... Bf6 14. Nc3 14... Rd8 15. Rac1 15... Rb8 16. Na4 16... Ba6 17.
Ba5 17... Rd7 18. Nc5 18... Re7 19. b4 19... Re8 20. Nxa6 20... Qxa6 21. e3 21... Rec8 22. Bxd5 22... cxd5 23. Qd2 23... Rxc1 24. Rxc1 24... Rc8 25. Rxc8 25... Qxc8 26. Kg2 26... a6 27. Qd3 27... Qc4 28. Qxc4 28... dxc4 29. a4 29... c3 30. b5 30... c2 31.
Bd2 31... Bb2 32. bxa6 32... c1=Q 33. Bxc1 33... Bxc1 34. a7 34... g6 35.
a8=Q 35... Kg7 36. Qe4 36... Kf6 37. Qc2 37... Ba3 38. Qb3 38... Be7 39. a5 39... Kg7 40.
a6 40... Bc5 41. Qb7 41... Kf6 42. a7",1. 0:03:00 1... 0:03:00 2. 0:03:00 2... 0:02:59 3. 0:03:01 3... 0:03:00 4. 0:03:02 4... 0:03:01 5. 0:03:00 5... 0:03:01 6. 0:02:59 6... 0:03:02 7. 0:02:57 7... 0:03:01 8. 0:02:50 8... 0:03:00 9. 0:02:40 9... 0:03:00 10. 0:02:36 10... 0:02:55 11. 0:02:31 11... 0:02:44 12. 0:02:08 12... 0:02:45 13. 0:01:58 13... 0:02:43 14. 0:01:54 14... 0:02:42 15. 0:01:52 15... 0:02:41 16. 0:01:27 16... 0:02:29 17. 0:00:46 17... 0:02:17 18. 0:00:44 18... 0:02:02 19. 0:00:43 19... 0:01:41 20. 0:00:43 20... 0:01:38 21. 0:00:37 21... 0:01:29 22. 0:00:20 22... 0:01:13 23. 0:00:20 23... 0:01:07 24. 0:00:20 24... 0:01:05 25. 0:00:10 25... 0:01:07 26. 0:00:08 26... 0:00:58 27. 0:00:08 27... 0:00:51 28. 0:00:08 28... 0:00:53 29. 0:00:09 29... 0:00:51 30. 0:00:10 30... 0:00:52 31. 0:00:10 31... 0:00:49 32. 0:00:10 32... 0:00:27 33. 0:00:10 33... 0:00:28 34. 0:00:12 34... 0:00:26 35. 0:00:12 35... 0:00:28 36. 0:00:12 36... 0:00:30 37. 0:00:13 37... 0:00:29 38. 0:00:13 38... 0:00:29 39. 0:00:14 39... 0:00:29 40. 0:00:16 40... 0:00:30 41. 0:00:17 41... 0:00:30 42. 0:00:18,
Rated Blitz game,https://lichess.org/FfzfTuEo,2024.08.01,-,babyfork,shakibes15,1-0,2024.08.01,00:00:40,1539,1524,,,C50,"Italian Game: Giuoco Pianissimo, Italian Four Knights Variation",180+2,Normal,"1. e4 1... e5 2. Nf3 2... Nc6 3. Nc3 3... Nf6 4. Bc4 4... Bc5 5. d3 5... Ng4 6. O-O 6...
d6 7. h3 7... h5 8.
Bg5 8... f6 9. Bd2 9... Nd4 10. Nd5 10... c6 11. Ne3 11... Nxf3 12. Qxf3 12... Nxe3 13. Bxe3 13... Bxe3 14. Qxe3 14... d5 15. Bb3 15... d4 16. Qg3 16... Qe7 17.
f4 17... a5 18. Qg6 18... Qf7 19. Qxf7 19... Kd8 20. fxe5",1. 0:03:00 1... 0:03:00 2. 0:03:01 2... 0:03:01 3. 0:03:02 3... 0:03:03 4. 0:03:01 4... 0:03:04 5. 0:03:01 5... 0:03:05 6. 0:02:59 6... 0:03:05 7. 0:02:58 7... 0:03:07 8. 0:02:45 8... 0:03:05 9. 0:02:44 9... 0:03:01 10. 0:01:53 10... 0:02:56 11. 0:01:53 11... 0:02:53 12. 0:01:50 12... 0:02:54 13. 0:01:50 13... 0:02:54 14. 0:01:52 14... 0:02:48 15. 0:01:43 15... 0:02:42 16. 0:01:43 16... 0:02:39 17. 0:01:41 17... 0:02:34 18. 0:01:37 18... 0:02:32 19. 0:01:36 19... 0:02:32 20. 0:01:37,
Rated Blitz game,https://lichess.org/xkWRzIgE,2024.08.01,-,mohammad7798,tluwuk,0-1,2024.08.01,00:00:40,1542,1602,,,D00,Queen's Pawn Game,180+2,Normal,"1. d4 1... d5 2. g3 2... Bf5 3. Bg2 3... e6 4. Nf3 4... h5 5. O-O 5... Nf6 6. h4 6...
Be7 7. Ne5 7... Nbd7 8. Nd2 8... Nxe5 9. dxe5 9... Nd7 10. Nf3 10...
Bg4 11. Qd4 11... Bc5 12. Qc3 12... Bxf3 13. exf3 13... c6 14. f4 14...
f6 15. exf6 15... Qxf6 16. Qxf6 16... Nxf6 17. c3 17... O-O-O 18. b4 18... Bd6 19. a4 19... Ng4 20. f3 20... Nf6 21.
Be3 21... Rhg8 22. Bxa7 22... e5 23. fxe5 23... Bxe5 24. Bd4 24... Rge8 25. a5 25... Bxg3 26.
Bf2 26... Be5 27. Bd4 27... Kd7 28. a6 28... bxa6 29. Rxa6 29... Rb8 30.
Bxe5 30... Rxe5 31. Bh3 31... Kd6 32. Ra7 32... g5 33. hxg5 33... Rxg5 34. Kh2 34... Rbg8 35.
Ra3 35... h4 36. f4 36... Rg3 37. f5 37... Ne4 38. Ra7 38... Nd2 39.
Rf2 39... Nf3 40. Rxf3 40... Rxf3 41. Rd7 41... Ke5 42. f6 42... Rxf6 43. Re7 43... Kd6 44.
Re3 44... Rf2 45. Kh1 45... Ra8 46. Re1 46... Raa2 47. Bg4 47... Rh2 48.
Kg1 48... Rag2 49. Kf1 49... Rxg4 50. Re2 50... Rxe2 51. Kxe2 51... Rc4 52. Kd3 52... h3 53.
Ke2 53... h2 54. Kf2 54... h1=Q 55. Ke3 55... Qe4 56. Kf2 56... Rxc3 57.
Kf1 57... Qc2 58. Ke1 58... Rb3 59. Kf1 59... Rxb4 60. Kg1 60... c5 61.
Kf1 61... d4 62. Ke1 62... Qa2 63. Kd1 63... c4 64. Kc1 64... Rb1",1. 0:03:00 1... 0:03:00 2. 0:03:01 2... 0:03:01 3. 0:03:03 3... 0:03:03 4. 0:03:04 4... 0:03:04 5. 0:03:05 5... 0:03:05 6. 0:03:06 6... 0:03:06 7. 0:03:05 7... 0:03:07 8. 0:03:01 8... 0:02:59 9. 0:03:01 9... 0:02:59 10. 0:03:01 10... 0:02:41 11. 0:02:46 11... 0:02:07 12. 0:02:38 12... 0:01:57 13. 0:02:34 13... 0:01:53 14. 0:02:34 14... 0:01:43 15. 0:02:33 15... 0:01:43 16. 0:02:33 16... 0:01:42 17. 0:02:33 17... 0:01:42 18. 0:02:34 18... 0:01:39 19. 0:02:34 19... 0:01:32 20. 0:02:18 20... 0:01:29 21. 0:02:17 21... 0:01:20 22. 0:02:09 22... 0:01:11 23. 0:02:01 23... 0:01:11 24. 0:02:02 24... 0:01:07 25. 0:01:57 25... 0:00:58 26. 0:01:47 26... 0:00:56 27. 0:01:46 27... 0:00:53 28. 0:01:46 28... 0:00:52 29. 0:01:47 29... 0:00:49 30. 0:01:46 30... 0:00:46 31. 0:01:43 31... 0:00:40 32. 0:01:39 32... 0:00:33 33. 0:01:39 33... 0:00:34 34. 0:01:40 34... 0:00:25 35. 0:01:16 35... 0:00:16 36. 0:01:12 36... 0:00:16 37. 0:01:12 37... 0:00:16 38. 0:01:01 38... 0:00:15 39. 0:00:59 39... 0:00:14 40. 0:00:59 40... 0:00:15 41. 0:00:58 41... 0:00:15 42. 0:00:58 42... 0:00:15 43. 0:00:56 43... 0:00:15 44. 0:00:55 44... 0:00:13 45. 0:00:55 45... 0:00:11 46. 0:00:53 46... 0:00:11 47. 0:00:52 47... 0:00:12 48. 0:00:50 48... 0:00:12 49. 0:00:50 49... 0:00:13 50. 0:00:49 50... 0:00:13 51. 0:00:50 51... 0:00:14 52. 0:00:50 52... 0:00:15 53. 0:00:51 53... 0:00:15 54. 0:00:53 54... 0:00:16 55. 0:00:53 55... 0:00:17 56. 0:00:53 56... 0:00:18 57. 0:00:50 57... 0:00:20 58. 0:00:51 58... 0:00:21 59. 0:00:51 59... 0:00:22 60. 0:00:51 60... 0:00:23 61. 0:00:51 61... 0:00:23 62. 0:00:51 62... 0:00:24 63. 0:00:52 63... 0:00:25 64. 0:00:53 64... 0:00:23,
Rated Blitz game,https://lichess.org/x3pBz6SC,2024.08.01,-,Giakhiem06,dpalomares,0-1,2024.08.01,00:00:40,1785,1759,,,B20,Sicilian Defense: Snyder Variation,180+2,Normal,"1. e4 1... c5 2. b3 2... d6 3. Bb2 3... Nc6 4. Nf3 4... Nf6 5. d3 5... g6 6. Be2 6...
Bg7 7. Nbd2 7... O-O 8. h3 8... b5 9. a4 9... bxa4 10. Rxa4 10... Bd7 11. Ra3 11... Nb4 12.
O-O 12... Nh5 13. Bxg7 13... Kxg7 14. e5 14... Nf4 15. exd6 15... Nxe2 16. Qxe2 16... exd6 17. c3 17... Nd5 18. Ne4 18... Bf5 19. c4 19... Nf4 20. Qb2 20... f6 21.
Ra6 21... Nxd3 22. Qe2 22... Nf4 23. Qe3 23... Bxe4 24. Qxf4 24... Bxf3 25. Qxf3 25... Qb8 26. Rd1 26... Rd8 27. Rd5 27... Qb7 28. Raxd6 28... Rxd6 29. Rxd6 29... Qxf3 30. gxf3 30... Rb8 31. Ra6 31... Rxb3 32. Rxa7 32... Kh6 33. Rc7 33... Rxf3 34. Kg2 34... Rf5 35.
Kg3 35... g5 36. f3 36... Kg6 37. Kg4 37... h5 38. Kg3 38... Re5 39.
h4 39... Kf5 40. hxg5 40... fxg5 41. Rc8 41... Kg6 42. f4 42... Re3 43.
Kf2 43... Re4 44. Kf3 44... Rxc4 45. fxg5 45... Kxg5 46. Rg8 46... Kh4 47.
Rh8 47... Rc3 48. Ke2 48... c4 49. Kd2 49... Rg3 50. Rc8 50... Rg4 51.
Kc3 51... Kg3 52. Rh8 52... h4 53. Rh5 53... h3 54. Rh7 54... Kg2 55.
Rc7 55... h2 56. Kd2 56... h1=Q",1. 0:03:00 1... 0:03:00 2. 0:03:00 2... 0:02:59 3. 0:03:00 3... 0:03:01 4. 0:03:01 4... 0:03:01 5. 0:03:03 5... 0:03:02 6. 0:03:03 6... 0:03:03 7. 0:03:04 7... 0:03:05 8. 0:03:05 8... 0:03:05 9. 0:03:06 9... 0:03:04 10. 0:03:06 10... 0:03:04 11. 0:03:00 11... 0:02:37 12. 0:03:00 12... 0:02:26 13. 0:02:57 13... 0:02:28 14. 0:02:58 14... 0:02:27 15. 0:02:57 15... 0:02:28 16. 0:02:57 16... 0:02:25 17. 0:02:56 17... 0:02:22 18. 0:02:50 18... 0:02:19 19. 0:02:49 19... 0:02:15 20. 0:02:50 20... 0:02:13 21. 0:02:46 21... 0:02:10 22. 0:02:39 22... 0:02:08 23. 0:02:36 23... 0:02:02 24. 0:02:35 24... 0:01:57 25. 0:02:35 25... 0:01:31 26. 0:02:34 26... 0:01:10 27. 0:02:34 27... 0:01:05 28. 0:02:24 28... 0:01:01 29. 0:02:25 29... 0:01:02 30. 0:02:26 30... 0:00:56 31. 0:02:25 31... 0:00:51 32. 0:02:26 32... 0:00:53 33. 0:02:27 33... 0:00:53 34. 0:02:26 34... 0:00:52 35. 0:02:23 35... 0:00:35 36. 0:02:22 36... 0:00:28 37. 0:02:22 37... 0:00:28 38. 0:02:22 38... 0:00:26 39. 0:02:20 39... 0:00:20 40. 0:02:18 40... 0:00:22 41. 0:02:12 41... 0:00:06 42. 0:02:12 42... 0:00:05 43. 0:02:11 43... 0:00:04 44. 0:02:12 44... 0:00:04 45. 0:02:11 45... 0:00:04 46. 0:02:11 46... 0:00:04 47. 0:02:09 47... 0:00:05 48. 0:02:10 48... 0:00:06 49. 0:02:10 49... 0:00:06 50. 0:02:09 50... 0:00:07 51. 0:02:09 51... 0:00:08 52. 0:02:05 52... 0:00:09 53. 0:02:05 53... 0:00:08 54. 0:02:05 54... 0:00:07 55. 0:02:04 55... 0:00:08 56. 0:02:05 56... 0:00:09,
Rated Blitz game,https://lichess.org/TL74Viop,2024.08.01,-,Auxilia07,t23232323,0-1,2024.08.01,00:00:50,2084,1990,,,C28,"Vienna Game: Stanley Variation, Three Knights Variation",180+2,Normal,"1. e4 1... e5 2. Nc3 2... Nf6 3. Bc4 3... Nc6 4. f4 4... Nxe4 5.
Bxf7 5... Kxf7 6. Nxe4 6... d5 7. Ng5 7...
Kg8 8. d3 8... h6 9.
Qh5 9... hxg5 10. Qg6 10... Qf6 11. Qe8 11... exf4 12. Ne2 12... Qe6 13.
Qxe6 13... Bxe6 14. Bd2 14... Ne5 15. O-O-O 15... f3 16. Ng3 16... fxg2 17. Rhg1 17... Nf3 18.
Rxg2 18... Nxd2 19. Rdxd2 19... Bd6 20. Nf1 20... Rf8 21. Ne3 21... d4",1. 0:03:00 1... 0:03:00 2. 0:03:01 2... 0:03:01 3. 0:03:01 3... 0:03:00 4. 0:03:02 4... 0:02:49 5. 0:02:41 5... 0:02:49 6. 0:02:42 6... 0:02:49 7. 0:02:35 7... 0:02:49 8. 0:02:22 8... 0:02:43 9. 0:02:15 9... 0:02:27 10. 0:02:08 10... 0:02:01 11. 0:02:00 11... 0:01:55 12. 0:01:57 12... 0:01:41 13. 0:01:56 13... 0:01:41 14. 0:01:57 14... 0:01:26 15. 0:01:56 15... 0:01:24 16. 0:01:48 16... 0:01:23 17. 0:01:49 17... 0:01:25 18. 0:01:49 18... 0:01:25 19. 0:01:50 19... 0:01:21 20. 0:01:49 20... 0:01:19 21. 0:01:44 21... 0:01:19,
Rated Blitz game,https://lichess.org/41H1uwxJ,2024.08.01,-,UGottaGetTheMcLaren,Ahmedyahyaoui23,0-1,2024.08.01,00:01:12,1459,1478,,,A40,Queen's Pawn Game,180+2,Normal,"1. d4 1... c6 2. Bg5 2... f6 3. Bh4 3... d5 4. Nf3 4... Bf5 5. h3 5... e5 6. g4 6... Bg6 7. e3 7... Be7 8. dxe5 8... fxe5 9. Bg3 9... Nd7 10. Nxe5 10... Nxe5 11. Bxe5 11... Nf6 12. Nc3 12... O-O 13. g5 13...
Ne4 14. Nxe4 14... Bxe4 15. Rg1 15... Bxg5 16.
Qd4 16... Bf6 17. Bxf6 17... Qxf6 18. Qxf6 18... Rxf6 19. O-O-O 19... Rxf2 20. Bd3 20... Bxd3 21. cxd3 21... Raf8 22. d4 22... Rh2 23. Rg3 23... Rff2",1. 0:03:00 1... 0:03:00 2. 0:03:01 2... 0:02:53 3. 0:03:01 3... 0:02:50 4. 0:03:02 4... 0:02:50 5. 0:03:01 5... 0:02:50 6. 0:03:02 6... 0:02:50 7. 0:03:01 7... 0:02:49 8. 0:02:54 8... 0:02:49 9. 0:02:48 9... 0:02:47 10. 0:02:46 10... 0:02:46 11. 0:02:47 11... 0:02:42 12. 0:02:42 12... 0:02:41 13. 0:02:35 13... 0:02:31 14. 0:02:20 14... 0:02:31 15. 0:02:11 15... 0:02:31 16. 0:02:01 16... 0:02:28 17. 0:02:01 17... 0:02:27 18. 0:01:57 18... 0:02:27 19. 0:01:58 19... 0:02:21 20. 0:01:55 20... 0:02:16 21. 0:01:57 21... 0:02:14 22. 0:01:53 22... 0:02:15 23. 0:01:53 23... 0:02:15,
Rated Blitz tournament https://lichess.org/tournament/PidyXPyn,https://lichess.org/kbz2Mjj6,2024.08.01,-,tarun6,REyAnsHg09,0-1,2024.08.01,00:01:12,1562,1577,,,B21,Sicilian Defense: McDonnell Attack,180+2,Normal,"1. e4 1... c5 2. f4 2... e6 3. Nf3 3... d6 4. Nc3 4... Nf6 5. Bb5 5... Bd7 6. Bxd7 6...
Nbxd7 7. O-O 7... Be7 8. d4 8... cxd4 9. Qxd4 9... O-O 10. Qd1 10...
Qc7 11. Nb5 11... Qc5 12. Nbd4 12... e5 13. fxe5 13... dxe5 14. Nxe5 14... Qxe5 15. Nf5 15... Rfe8 16. Bf4 16... Qxe4 17.
Nxe7 17... Qxe7",1. 0:03:00 1... 0:03:00 2. 0:02:57 2... 0:02:59 3. 0:02:58 3... 0:02:59 4. 0:02:59 4... 0:02:59 5. 0:02:58 5... 0:03:00 6. 0:02:59 6... 0:03:01 7. 0:03:00 7... 0:03:01 8. 0:02:58 8... 0:03:00 9. 0:03:00 9... 0:03:00 10. 0:02:54 10... 0:03:00 11. 0:02:46 11... 0:02:54 12. 0:02:39 12... 0:02:52 13. 0:02:36 13... 0:02:49 14. 0:02:25 14... 0:02:42 15. 0:02:11 15... 0:02:33 16. 0:02:09 16... 0:02:15 17. 0:02:00 17... 0:02:05,
Rated Blitz tournament https://lichess.org/tournament/UkN7F9SL,https://lichess.org/BaKu2eI5,2024.08.01,-,M_hurtadoh,zoegarita,0-1,2024.08.01,00:01:12,1243,1341,,,A20,English Opening: King's English Variation,180+2,Time forfeit,"1. c4 1... e5 2. d3 2... Bc5 3. Nc3 3... Nc6 4. g3 4... d6 5. Bg2 5... Nf6 6. Bg5 6...
h6 7. Bd2 7... Bf5 8.
e4 8... Bg4 9. Nge2 9... Qe7 10. O-O 10... O-O 11. a3 11... Qe6 12.
b4 12... Bd4 13. Qe1 13... Bh3 14. Nxd4 14... Nxd4 15. f4 15... Nc2 16.
f5 16... Qd7 17. Qd1 17... Nxa1 18. Bxh3 18... Qc6 19. Qxa1 19... Qb6 20. Kh1 20... Qd4 21. Qe1 21... Rab8 22. Qe3 22... Qxe3 23. Bxe3 23... Rfe8 24. Bxa7 24... Ra8 25.
Be3 25... Rxa3 26. Bd2 26... Rb3 27. Rb1 27... Rxb1 28. Nxb1 28... Ra8 29.
Bc3 29... Ra2 30. Nd2 30... Rc2 31. Nb1 31... Rc1 32. Kg2 32... Rxb1 33.
Kf3 33... Rc1 34. Bb2 34... Rb1 35. Ba3 35... Rb3 36. Bc1 36... Rxb4 37.
Bd2 37... Rb3 38. Ke3 38... Rb2 39. Bg2 39... b5 40. cxb5 40... Rxb5 41. Bf3 41... c5 42. Bd1 42... Nd7 43. Ba4 43... Rb7 44. Bc6 44... Rc7 45. Bxd7 45... Rxd7 46. Bc3 46... Rb7 47. Kd2 47... Rb6 48. h4 48...
Rc6 49. Kc2 49... c4 50. dxc4 50... Rxc4 51. Kd3 51... Rc7 52. g4 52...
g6 53. fxg6 53... fxg6 54. h5 54... gxh5 55. gxh5 55... Rg7 56. Bb4 56... Rg5 57. Bxd6 57... Rxh5 58. Ke3 58... Rg5 59.
Kf3 59... Rg6 60. Bxe5 60... h5 61. Bf4 61... h4 62. e5 62... Rg7 63.
e6 63... h3 64. Bh2 64... Re7 65. Kg3 65... Rh7 66. Kg4 66... Kf8",1. 0:03:00 1... 0:03:00 2. 0:02:59 2... 0:02:52 3. 0:02:59 3... 0:02:52 4. 0:03:00 4... 0:02:42 5. 0:03:01 5... 0:02:41 6. 0:03:00 6... 0:02:37 7. 0:02:50 7... 0:02:26 8. 0:02:43 8... 0:02:12 9. 0:02:38 9... 0:02:08 10. 0:02:38 10... 0:01:50 11. 0:02:39 11... 0:01:36 12. 0:02:37 12... 0:01:28 13. 0:02:08 13... 0:01:08 14. 0:02:02 14... 0:01:07 15. 0:01:30 15... 0:01:04 16. 0:01:22 16... 0:00:49 17. 0:01:16 17... 0:00:42 18. 0:01:15 18... 0:00:25 19. 0:01:13 19... 0:00:24 20. 0:01:08 20... 0:00:20 21. 0:01:06 21... 0:00:15 22. 0:01:06 22... 0:00:11 23. 0:01:07 23... 0:00:05 24. 0:01:04 24... 0:00:06 25. 0:01:01 25... 0:00:07 26. 0:01:01 26... 0:00:06 27. 0:01:01 27... 0:00:06 28. 0:01:01 28... 0:00:07 29. 0:01:00 29... 0:00:07 30. 0:00:55 30... 0:00:06 31. 0:00:42 31... 0:00:05 32. 0:00:43 32... 0:00:05 33. 0:00:40 33... 0:00:02 34. 0:00:31 34... 0:00:02 35. 0:00:31 35... 0:00:02 36. 0:00:31 36... 0:00:03 37. 0:00:33 37... 0:00:03 38. 0:00:34 38... 0:00:05 39. 0:00:32 39... 0:00:06 40. 0:00:32 40... 0:00:07 41. 0:00:32 41... 0:00:09 42. 0:00:31 42... 0:00:09 43. 0:00:30 43... 0:00:09 44. 0:00:25 44... 0:00:09 45. 0:00:12 45... 0:00:10 46. 0:00:11 46... 0:00:10 47. 0:00:11 47... 0:00:07 48. 0:00:11 48... 0:00:07 49. 0:00:11 49... 0:00:08 50. 0:00:10 50... 0:00:09 51. 0:00:11 51... 0:00:09 52. 0:00:09 52... 0:00:09 53. 0:00:10 53... 0:00:10 54. 0:00:11 54... 0:00:09 55. 0:00:12 55... 0:00:11 56. 0:00:10 56... 0:00:10 57. 0:00:10 57... 0:00:11 58. 0:00:10 58... 0:00:12 59. 0:00:10 59... 0:00:11 60. 0:00:10 60... 0:00:12 61. 0:00:08 61... 0:00:12 62. 0:00:04 62... 0:00:08 63. 0:00:04 63... 0:00:08 64. 0:00:03 64... 0:00:08 65. 0:00:02 65... 0:00:08 66. 0:00:02 66... 0:00:08,
Rated Blitz tournament https://lichess.org/tournament/UkN7F9SL,https://lichess.org/G4KZ4nJL,2024.08.01,-,garitaelianandres,MateoHernandez1,0-1,2024.08.01,00:01:12,1116,1048,,,A13,English Opening: Agincourt Defense,180+2,Time forfeit,"1. c4 1... e6 2. Nc3 2... d5 3. g3 3... dxc4 4. Bg2 4... c6 5. Nf3 5... b5 6. O-O 6... b4 7. Ne4 7... f5 8. Ne5 8... fxe4 9. e3 9...
Nf6 10. Qc2 10... Bc5 11. Qxc4 11... Bd6 12. Nxc6 12... Qc7 13. f4 13...
Nxc6 14. Qe2 14... O-O 15. Bxe4 15... Nxe4 16. Qf3 16... Nc5 17. e4 17...
e5 18. d4 18... exd4 19. f5 19... Nd7 20. f6 20... gxf6 21. Qg4 21... Kf7",1. 0:03:00 1... 0:03:00 2. 0:02:22 2... 0:02:58 3. 0:02:19 3... 0:02:58 4. 0:02:19 4... 0:02:55 5. 0:02:19 5... 0:02:55 6. 0:02:20 6... 0:02:54 7. 0:02:16 7... 0:02:52 8. 0:02:01 8... 0:02:45 9. 0:01:56 9... 0:02:37 10. 0:01:41 10... 0:02:26 11. 0:01:32 11... 0:02:23 12. 0:01:24 12... 0:02:15 13. 0:01:12 13... 0:02:12 14. 0:01:09 14... 0:02:08 15. 0:00:56 15... 0:02:08 16. 0:00:49 16... 0:02:03 17. 0:00:16 17... 0:01:59 18. 0:00:12 18... 0:01:59 19. 0:00:10 19... 0:01:58 20. 0:00:07 20... 0:01:59 21. 0:00:05 21... 0:01:59,
Rated Blitz game,https://lichess.org/yqPju2sJ,2024.08.01,-,estamosmelos,zayobayo,1-0,2024.08.01,00:01:07,2381,2346,,,C15,"French Defense: Winawer Variation, Fingerslip Variation",180+2,Normal,"1. e4 1... e6 2. d4 2... d5 3.
Nc3 3... Bb4 4.
Bd2 4... Bxc3 5.
Bxc3 5... dxe4 6. Qg4 6... Nf6 7. Qxg7 7... Rg8 8. Qh6 8... Rg6 9. Qe3 9... Nc6 10. Ne2 10...
Ne7 11. Bd2 11... Nf5 12. Qf4 12... Qd6 13.
O-O-O 13... Bd7 14. h3 14... O-O-O 15. g4 15...
Nxd4 16. Nxd4 16... Qxd4 17. Bc3 17... Nd5 18.
Qxc7 18... Kxc7 19. Bxd4 19...
b6 20. Be5 20... Kb7 21. c4 21... Nb4 22.
g5 22... Rgg8 23. Bf6 23...
Nxa2 24. Kb1 24... Nb4 25. Bg2 25... Kc7 26.
Bxd8 26... Rxd8 27. Bxe4 27...
Rg8 28. h4 28... Rh8 29. Rd2 29... h6 30. f4 30... e5 31.
fxe5 31... hxg5 32. hxg5 32... Re8 33. Rh7 33...
Be6 34. g6 34... Bxc4 35. gxf7 35... Rf8 36.
Bg6 36... Nc6 37. Rc2 37... b5 38. e6 38...
Kd6 39. Rh6 39... Ke7 40. b3 40... Nd4 41.
bxc4 41... Nxc2 42. Bxc2 42... bxc4 43. Kb2 43...
a5 44. Kc3 44... Rc8 45. Ba4 45... Rf8 46.
Kxc4 46... Rc8 47. Kd5 47... Rd8 48. Ke5 48...
Rd2 49. Rh8 49... Re2 50. Kd4 50... Rf2 51.
f8=Q 51... Rxf8 52. Rxf8 52... Kxf8 53. Ke5 53... Ke7 54. Bd7",1. 0:03:00 0. 0:03:00 1... 0:03:01 0. 0:03:02 2. 0:03:02 0. 0:03:02 2... 0:03:04 0. 0:03:03 3. 0:03:06 0. 0:03:05 3... 0:02:59 0. 0:03:05 4. 0:03:01 0. 0:03:07 4... 0:03:02 0. 0:03:09 5. 0:03:04 0. 0:03:04 5... 0:03:00 0. 0:03:02 6. 0:03:01 0. 0:02:55 6... 0:02:57 0. 0:02:15 7. 0:02:56 0. 0:02:14 7... 0:02:54 0. 0:02:13 8. 0:02:53 0. 0:02:08 8... 0:02:52 0. 0:02:08 9. 0:02:51 0. 0:02:04 9... 0:02:36 0. 0:01:59 10. 0:02:35 0. 0:01:55 10... 0:02:32 0. 0:01:56 11. 0:02:31 0. 0:01:56 11... 0:02:28 0. 0:01:31 12. 0:02:24 0. 0:01:20 12... 0:02:24 0. 0:01:21 13. 0:02:19 0. 0:01:19 13... 0:02:16 0. 0:01:20 14. 0:02:18 0. 0:01:17 14... 0:02:18 0. 0:01:16 15. 0:02:10 0. 0:01:15 15... 0:02:08 0. 0:01:11 16. 0:02:05 0. 0:01:12 16... 0:02:06 0. 0:01:10 17. 0:01:59 0. 0:01:11 17... 0:01:59 0. 0:01:05 18. 0:01:59 0. 0:01:05 18... 0:01:59 0. 0:01:00 19. 0:01:51 0. 0:00:56 19... 0:01:41 1. 0:00:51 20. 0:01:14 1. 0:00:24 20... 0:01:13 1. 0:00:18 21. 0:01:13 1. 0:00:20 21... 0:01:12 1. 0:00:21 22. 0:01:11 1. 0:00:20 22... 0:01:12 3. 0:00:22 23. 0:01:12 3. 0:00:20 23... 0:01:12 3. 0:00:19 24. 0:01:12 3. 0:00:20 24... 0:01:13 3. 0:00:19 25. 0:01:13 3. 0:00:20 25... 0:01:13 4. 0:00:19 26. 0:01:10 2. 0:00:20 26... 0:01:12 3. 0:00:22 27. 0:01:14 3. 0:00:23 27... 0:01:15,
Rated Blitz game,https://lichess.org/8JYLILvE,2024.08.01,-,Elwero7,gustavotrancho,0-1,2024.08.01,00:01:07,1552,1562,,,B03,"Alekhine Defense: Four Pawns Attack, Fianchetto Variation",180+2,Normal,"1. e4 1... Nf6 2. e5 2... Nd5 3. d4 3... d6 4. c4 4... Nb6 5. f4 5... g6 6. Nf3 6... Bg4 7. Nc3 7... dxe5 8.
dxe5 8... Qxd1 9. Nxd1 9... Nc6 10. Be3 10...
Bh6 11. h3 11... Be6 12. b3 12... O-O-O 13. Nb2 13... f6 14. exf6 14... exf6 15. Rd1 15... Rhe8 16. Rxd8 16... Rxd8 17. Bd3 17... f5 18. O-O 18... Bg7 19. Ne5 19... Nxe5 20. fxe5 20... Bxe5 21. Bxb6 21... axb6 22. Bxf5 22... Bxf5",1. 0:03:00 1... 0:03:00 2. 0:03:01 2... 0:03:01 3. 0:02:57 3... 0:03:02 4. 0:02:56 4... 0:03:03 5. 0:02:51 5... 0:03:01 6. 0:02:49 6... 0:03:01 7. 0:02:47 7... 0:02:59 8. 0:02:40 8... 0:02:59 9. 0:02:39 9... 0:02:54 10. 0:02:36 10... 0:02:45 11. 0:02:33 11... 0:02:42 12. 0:02:33 12... 0:02:39 13. 0:02:27 13... 0:02:15 14. 0:02:22 14... 0:02:13 15. 0:02:15 15... 0:02:04 16. 0:01:43 16... 0:02:04 17. 0:01:38 17... 0:01:59 18. 0:01:31 18... 0:01:59 19. 0:01:19 19... 0:01:52 20. 0:01:19 20... 0:01:53 21. 0:01:06 21... 0:01:51 22. 0:00:53 22... 0:01:49,
Rated Blitz game,https://lichess.org/zCTf1uoW,2024.08.01,-,P3rrys0n,Danaco,1-0,2024.08.01,00:00:40,1464,1439,,,D00,Queen's Pawn Game: Accelerated London System,180+2,Time forfeit,"1. d4 1... d5 2. Bf4 2... Bf5 3. e3 3... Nf6 4. Bd3 4... Qd7 5. Nf3 5... Bg4 6. Nbd2 6...
Nc6 7. c3 7... e6 8.
Qc2 8... Bd6 9. O-O-O 9... Bxf4 10. exf4 10... Nh5 11. g3 11... Nf6 12.
Rde1 12... Ne7 13. h3 13... Bxf3 14. Nxf3 14... Nc6 15. Ne5 15... Qd6 16.
g4 16... g6 17. f5 17... Nd7 18. Nxd7 18... Qxd7 19. fxe6 19... fxe6 20. f4 20... O-O-O 21. f5 21... exf5 22. gxf5 22... Ne7 23. fxg6 23... hxg6 24. h4 24... Qg4 25.
Be2 25... Qf4 26. Qd2 26... Qxd2 27. Kxd2 27... Rde8 28. Bg4 28... Kb8 29.
h5 29... g5 30. Bd7 30... Ref8 31. Rxe7 31... Rf2 32. Kc1",1. 0:03:00 1... 0:03:00 2. 0:03:01 2... 0:03:01 3. 0:03:01 3... 0:03:02 4. 0:03:02 4... 0:02:57 5. 0:02:59 5... 0:02:57 6. 0:02:58 6... 0:02:53 7. 0:02:59 7... 0:02:52 8. 0:02:58 8... 0:02:48 9. 0:02:26 9... 0:02:46 10. 0:02:26 10... 0:02:42 11. 0:02:24 11... 0:02:36 12. 0:02:22 12... 0:02:18 13. 0:02:22 13... 0:02:15 14. 0:02:24 14... 0:02:12 15. 0:02:23 15... 0:02:05 16. 0:02:14 16... 0:01:56 17. 0:02:05 17... 0:01:36 18. 0:01:46 18... 0:01:36 19. 0:01:46 19... 0:01:36 20. 0:01:37 20... 0:01:35 21. 0:01:37 21... 0:01:29 22. 0:01:37 22... 0:01:15 23. 0:01:26 23... 0:01:13 24. 0:01:25 24... 0:01:04 25. 0:01:20 25... 0:01:01 26. 0:01:18 26... 0:00:46 27. 0:01:20 27... 0:00:38 28. 0:01:12 28... 0:00:37 29. 0:01:12 29... 0:00:27 30. 0:01:04 30... 0:00:07 31. 0:01:03 31... 0:00:06 32. 0:01:01,
Rated Blitz game,https://lichess.org/w8kRANbh,2024.08.01,-,ajvf86,DaveBalm,1-0,2024.08.01,00:00:40,1368,1400,,,C40,King's Pawn Game: Busch-Gass Gambit,180+2,Normal,"1. e4 1... e5 2. Nf3 2... Bc5 3. d4 3... exd4 4. Nxd4 4... Qh4 5.
Be3 5... Qxe4 6. Bd3 6... Qxg2 7. Qf3 7... Qxf3 8. Nxf3 8... Bxe3 9.
fxe3 9... d5 10. Rf1 10... Bh3 11. Rf2 11... Nc6 12. Ng5 12... Bg4 13.
Nxf7 13... Bh5 14. Nxh8 14... O-O-O 15. Nf7 15... Nf6 16. Ng5 16... Re8 17. Kd2 17... h6 18.
Nf3 18... d4 19. Nxd4 19... Nxd4 20. exd4 20... c5 21. dxc5 21... Nd5 22.
Nc3 22... Nb4 23. Re1 23... Nxd3 24. Rxe8 24... Bxe8 25. cxd3",1. 0:03:00 1... 0:03:00 2. 0:02:54 2... 0:03:01 3. 0:02:53 3... 0:03:01 4. 0:02:54 4... 0:03:02 5. 0:02:52 5... 0:03:01 6. 0:02:26 6... 0:03:00 7. 0:02:15 7... 0:02:40 8. 0:02:17 8... 0:02:42 9. 0:02:17 9... 0:02:41 10. 0:02:14 10... 0:02:36 11. 0:02:15 11... 0:02:33 12. 0:02:16 12... 0:02:23 13. 0:02:12 13... 0:02:19 14. 0:02:10 14... 0:02:14 15. 0:02:00 15... 0:02:13 16. 0:01:43 16... 0:02:08 17. 0:01:36 17... 0:02:03 18. 0:01:27 18... 0:01:51 19. 0:01:22 19... 0:01:47 20. 0:01:21 20... 0:01:43 21. 0:01:19 21... 0:01:34 22. 0:01:07 22... 0:01:27 23. 0:00:59 23... 0:01:23 24. 0:00:56 24... 0:01:23 25. 0:00:57,
Rated Blitz game,https://lichess.org/NogMt3xN,2024.08.01,-,rendykwang,M-L-P-S,1-0,2024.08.01,00:00:40,1996,2039,,,B32,Sicilian Defense: Löwenthal Variation,180+2,Normal,"1. e4 1... c5 2. Nf3 2... Nc6 3. d4 3... cxd4 4. Nxd4 4... e5 5.
Nxc6 5... dxc6 6. Qxd8 6... Kxd8 7. Bc4 7...
Be6 8. Bxe6 8... fxe6 9. Nd2 9... Bb4 10. c3 10... Bc5 11. O-O 11... Ne7 12. b4 12... Bb6 13.
a4 13... a5 14. b5 14... Rf8 15. Nc4 15... Bc7 16. b6 16... Bb8 17.
Ba3 17... Rf4 18. f3 18... g5 19. h3 19... h5 20. Rad1 20... Ke8 21. Rd3 21... g4 22. Rfd1 22... gxf3 23. gxf3 23... Ng6 24. Rd8 24... Kf7 25. R1d7 25... Kf6 26. Kf2 26... Nh4 27. Be7 27... Kg6 28. Rg8 28... Kf7 29. Rf8 29... Kg7 30. Bd6 30... Kg6 31.
Nxe5 31... Kg5 32. Rg8 32... Kf6 33. Rf7",1. 0:03:00 1... 0:03:00 2. 0:02:58 2... 0:03:01 3. 0:02:59 3... 0:03:03 4. 0:03:00 4... 0:03:05 5. 0:02:59 5... 0:03:07 6. 0:03:00 6... 0:03:09 7. 0:02:57 7... 0:03:07 8. 0:02:56 8... 0:03:09 9. 0:02:57 9... 0:03:09 10. 0:02:57 10... 0:03:08 11. 0:02:55 11... 0:03:02 12. 0:02:52 12... 0:03:03 13. 0:02:52 13... 0:02:59 14. 0:02:47 14... 0:02:58 15. 0:02:44 15... 0:02:49 16. 0:02:42 16... 0:02:50 17. 0:02:36 17... 0:02:44 18. 0:02:33 18... 0:02:30 19. 0:02:31 19... 0:02:31 20. 0:02:31 20... 0:02:31 21. 0:02:07 21... 0:02:22 22. 0:02:04 22... 0:02:15 23. 0:02:03 23... 0:02:09 24. 0:01:51 24... 0:02:09 25. 0:01:50 25... 0:02:09 26. 0:01:29 26... 0:02:08 27. 0:01:25 27... 0:02:10 28. 0:01:21 28... 0:02:06 29. 0:01:17 29... 0:02:07 30. 0:01:17 30... 0:02:05 31. 0:00:54 31... 0:01:47 32. 0:00:42 32... 0:01:45 33. 0:00:38,
Rated Blitz game,https://lichess.org/j7gMy7xb,2024.08.01,-,pticarc,DMG67,0-1,2024.08.01,00:00:48,2429,2476,,,A53,Old Indian Defense,180+2,Time forfeit,"1. d4 1... Nf6 2. c4 2... d6 3. Nf3 3... Nbd7 4. Nc3 4... e5 5. dxe5 5... Nxe5 6. Nxe5 6...
dxe5 7. Qxd8 7... Kxd8 8. e4 8... Be6 9. f4 9... Bb4 10. Bd2 10...
exf4 11. O-O-O 11... Kc8 12. Bd3 12... Bd6 13.
Ne2 13... Bg4 14. Rhf1 14... Bxe2 15. Bxe2 15... Re8 16. Bxf4 16... Bxf4 17. Rxf4 17... c6 18. Bf3 18... Kc7 19. g4 19...
h6 20. h4 20... Re7 21. g5 21... hxg5 22. hxg5 22... Nd7 23. Rh1 23... Ne5 24. Be2 24... Rd8 25. Kc2 25... Rd4 26.
Kc3 26... c5 27. b4 27... b6 28. Rh7 28... g6 29. a3 29... Kd6 30.
Rf6 30... Re6 31. Rf4 31... Ke7 32. Rh8 32... Rd8 33. Rh1 33... Red6 34.
bxc5 34... bxc5 35. Rb1 35... Rd2 36. Rb7 36... R8d7 37. Rxd7 37... Rxd7 38. Rf6 38... Rd6 39.
Rf1 39... Ra6 40. Ra1 40... Nc6 41. Bf3 41... Nd4 42. Bg2 42... Ke6 43.
Rf1 43... Rxa3 44. Kb2 44... Rg3 45. Rf6 45... Ke7 46. Bf1 46... Ne6 47. Rf2 47... Nxg5 48.
e5 48... Re3 49. Kc1 49... Rxe5 50. Bg2 50... f5 51. Ra2 51... Ne6 52.
Rxa7 52... Kf6 53. Bd5 53... g5 54. Ra6 54...
g4 55. Kd2 55... f4 56. Ra8 56... f3 57. Rg8 57... Ng7 58. Rf8 58... Kg5 59. Rf7 59... Nf5 60. Kd3 60... Kf4 61.
Rh7 61... g3",1. 0:03:00 1... 0:03:00 2. 0:03:01 2... 0:03:01 3. 0:03:02 3... 0:03:02 4. 0:03:03 4... 0:03:03 5. 0:03:01 5... 0:03:02 6. 0:03:01 6... 0:03:04 7. 0:03:03 7... 0:03:05 8. 0:03:04 8... 0:02:59 9. 0:03:05 9... 0:02:35 10. 0:02:40 10... 0:02:11 11. 0:02:40 11... 0:02:07 12. 0:02:15 12... 0:01:42 13. 0:01:53 13... 0:01:10 14. 0:01:36 14... 0:00:57 15. 0:01:37 15... 0:00:36 16. 0:01:31 16... 0:00:33 17. 0:01:30 17... 0:00:34 18. 0:01:18 18... 0:00:30 19. 0:01:14 19... 0:00:30 20. 0:01:14 20... 0:00:21 21. 0:01:13 21... 0:00:22 22. 0:01:15 22... 0:00:24 23. 0:00:53 23... 0:00:23 24. 0:00:54 24... 0:00:21 25. 0:00:53 25... 0:00:19 26. 0:00:52 26... 0:00:20 27. 0:00:44 27... 0:00:20 28. 0:00:38 28... 0:00:20 29. 0:00:19 29... 0:00:20 30. 0:00:18 30... 0:00:21 31. 0:00:15 31... 0:00:20 32. 0:00:16 32... 0:00:20 33. 0:00:15 33... 0:00:20 34. 0:00:14 34... 0:00:21 35. 0:00:16 35... 0:00:11 36. 0:00:14 36... 0:00:12 37. 0:00:07 37... 0:00:12 38. 0:00:07 38... 0:00:12 39. 0:00:06 39... 0:00:11 40. 0:00:06 40... 0:00:09 41. 0:00:04 41... 0:00:10 42. 0:00:04 42... 0:00:10 43. 0:00:04 43... 0:00:10 44. 0:00:06 44... 0:00:10 45. 0:00:06 45... 0:00:11 46. 0:00:06 46... 0:00:12 47. 0:00:06 47... 0:00:10 48. 0:00:05 48... 0:00:09 49. 0:00:03 49... 0:00:09 50. 0:00:04 50... 0:00:09 51. 0:00:05 51... 0:00:09 52. 0:00:06 52... 0:00:10 53. 0:00:08 53... 0:00:08 54. 0:00:08 54... 0:00:08 55. 0:00:10 55... 0:00:09 56. 0:00:10 56... 0:00:08 57. 0:00:11 57... 0:00:08 58. 0:00:12 58... 0:00:08 59. 0:00:11 59... 0:00:08 60. 0:00:05 60... 0:00:09 61. 0:00:03 61... 0:00:08,
Rated Blitz game,https://lichess.org/cxcj9DPO,2024.08.01,-,pillidor,tufao123,1-0,2024.08.01,00:00:48,1682,1681,,,D06,Queen's Gambit,180+2,Normal,"1. d4 1... d5 2. c4 2... h6 3. Nc3 3... dxc4 4. e3 4... g5 5. Bxc4 5... Bg7 6. Nf3 6...
Bf5 7. O-O 7... Nd7 8.
Bd3 8... Bg4 9. h3 9... Bxf3 10. Qxf3 10... c6 11. Bc4 11... Ngf6 12.
e4 12... e5 13. d5 13... O-O 14. Be3 14... Re8 15. Rfe1 15... Nf8 16.
Rad1 16... Ng6 17. dxc6 17... Qc7 18. cxb7 18... Qxb7 19. Nd5 19... Nf4 20. Nxf4 20... exf4 21. Bd5 21... Nxd5 22. exd5 22... fxe3 23. Rxe3 23... Rxe3 24. Qxe3 24... Qxb2 25. d6 25... Qb7 26.
d7 26... Rd8 27. Qe8 27... Rxe8 28. dxe8=Q 28... Bf8 29. Rd8 29... Qb4 30.
Rd7 30... Qc4 31. Rxa7 31... Kg7 32. Qe5 32... Kg8 33. Ra8 33... Qc1 34.
Kh2 34... Qc6 35. Re8 35... Qg6 36. a4 36... Kh7 37. Rxf8",1. 0:03:00 1... 0:03:00 2. 0:03:00 2... 0:02:57 3. 0:02:58 3... 0:02:57 4. 0:02:55 4... 0:02:57 5. 0:02:55 5... 0:02:58 6. 0:02:55 6... 0:02:57 7. 0:02:57 7... 0:02:54 8. 0:02:57 8... 0:02:53 9. 0:02:54 9... 0:02:53 10. 0:02:54 10... 0:02:52 11. 0:02:54 11... 0:02:50 12. 0:02:53 12... 0:02:51 13. 0:02:51 13... 0:02:49 14. 0:02:42 14... 0:02:35 15. 0:02:36 15... 0:02:35 16. 0:02:31 16... 0:02:32 17. 0:02:31 17... 0:02:23 18. 0:02:25 18... 0:02:23 19. 0:02:25 19... 0:02:13 20. 0:02:23 20... 0:02:13 21. 0:02:24 21... 0:02:13 22. 0:02:12 22... 0:02:11 23. 0:02:13 23... 0:02:11 24. 0:02:15 24... 0:02:07 25. 0:02:16 25... 0:01:47 26. 0:02:16 26... 0:01:47 27. 0:02:13 27... 0:01:37 28. 0:02:13 28... 0:01:36 29. 0:02:11 29... 0:01:27 30. 0:02:01 30... 0:01:13 31. 0:01:52 31... 0:01:12 32. 0:01:50 32... 0:01:05 33. 0:01:47 33... 0:00:46 34. 0:01:48 34... 0:00:41 35. 0:01:46 35... 0:00:32 36. 0:01:45 36... 0:00:24 37. 0:01:41,
Rated Blitz game,https://lichess.org/74HvaxzE,2024.08.01,-,Black_kng,JohnGreek,0-1,2024.08.01,00:00:48,1474,1470,,,A00,Van't Kruijs Opening,180+2,Normal,"1. e3 1... e5 2. b3 2... d5 3. Bb2 3... Nc6 4. Nf3 4... Bg4 5. Be2 5... e4 6. Ne5 6...
Bxe2 7. Nxc6 7... Bxd1 8. Nxd8 8... Bxc2 9. Nxb7 9... Rb8 10. Nc5 10...
Bxc5",1. 0:03:00 1... 0:03:00 2. 0:03:00 2... 0:03:00 3. 0:02:59 3... 0:03:01 4. 0:03:00 4... 0:03:01 5. 0:03:00 5... 0:03:02 6. 0:03:01 6... 0:03:02 7. 0:02:53 7... 0:02:58 8. 0:02:53 8... 0:02:51 9. 0:02:47 9... 0:02:51 10. 0:02:35 10... 0:02:47,
Rated Blitz game,https://lichess.org/UatYQrju,2024.08.01,-,Chan_Fry,KhuzaTri,1-0,2024.08.01,00:00:48,1222,1203,,,A16,"English Opening: Anglo-Indian Defense, Queen's Knight Variation",180+2,Normal,"1. c4 1... Nf6 2. Nc3 2... g6 3. g3 3... Bg7 4. Bg2 4... O-O 5. e3 5... c5 6. Nge2 6... Nc6 7. O-O 7... d6 8. d4 8... cxd4 9. exd4 9...
d5 10. cxd5 10... Nb8 11. a3 11... Bf5 12. Ra2 12... Nbd7 13. b4 13... Rc8 14. Qb3 14... Nb6 15. Be3 15... Ng4 16.
Bd2 16... Nf6 17. Rc1 17... Nc4 18. Nd1 18... Nxd2 19. Rxd2 19... Rxc1 20. Nxc1 20... Qb6 21. Ne2 21... Rc8 22. Ne3 22... Ne4 23. Nxf5 23... Nxd2 24. Qd3 24... Nc4 25.
Nxe7 25... Kh8 26. Nxc8 26... Qc7 27. Nxa7 27... b5 28. Nxb5",1. 0:03:00 1... 0:03:00 2. 0:03:01 2... 0:03:01 3. 0:03:03 3... 0:03:02 4. 0:03:04 4... 0:03:04 5. 0:03:06 5... 0:03:04 6. 0:03:07 6... 0:03:05 7. 0:03:08 7... 0:03:06 8. 0:03:09 8... 0:03:07 9. 0:03:11 9... 0:03:07 10. 0:03:12 10... 0:02:57 11. 0:03:13 11... 0:02:56 12. 0:03:13 12... 0:02:56 13. 0:03:13 13... 0:02:56 14. 0:03:13 14... 0:02:56 15. 0:03:11 15... 0:02:49 16. 0:03:09 16... 0:02:48 17. 0:02:59 17... 0:02:48 18. 0:02:55 18... 0:02:48 19. 0:02:57 19... 0:02:48 20. 0:02:59 20... 0:02:36 21. 0:02:57 21... 0:02:30 22. 0:02:58 22... 0:02:23 23. 0:02:59 23... 0:02:20 24. 0:02:59 24... 0:02:14 25. 0:02:59 25... 0:02:12 26. 0:03:00 26... 0:02:09 27. 0:03:00 27... 0:02:07 28. 0:03:01,
Rated Blitz game,https://lichess.org/yC1bI0ts,2024.08.01,-,Sebast_oficial,YNK57,0-1,2024.08.01,00:00:48,2366,2357,,,A15,English Opening: Anglo-Indian Defense,180+2,Normal,"1. c4 1... Nf6 2. g3 2... c6 3. Nf3 3... d5 4. Bg2 4... Bg4 5. Ne5 5... Be6 6. cxd5 6... Bxd5 7. Nf3 7... c5 8. Nc3 8... Bc6 9. O-O 9...
e6 10. Ne5 10... Bxg2 11. Kxg2 11... Nbd7 12. Nc4 12... Nb6 13. b3 13...
Be7 14. d3 14... Nbd5 15. Bb2 15... O-O 16. e4 16... Nb4 17. e5 17...
Nd7 18. a3 18... Nd5 19. Ne4 19... b5 20. Ncd6 20... Bxd6 21. Nxd6 21... a6 22. Re1 22... N7b6 23. Rc1 23... Nc8 24.
Ne4 24... Nce7 25. Nxc5 25... Ng6 26. Qd2 26... a5 27. d4 27... b4 28. a4 28... Rc8 29.
f4 29... Nge7 30. Qd3 30... Nf5 31. Rc2 31... h5 32. Qf3 32... g6 33.
h3 33... Qe7 34. Kf2 34... Rc6 35. Rec1 35... Rfc8 36. Re2 36... h4 37.
g4 37... Ng3 38. Rec2 38... f6 39. Ne4 39... Rxc2 40. Rxc2 40... Rxc2 41. Ke1 41... Rxb2 42. exf6 42... Nxf6 43. Nxg3 43... hxg3 44. Qxg3 44... Qc7",1. 0:03:00 1... 0:03:00 2. 0:03:02 2... 0:02:59 3. 0:03:02 3... 0:02:59 4. 0:03:03 4... 0:02:59 5. 0:03:02 5... 0:02:57 6. 0:02:57 6... 0:02:51 7. 0:02:38 7... 0:02:44 8. 0:02:38 8... 0:02:44 9. 0:02:40 9... 0:02:44 10. 0:02:23 10... 0:02:43 11. 0:02:25 11... 0:02:44 12. 0:02:15 12... 0:02:41 13. 0:02:09 13... 0:02:33 14. 0:01:53 14... 0:02:30 15. 0:01:46 15... 0:02:28 16. 0:01:45 16... 0:02:15 17. 0:01:45 17... 0:01:54 18. 0:01:43 18... 0:01:50 19. 0:01:36 19... 0:01:40 20. 0:01:36 20... 0:01:36 21. 0:01:32 21... 0:01:31 22. 0:01:03 22... 0:00:58 23. 0:00:59 23... 0:00:53 24. 0:00:51 24... 0:00:39 25. 0:00:49 25... 0:00:29 26. 0:00:34 26... 0:00:24 27. 0:00:31 27... 0:00:24 28. 0:00:30 28... 0:00:22 29. 0:00:28 29... 0:00:20 30. 0:00:22 30... 0:00:19 31. 0:00:23 31... 0:00:18 32. 0:00:21 32... 0:00:12 33. 0:00:21 33... 0:00:11 34. 0:00:18 34... 0:00:11 35. 0:00:09 35... 0:00:11 36. 0:00:08 36... 0:00:11 37. 0:00:08 37... 0:00:11 38. 0:00:09 38... 0:00:11 39. 0:00:03 39... 0:00:10 40. 0:00:04 40... 0:00:11 41. 0:00:05 41... 0:00:11 42. 0:00:05 42... 0:00:10 43. 0:00:06 43... 0:00:10 44. 0:00:07 44... 0:00:11,
Rated Blitz game,https://lichess.org/waUjYPNE,2024.08.01,-,Theladrox,gongru,0-1,2024.08.01,00:00:48,1994,1993,,,C02,"French Defense: Advance Variation, Milner-Barry Gambit",180+2,Normal,"1. e4 1... e6 2. d4 2... d5 3. e5 3... c5 4. c3 4... Nc6 5. Nf3 5... Qb6 6. Bd3 6... Bd7 7. O-O 7... f6 8. Re1 8... cxd4 9. cxd4 9...
fxe5 10. Nxe5 10... Nxe5 11. dxe5 11... g6 12.
Nc3 12... Bg7 13. Qe2 13... Ne7 14. Nb5 14... O-O 15. Be3 15... Qa5 16.
a4 16... Qb4 17. f4 17... Nf5 18. g4 18... Nxe3 19. Qxe3 19... Qxf4 20. Qxf4 20... Rxf4 21. h3 21... Rf3 22. Rad1 22... Rxh3 23. Kg2 23... Rh4 24. Kg3 24... g5 25.
Rc1 25... Bc6 26. Nd6 26... Rf8 27. Rf1 27... Bxe5",1. 0:03:00 1... 0:03:00 2. 0:03:01 2... 0:03:02 3. 0:03:02 3... 0:03:03 4. 0:03:04 4... 0:03:04 5. 0:03:06 5... 0:03:05 6. 0:03:07 6... 0:03:05 7. 0:03:08 7... 0:03:05 8. 0:03:08 8... 0:03:03 9. 0:03:09 9... 0:03:00 10. 0:03:02 10... 0:03:00 11. 0:02:57 11... 0:02:47 12. 0:02:47 12... 0:02:40 13. 0:02:27 13... 0:02:16 14. 0:02:27 14... 0:02:12 15. 0:02:24 15... 0:02:07 16. 0:01:58 16... 0:01:38 17. 0:01:09 17... 0:01:34 18. 0:00:48 18... 0:01:33 19. 0:00:48 19... 0:01:33 20. 0:00:44 20... 0:01:35 21. 0:00:38 21... 0:01:23 22. 0:00:27 22... 0:01:18 23. 0:00:28 23... 0:01:13 24. 0:00:28 24... 0:01:13 25. 0:00:14 25... 0:01:04 26. 0:00:14 26... 0:01:03 27. 0:00:14 27... 0:01:02,
Rated Blitz game,https://lichess.org/3EsJAdoK,2024.08.01,-,Xadrezsaj,anach27,0-1,2024.08.01,00:00:48,1925,1887,,,B10,Caro-Kann Defense: Two Knights Attack,180+2,Normal,"1. e4 1... c6 2. Nf3 2... d5 3. Nc3 3... dxe4 4. Nxe4 4... Nf6 5.
Qe2 5... Nxe4 6. Qxe4 6... Nd7 7. Bc4 7... Nf6 8. Ne5 8... e6 9. Qe2 9... Bd6 10. d4 10...
O-O 11. Bg5 11... b5 12. Bd3 12... Qc7 13. O-O-O 13... Nd5 14. c3 14...
c5 15. Qh5 15... g6 16. Qh6 16... f6 17. Nxg6 17... hxg6 18. Be4 18... fxg5 19. Qxg6 19... Qg7 20. Qh5 20... Nf4 21.
Qf3 21... Rb8 22. d5 22... e5 23. g3 23... Nxd5 24. Bxd5 24... Kh8 25. Qh5 25... Qh7 26. Qxg5 26... b4 27. h4 27...
bxc3 28. b3 28... Rxf2 29. Qd8 29... Bf8 30. Qxf8 30... Rxf8 31. Rhf1 31... Rxf1 32. Rxf1 32... Qh6 33. Kb1 33... Bf5 34.
Rxf5 34... Qd2 35. Rh5 35... Kg7 36. Rg5 36... Kf6 37. Rg6 37... Kxg6 38. Be4 38... Kf6",1. 0:03:00 1... 0:03:00 2. 0:03:00 2... 0:03:02 3. 0:03:01 3... 0:03:03 4. 0:03:02 4... 0:03:04 5. 0:03:03 5... 0:03:03 6. 0:03:05 6... 0:03:05 7. 0:03:04 7... 0:03:07 8. 0:03:05 8... 0:03:09 9. 0:03:06 9... 0:03:09 10. 0:03:01 10... 0:03:09 11. 0:03:02 11... 0:03:09 12. 0:02:59 12... 0:03:10 13. 0:02:58 13... 0:03:09 14. 0:02:55 14... 0:03:08 15. 0:02:54 15... 0:03:08 16. 0:02:54 16... 0:03:07 17. 0:02:53 17... 0:03:06 18. 0:02:52 18... 0:03:02 19. 0:02:47 19... 0:03:02 20. 0:02:48 20... 0:03:00 21. 0:02:44 21... 0:02:57 22. 0:02:42 22... 0:02:54 23. 0:02:41 23... 0:02:50 24. 0:02:41 24... 0:02:47 25. 0:02:41 25... 0:02:48 26. 0:02:41 26... 0:02:41 27. 0:02:37 27... 0:02:40 28. 0:02:37 28... 0:02:41 29. 0:02:34 29... 0:02:38 30. 0:02:13 30... 0:02:39 31. 0:02:14 31... 0:02:38 32. 0:02:15 32... 0:02:37 33. 0:02:12 33... 0:02:33 34. 0:02:10 34... 0:02:34 35. 0:02:08 35... 0:02:27 36. 0:02:08 36... 0:02:28 37. 0:02:08 37... 0:02:28 38. 0:02:10 38... 0:02:29,
Rated Blitz game,https://lichess.org/btMI0M5k,2024.08.01,-,mazanec008,migueltur,1-0,2024.08.01,00:00:48,2090,2061,,,A45,Trompowsky Attack: Raptor Variation,180+2,Normal,"1. d4 1... Nf6 2. Bg5 2... Ne4 3. h4 3... Nxg5 4. hxg5 4... d5 5. e3 5... Bf5 6. Bd3 6...
Bxd3 7. Qxd3 7... g6 8. Nf3 8... Nd7 9. c4 9... Bg7 10. cxd5 10... Nb6 11. Nc3 11... Nxd5 12.
Qb5 12... c6 13. Qxb7 13... Nxc3 14. Qxc6 14... Kf8 15. Qxc3 15... Rc8 16.
Qd2 16... h6 17. gxh6 17... Rxh6 18. Rxh6 18... Bxh6 19. Rc1 19... Rxc1 20. Qxc1 20... Qa5 21. Qc3 21... Qxa2 22. Ne5 22... Qb1 23. Ke2 23... Bg7 24. Qc8",1. 0:03:00 1... 0:03:00 2. 0:03:00 2... 0:03:00 3. 0:02:58 3... 0:02:59 4. 0:02:57 4... 0:02:58 5. 0:02:41 5... 0:01:11 6. 0:02:33 6... 0:01:08 7. 0:02:35 7... 0:01:07 8. 0:02:30 8... 0:01:08 9. 0:02:26 9... 0:01:06 10. 0:02:25 10... 0:01:07 11. 0:01:53 11... 0:01:05 12. 0:01:02 12... 0:01:02 13. 0:01:02 13... 0:00:53 14. 0:01:02 14... 0:00:54 15. 0:01:01 15... 0:00:55 16. 0:00:56 16... 0:00:45 17. 0:00:50 17... 0:00:45 18. 0:00:48 18... 0:00:46 19. 0:00:50 19... 0:00:43 20. 0:00:52 20... 0:00:30 21. 0:00:44 21... 0:00:31 22. 0:00:45 22... 0:00:21 23. 0:00:44 23... 0:00:15 24. 0:00:41,
Rated Blitz game,https://lichess.org/se9DIdqI,2024.08.01,-,koslaba,Dimitris69,1-0,2024.08.01,00:00:48,1172,1184,,,D02,Queen's Pawn Game: London System,180+2,Normal,"1. d4 1... d5 2. Bf4 2... Nf6 3. Nf3 3... Nc6 4. e3 4... Bg4 5. Nbd2 5... e6 6. c4 6... Bb4 7. Be2 7... dxc4 8.
O-O 8... c3 9. bxc3 9... Bxc3 10. Rc1 10... Bb2 11. Rc2 11... Ba3 12.
Nc4 12... O-O 13. Nxa3 13... Qe7 14. Nb5 14... a6 15. Nxc7 15... Qxc7 16. Bxc7",1. 0:03:00 1... 0:03:00 2. 0:03:01 2... 0:03:01 3. 0:03:02 3... 0:03:02 4. 0:03:04 4... 0:03:03 5. 0:03:03 5... 0:03:04 6. 0:03:03 6... 0:03:05 7. 0:03:00 7... 0:03:05 8. 0:03:00 8... 0:03:05 9. 0:03:00 9... 0:03:06 10. 0:02:58 10... 0:03:07 11. 0:02:58 11... 0:02:50 12. 0:02:57 12... 0:02:45 13. 0:02:57 13... 0:02:43 14. 0:02:55 14... 0:02:42 15. 0:02:55 15... 0:02:42 16. 0:02:55,
Rated Blitz game,https://lichess.org/JR3H9JZe,2024.08.01,-,Joo0000,mike_7000,0-1,2024.08.01,00:00:48,1716,1765,,,B23,Sicilian Defense: Closed,180+2,Time forfeit,"1. e4 1... c5 2. Nc3 2... d6 3. f4 3... e6 4. Nf3 4... Nf6 5. Bb5 5... Bd7 6. Bxd7 6...
Nbxd7 7. d3 7... Be7 8. O-O 8... O-O 9. a3 9... a6 10. Qe1 10... b5 11. Qg3 11... b4 12.
axb4 12... cxb4 13. Ne2 13... Nc5 14. Ned4 14... e5 15. fxe5 15... dxe5 16. Nc6 16... Qc7 17.
Nxe7 17... Qxe7 18. Qxe5 18... Qxe5 19. Nxe5 19... Rfe8 20. Nc4 20... b3 21. c3 21... Nxd3 22.
Bg5 22... Nxe4 23. Bh4 23... f6 24. Rab1 24... Rac8 25. Na5 25... Nd2 26.
Rbd1 26... Nxf1 27. Rxd3 27... Ne3 28. Nxb3 28... Nf5 29. Bf2 29... Re2 30. Nd4 30... Nxd4 31.
Bxd4 31... Rxb2 32. Re3 32... Rb1 33. Kf2 33... Kf7 34. Re2 34... Re8 35. Ra2 35... Re6 36.
h4 36... Rc1 37. Kg3 37... f5 38. Kf4 38... g6 39. Kg3 39... h6 40.
Rf2 40... a5 41. h5 41... a4 42. hxg6 42... Kxg6 43. Ra2 43... Ra6 44.
Kh3 44... Rf1 45. Kg3 45... h5 46. Kh4 46... Rf4 47. Kg3 47... Re4 48.
Kf3 48... Kg5 49. Bc5 49... Rc4 50. Bd4 50... Re6 51. Kf2 51... h4 52.
Kf3 52... Rd6 53. Ra3 53... Re6 54. Ra2 54... Re1 55. Kf2 55... Rc1 56.
Kf3 56... Rf1 57. Ke2 57... Rg1 58. Bxg1 58... Rxc3 59. Rxa4 59... Rc2 60. Kf3 60... Rc3 61. Ke2 61... Rc2 62. Kd1 62... Rxg2 63. Be3 63... Kf6 64. Rxh4 64... Rg3 65.
Bd4 65... Ke6 66. Rf4 66... Rd3 67. Kc2 67... Rg3 68. Bc3 68... Rg2 69.
Kb3 69... Rg4 70. Rf3 70... Re4 71. Kc2 71... f4 72. Bd2 72... Rc4 73.
Kd3 73... Ra4 74. Ke2 74... Kf5 75. Ke1 75... Re4 76. Kd1 76... Rd4 77.
Kc2 77... Ke4 78. Rxf4 78... Ke5 79. Rf3 79... Rc4 80. Kb3 80... Rh4 81. Bc3 81... Ke4 82.
Rg3 82... Kd5 83. Bb4 83... Kc6 84. Rd3 84... Kb5 85. Be7 85... Rg4 86.
Rd5 86... Kc6 87. Rd6 87... Kc7",1. 0:03:00 1... 0:03:00 2. 0:03:01 2... 0:03:00 3. 0:03:03 3... 0:03:02 4. 0:03:05 4... 0:03:02 5. 0:03:05 5... 0:03:00 6. 0:03:04 6... 0:03:01 7. 0:03:06 7... 0:03:02 8. 0:03:04 8... 0:03:03 9. 0:02:52 9... 0:03:04 10. 0:02:46 10... 0:03:05 11. 0:02:47 11... 0:02:57 12. 0:02:47 12... 0:02:58 13. 0:02:47 13... 0:02:40 14. 0:02:42 14... 0:02:38 15. 0:02:40 15... 0:02:37 16. 0:02:39 16... 0:02:34 17. 0:02:38 17... 0:02:35 18. 0:02:39 18... 0:02:23 19. 0:02:41 19... 0:02:05 20. 0:02:37 20... 0:01:58 21. 0:02:34 21... 0:01:57 22. 0:02:30 22... 0:01:52 23. 0:02:23 23... 0:01:48 24. 0:02:18 24... 0:01:38 25. 0:01:58 25... 0:01:29 26. 0:01:28 26... 0:01:27 27. 0:01:28 27... 0:01:20 28. 0:01:23 28... 0:01:18 29. 0:01:21 29... 0:01:09 30. 0:01:13 30... 0:01:05 31. 0:01:15 31... 0:01:06 32. 0:01:16 32... 0:01:01 33. 0:01:17 33... 0:00:58 34. 0:01:13 34... 0:00:44 35. 0:01:11 35... 0:00:40 36. 0:01:09 36... 0:00:28 37. 0:00:58 37... 0:00:22 38. 0:00:54 38... 0:00:21 39. 0:00:52 39... 0:00:19 40. 0:00:50 40... 0:00:12 41. 0:00:50 41... 0:00:06 42. 0:00:48 42... 0:00:08 43. 0:00:48 43... 0:00:07 44. 0:00:45 44... 0:00:06 45. 0:00:45 45... 0:00:07 46. 0:00:41 46... 0:00:07 47. 0:00:41 47... 0:00:08 48. 0:00:41 48... 0:00:09 49. 0:00:37 49... 0:00:08 50. 0:00:37 50... 0:00:07 51. 0:00:36 51... 0:00:08 52. 0:00:36 52... 0:00:07 53. 0:00:35 53... 0:00:05 54. 0:00:35 54... 0:00:06 55. 0:00:34 55... 0:00:06 56. 0:00:34 56... 0:00:06 57. 0:00:34 57... 0:00:06 58. 0:00:35 58... 0:00:05 59. 0:00:32 59... 0:00:06 60. 0:00:32 60... 0:00:06 61. 0:00:33 61... 0:00:07 62. 0:00:33 62... 0:00:08 63. 0:00:33 63... 0:00:07 64. 0:00:33 64... 0:00:07 65. 0:00:31 65... 0:00:08 66. 0:00:27 66... 0:00:09 67. 0:00:27 67... 0:00:09 68. 0:00:24 68... 0:00:10 69. 0:00:25 69... 0:00:08 70. 0:00:21 70... 0:00:06 71. 0:00:13 71... 0:00:07 72. 0:00:12 72... 0:00:06 73. 0:00:13 73... 0:00:06 74. 0:00:10 74... 0:00:06 75. 0:00:08 75... 0:00:07 76. 0:00:09 76... 0:00:07 77. 0:00:09 77... 0:00:08 78. 0:00:09 78... 0:00:08 79. 0:00:08 79... 0:00:09 80. 0:00:09 80... 0:00:09 81. 0:00:08 81... 0:00:10 82. 0:00:08 82... 0:00:09 83. 0:00:07 83... 0:00:08 84. 0:00:08 84... 0:00:07 85. 0:00:08 85... 0:00:04 86. 0:00:05 86... 0:00:05 87. 0:00:05 87... 0:00:05,
Rated Blitz game,https://lichess.org/LTs7y53I,2024.08.01,-,yanzen17,adrian_trandafir,1-0,2024.08.01,00:00:48,1913,1916,,,A07,King's Indian Attack,180+2,Normal,"1. g3 1... d5 2. Nf3 2... e6 3. Bg2 3... b6 4. c4 4... Bb7 5. cxd5 5... Bxd5 6. Nc3 6... Bb7 7. O-O 7... Nf6 8. d4 8... Be7 9. a3 9...
O-O 10. b4 10... Nc6 11. Bb2 11... a5 12. b5 12... Nb8 13. a4 13...
Bb4 14. Rc1 14... Nbd7 15. e3 15... Rc8 16. Nh4 16... Bxg2 17. Nxg2 17... c6 18. bxc6 18... Rxc6 19. Nb5 19... Rxc1 20.
Qxc1 20... Nd5 21. e4 21... N5f6 22. Qe3 22... Qa8 23. f3 23... Rc8 24.
Rc1 24... Rxc1 25. Qxc1 25... h6 26. Qc7 26...
Qb8 27. Ne3 27... Qxc7 28. Nxc7 28... Ne8 29. Nxe8",1. 0:03:00 1... 0:03:00 2. 0:02:59 2... 0:03:00 3. 0:03:01 3... 0:03:01 4. 0:03:00 4... 0:03:02 5. 0:03:02 5... 0:03:04 6. 0:03:01 6... 0:03:05 7. 0:03:02 7... 0:03:06 8. 0:03:00 8... 0:03:07 9. 0:03:00 9... 0:03:07 10. 0:03:00 10... 0:03:06 11. 0:02:55 11... 0:03:06 12. 0:02:49 12... 0:03:04 13. 0:02:50 13... 0:03:05 14. 0:02:43 14... 0:03:05 15. 0:02:37 15... 0:03:05 16. 0:02:31 16... 0:03:03 17. 0:02:31 17... 0:02:47 18. 0:02:31 18... 0:02:48 19. 0:02:20 19... 0:02:48 20. 0:02:19 20... 0:02:48 21. 0:02:07 21... 0:02:44 22. 0:01:39 22... 0:02:35 23. 0:01:25 23... 0:02:33 24. 0:01:25 24... 0:02:33 25. 0:01:26 25... 0:02:19 26. 0:01:25 26... 0:02:15 27. 0:01:09 27... 0:02:13 28. 0:01:10 28... 0:02:07 29. 0:01:07,
Rated Blitz game,https://lichess.org/XfCyexlV,2024.08.01,-,martinoo21,dalex772,0-1,2024.08.01,00:00:48,1620,1582,,,B22,Sicilian Defense: Alapin Variation,180+2,Normal,"1. e4 1... c5 2. c3 2... e6 3. d4 3... cxd4 4. cxd4 4... a6 5. Nf3 5... d6 6. Nc3 6...
Nf6 7. Bc4 7... b5 8.
Bb3 8... Bb7 9. d5 9... exd5 10. Nxd5 10... Nxd5 11. Bxd5 11... Bxd5 12. exd5 12... Nd7 13. O-O 13... Be7 14. Re1 14... O-O 15. b3 15... Nb6 16. Bb2 16... Bf6 17.
Bxf6 17... Qxf6 18. Rc1 18... Rac8 19. Rc6 19... Rxc6 20. dxc6 20... Rc8 21. Qd2 21... h6 22.
Rc1 22... d5 23. Nd4 23... Rc7 24. Qa5 24... Qxd4 25. Qxa6 25... Rxc6",1. 0:03:00 1... 0:03:00 2. 0:03:00 2... 0:03:02 3. 0:03:01 3... 0:03:03 4. 0:03:02 4... 0:03:03 5. 0:03:03 5... 0:03:03 6. 0:03:04 6... 0:03:05 7. 0:03:03 7... 0:03:04 8. 0:03:04 8... 0:03:04 9. 0:02:55 9... 0:02:54 10. 0:02:52 10... 0:02:53 11. 0:02:49 11... 0:02:53 12. 0:02:51 12... 0:02:54 13. 0:02:47 13... 0:02:54 14. 0:02:48 14... 0:02:55 15. 0:02:45 15... 0:02:55 16. 0:02:46 16... 0:02:55 17. 0:02:39 17... 0:02:57 18. 0:02:37 18... 0:02:55 19. 0:02:37 19... 0:02:34 20. 0:02:39 20... 0:02:25 21. 0:02:09 21... 0:02:11 22. 0:02:04 22... 0:02:05 23. 0:01:52 23... 0:01:55 24. 0:01:50 24... 0:01:51 25. 0:01:51 25... 0:01:44,
Rated Blitz game,https://lichess.org/cr1HFPcY,2024.08.01,-,Mccall_zlatan,Behzad41,0-1,2024.08.01,00:00:48,1586,1626,,,C24,Bishop's Opening: Berlin Defense,180+2,Time forfeit,"1. e4 1... e5 2. Bc4 2... Nf6 3. d3 3... c6 4. Bg5 4... Be7 5. Bxf6 5... Bxf6 6. Nf3 6...
O-O 7. Nc3 7... g6 8.
h4 8... Bg7 9. Ng5 9... b5 10. Bxf7 10... Rxf7 11. Nxf7 11... Kxf7 12. Qf3 12... Qf6 13. Qg3 13... Qf4 14. Qxf4 14... exf4 15. Ne2 15... Be5 16. d4 16... Bc7 17.
e5 17... c5 18. c3 18... cxd4 19. cxd4 19... Ba5 20. Kf1 20... Nc6 21.
Rd1 21... Ba6 22. Nxf4 22... b4 23. Kg1 23... Rf8 24. g3 24... Kg8 25.
Kh2 25... Bb6 26. e6 26... dxe6 27. Nxe6 27... Rxf2 28. Kh3 28... Bb7 29.
Rhf1 29... Rxf1 30. Rxf1 30... h5 31. Rf8 31... Kh7 32. g4 32... hxg4 33. Kxg4 33... Ba6 34.
d5 34... Ne5 35. Kg5 35... Be3 36. Kf6 36... Ng4 37. Ke7 37... Bh6 38.
Ng5 38... Kg7 39. Rf7 39... Kg8 40. Rh7 40... Bf8 41. Kd8 41... Nf6 42. Rxa7 42... Bc4 43.
Ne6 43... Bh6 44. Ng5 44... Bxd5 45. b3 45... Ne4 46. Nxe4 46... Bxe4 47. Ra4 47... Bd2 48. a3 48... Bc6 49. Ra7 49... bxa3 50. Rxa3 50... Be1 51. Ra1 51... Bxh4 52. Kc7 52... Bd5 53. b4 53... Bf6 54. Rf1 54... Kg7 55. Rd1 55... Bc4 56. Rc1 56... Bd3 57.
Rd1 57... Bb5 58. Kb6 58... Be8",1. 0:03:00 1... 0:03:00 2. 0:03:00 2... 0:03:00 3. 0:02:52 3... 0:02:55 4. 0:02:50 4... 0:02:54 5. 0:02:49 5... 0:02:55 6. 0:02:37 6... 0:02:51 7. 0:02:35 7... 0:02:51 8. 0:02:35 8... 0:02:52 9. 0:02:28 9... 0:02:45 10. 0:02:27 10... 0:02:46 11. 0:02:28 11... 0:02:47 12. 0:02:26 12... 0:02:45 13. 0:02:27 13... 0:02:43 14. 0:02:25 14... 0:02:44 15. 0:02:24 15... 0:02:43 16. 0:02:25 16... 0:02:43 17. 0:02:27 17... 0:02:40 18. 0:02:27 18... 0:02:40 19. 0:02:28 19... 0:02:41 20. 0:02:26 20... 0:02:37 21. 0:02:26 21... 0:02:24 22. 0:02:25 22... 0:02:24 23. 0:02:25 23... 0:02:19 24. 0:02:17 24... 0:02:19 25. 0:02:15 25... 0:02:19 26. 0:01:51 26... 0:02:16 27. 0:01:45 27... 0:02:16 28. 0:01:46 28... 0:01:45 29. 0:01:44 29... 0:01:21 30. 0:01:44 30... 0:01:23 31. 0:01:38 31... 0:01:21 32. 0:01:39 32... 0:01:21 33. 0:01:40 33... 0:01:07 34. 0:01:28 34... 0:01:07 35. 0:01:26 35... 0:01:07 36. 0:01:23 36... 0:01:07 37. 0:01:18 37... 0:00:58 38. 0:01:07 38... 0:00:58 39. 0:01:06 39... 0:00:58 40. 0:00:57 40... 0:00:58 41. 0:00:42 41... 0:00:50 42. 0:00:42 42... 0:00:45 43. 0:00:31 43... 0:00:35 44. 0:00:23 44... 0:00:31 45. 0:00:23 45... 0:00:25 46. 0:00:23 46... 0:00:24 47. 0:00:22 47... 0:00:24 48. 0:00:21 48... 0:00:25 49. 0:00:17 49... 0:00:20 50. 0:00:17 50... 0:00:21 51. 0:00:17 51... 0:00:21 52. 0:00:17 52... 0:00:20 53. 0:00:17 53... 0:00:18 54. 0:00:15 54... 0:00:17 55. 0:00:05 55... 0:00:18 56. 0:00:04 56... 0:00:16 57. 0:00:03 57... 0:00:15 58. 0:00:02 58... 0:00:16,
Rated Blitz game,https://lichess.org/jvy13vXQ,2024.08.01,-,Faruk87,z0v0z,0-1,2024.08.01,00:00:48,2137,2205,,,D20,Queen's Gambit Accepted,180+2,Normal,"1. d4 1... d5 2. c4 2... dxc4 3. Nc3 3... Nf6 4. e3 4... Bg4 5. Qc2 5... e6 6. Bxc4 6...
a6 7. a4 7... Nc6 8.
h4 8... Bb4 9. f3 9...
Bf5 10. e4 10... Qxd4 11. Bb3 11... Bxe4 12. fxe4 12... Nxe4 13. Nf3 13... Qf6 14. Bd2 14... Nxd2 15. Qxd2 15... Rd8 16.
Qe3 16... O-O 17. O-O 17... b6 18. Qe4 18... Ne7 19. Qe5 19... Qg6 20.
Rad1 20... Bd6 21. Qg5 21... Nf5 22. Qxg6 22... hxg6 23. Rfe1 23... Bg3 24.
Rxd8 24... Rxd8 25. Rd1 25... Rxd1 26. Bxd1 26... Nxh4 27. Nxh4 27... Bxh4 28. Bf3 28... Kf8 29.
Bc6 29... Ke7 30. b4 30... f5 31. b5 31... axb5 32. Nxb5 32... Bg3 33.
Kf1 33... g5 34. Ke2 34... g4 35. Ke3 35... g5 36. Bb7 36... Kd7 37.
Na7 37... c5 38. Ba6 38... e5 39. Bc4 39... e4 40. Nb5 40... Bf4 41.
Ke2 41... Be5 42. Kd2 42... f4 43. Nc3 43... e3 44. Kd3 44... Bxc3 45.
Kxc3 45... f3 46. gxf3 46... gxf3 47. Kd3 47... e2 48. Kd2 48... g4 49.
Bd5 49... Kd6 50. Bb7 50... Ke5 51. Ke1 51... Kf4 52. Bc6 52... Ke3 53.
Bb5 53... f2",1. 0:03:00 1... 0:03:00 2. 0:03:01 2... 0:03:01 3. 0:03:02 3... 0:03:01 4. 0:03:03 4... 0:02:55 5. 0:02:57 5... 0:02:53 6. 0:02:56 6... 0:02:53 7. 0:02:55 7... 0:02:53 8. 0:02:38 8... 0:02:33 9. 0:02:37 9... 0:02:23 10. 0:02:16 10... 0:02:09 11. 0:02:04 11... 0:01:30 12. 0:02:03 12... 0:01:31 13. 0:01:15 13... 0:01:30 14. 0:01:02 14... 0:01:11 15. 0:00:54 15... 0:01:05 16. 0:00:50 16... 0:00:52 17. 0:00:49 17... 0:00:22 18. 0:00:42 18... 0:00:16 19. 0:00:32 19... 0:00:12 20. 0:00:26 20... 0:00:11 21. 0:00:23 21... 0:00:10 22. 0:00:21 22... 0:00:12 23. 0:00:18 23... 0:00:11 24. 0:00:16 24... 0:00:13 25. 0:00:17 25... 0:00:13 26. 0:00:16 26... 0:00:11 27. 0:00:17 27... 0:00:12 28. 0:00:16 28... 0:00:11 29. 0:00:15 29... 0:00:11 30. 0:00:15 30... 0:00:10 31. 0:00:15 31... 0:00:09 32. 0:00:16 32... 0:00:09 33. 0:00:16 33... 0:00:10 34. 0:00:17 34... 0:00:11 35. 0:00:17 35... 0:00:11 36. 0:00:14 36... 0:00:10 37. 0:00:13 37... 0:00:09 38. 0:00:13 38... 0:00:09 39. 0:00:12 39... 0:00:10 40. 0:00:12 40... 0:00:10 41. 0:00:12 41... 0:00:11 42. 0:00:10 42... 0:00:11 43. 0:00:10 43... 0:00:11 44. 0:00:10 44... 0:00:11 45. 0:00:11 45... 0:00:12 46. 0:00:10 46... 0:00:13 47. 0:00:11 47... 0:00:14 48. 0:00:12 48... 0:00:15 49. 0:00:11 49... 0:00:15 50. 0:00:12 50... 0:00:16 51. 0:00:11 51... 0:00:17 52. 0:00:10 52... 0:00:17 53. 0:00:08 53... 0:00:15,
Rated Blitz game,https://lichess.org/gLL3P1l0,2024.08.01,-,MarkoAMDPobeda,diamat1983,0-1,2024.08.01,00:01:22,1892,1881,,,B10,Caro-Kann Defense: Accelerated Panov Attack,180+2,Normal,"1. e4 1... c6 2. c4 2... d5 3. cxd5 3... cxd5 4. exd5 4... Qxd5 5.
Nc3 5... Qd8 6. Nf3 6... Nc6 7. d4 7... Nf6 8. Be3 8... a6 9. Bc4 9... b5 10. Bb3 10...
Bb7 11. O-O 11... e6 12. Ne5 12... Be7 13. Rc1 13... O-O 14. Nxc6 14... Bxc6 15. Ne2 15... Bb7 16. Nf4 16... a5 17.
Bxe6 17... fxe6 18. Nxe6 18... Qb8 19. Nxf8 19... Bxf8 20. Qb3 20... Kh8 21. Qxb5 21... Bd6 22.
Qf5 22... Bxh2 23. Kh1 23... Be4 24. Qh3 24... Bd6 25. Rc3 25... Nd5 26. Rb3 26... Qf8 27.
f3 27... a4 28. fxe4 28... Qxf1 29. Bg1 29... axb3 30. Qxb3 30... Nf4 31.
Qc2 31... Ne2 32. e5 32... Qxg1",1. 0:03:00 1... 0:03:00 2. 0:02:59 2... 0:03:01 3. 0:03:01 3... 0:03:03 4. 0:03:02 4... 0:03:04 5. 0:03:04 5... 0:03:04 6. 0:03:05 6... 0:03:04 7. 0:03:05 7... 0:03:01 8. 0:03:06 8... 0:03:00 9. 0:03:05 9... 0:02:58 10. 0:03:02 10... 0:02:57 11. 0:03:01 11... 0:02:57 12. 0:03:02 12... 0:02:55 13. 0:02:40 13... 0:02:43 14. 0:02:40 14... 0:02:41 15. 0:02:42 15... 0:02:34 16. 0:02:37 16... 0:01:41 17. 0:02:34 17... 0:01:39 18. 0:02:35 18... 0:01:41 19. 0:02:34 19... 0:01:40 20. 0:02:27 20... 0:01:39 21. 0:02:28 21... 0:01:36 22. 0:02:14 22... 0:01:33 23. 0:02:12 23... 0:01:23 24. 0:02:01 24... 0:01:10 25. 0:01:51 25... 0:00:55 26. 0:01:45 26... 0:00:50 27. 0:01:38 27... 0:00:42 28. 0:01:05 28... 0:00:42 29. 0:01:03 29... 0:00:37 30. 0:01:04 30... 0:00:30 31. 0:00:55 31... 0:00:17 32. 0:00:42 32... 0:00:14,
Rated Blitz game,https://lichess.org/obFWLqOq,2024.08.01,-,JMateus,AnonymousHunter,0-1,2024.08.01,00:01:22,2239,2326,,,A43,Indian Defense: Pseudo-Benko,180+2,Normal,"1. d4 1... Nf6 2. Nf3 2... c5 3. d5 3... b5 4. e4 4... Nxe4 5. Bd3 5... Nd6 6. O-O 6... c4 7. Be2 7... Bb7 8. Bf4 8... Qb6 9. a4 9... a6 10. Nc3 10... g6 11.
a5 11... Qa7 12. Re1 12... Qc5 13. Be3 13... Qc7 14. Bb6 14... Qc8 15.
Bd4 15... Rg8 16. Ng5 16... h6 17. Nge4 17... Nxe4 18. Nxe4 18... Bg7 19.
Bf3 19... Kf8 20. d6 20... e5 21. Nc5 21... Bxf3 22. Qxf3 22... Nc6 23.
Be3 23... Rh8 24. Qh3 24... f5 25. c3 25... Kg8 26. Qf3 26... Kh7 27.
h4 27... f4 28. Bd2 28... h5 29. Ne4 29... Rf8 30. Ng5 30... Kh8 31.
Qe4 31... Qe8 32. Rad1 32... Rf5 33. Ra1 33... Bf6 34. Nf3 34... Qd8 35.
g3 35... fxg3 36. fxg3 36... Qf8 37. Kg2 37... Qf7 38. Bg5 38... Rf8 39.
Re2 39... Bxg5 40. Nxg5 40... Rf2 41. Kh1 41... Rf1 42. Kg2 42... Rf2 43. Kh3 43... Qf5 44.
Qxf5 44... R8xf5 45. Rae1 45... Kg7 46. Ne4 46... R2f3 47. Nc5 47... g5 48. Nxd7 48... g4 49.
Kg2 49... b4 50. Nc5 50... bxc3 51. bxc3 51... Rxc3 52. d7 52... Rff3 53.
Kh1 53... Rxg3 54. Rh2 54... Rge3 55. Rxe3 55... Rxe3 56. Ne6 56... Kf6 57.
d8=Q 57... Nxd8 58. Nxd8 58... c3 59. Rc2 59...
e4 60. Kg2 60... Rf3 61. Nc6 61... Ke6 62. Nd4 62... Kd5 63. Nxf3 63... exf3 64. Kf2 64... Kd4 65. Ra2 65... Kd3 66.
Ra3 66... Kd2 67. Ra4 67... c2 68. Rd4 68... Kc3 69. Rd8 69... c1=Q 70.
Rc8 70... Kb2 71. Rxc1 71... Kxc1 72. Ke3 72... Kc2 73. Kf2 73... Kb3 74. Kg3 74... Ka4",1. 0:03:00 1... 0:03:00 2. 0:03:01 2... 0:03:01 3. 0:02:57 3... 0:03:02 4. 0:02:50 4... 0:03:01 5. 0:02:49 5... 0:03:01 6. 0:02:49 6... 0:03:01 7. 0:02:49 7... 0:02:59 8. 0:02:48 8... 0:02:56 9. 0:02:48 9... 0:02:45 10. 0:02:48 10... 0:02:26 11. 0:02:45 11... 0:02:20 12. 0:02:45 12... 0:02:10 13. 0:02:38 13... 0:02:08 14. 0:02:38 14... 0:02:09 15. 0:02:39 15... 0:02:08 16. 0:02:39 16... 0:01:53 17. 0:02:40 17... 0:01:53 18. 0:02:41 18... 0:01:43 19. 0:02:39 19... 0:01:42 20. 0:02:37 20... 0:01:40 21. 0:02:29 21... 0:01:27 22. 0:02:30 22... 0:01:17 23. 0:02:04 23... 0:01:13 24. 0:01:54 24... 0:01:08 25. 0:01:46 25... 0:01:07 26. 0:01:39 26... 0:01:04 27. 0:01:39 27... 0:01:02 28. 0:01:38 28... 0:01:01 29. 0:01:38 29... 0:01:00 30. 0:01:36 30... 0:00:59 31. 0:01:36 31... 0:01:00 32. 0:01:26 32... 0:00:59 33. 0:01:17 33... 0:01:00 34. 0:01:17 34... 0:00:57 35. 0:00:54 35... 0:00:58 36. 0:00:56 36... 0:00:58 37. 0:00:56 37... 0:00:57 38. 0:00:56 38... 0:00:55 39. 0:00:56 39... 0:00:46 40. 0:00:57 40... 0:00:47 41. 0:00:44 41... 0:00:47 42. 0:00:43 42... 0:00:48 43. 0:00:42 43... 0:00:50 44. 0:00:44 44... 0:00:50 45. 0:00:43 45... 0:00:48 46. 0:00:21 46... 0:00:38 47. 0:00:21 47... 0:00:34 48. 0:00:18 48... 0:00:21 49. 0:00:19 49... 0:00:17 50. 0:00:20 50... 0:00:16 51. 0:00:21 51... 0:00:18 52. 0:00:22 52... 0:00:19 53. 0:00:16 53... 0:00:20 54. 0:00:16 54... 0:00:20 55. 0:00:15 55... 0:00:22 56. 0:00:17 56... 0:00:23 57. 0:00:19 57... 0:00:24 58. 0:00:21 58... 0:00:25 59. 0:00:21 59... 0:00:26 60. 0:00:22 60... 0:00:27 61. 0:00:22 61... 0:00:27 62. 0:00:24 62... 0:00:27 63. 0:00:24 63... 0:00:28 64. 0:00:26 64... 0:00:28 65. 0:00:26 65... 0:00:29 66. 0:00:27 66... 0:00:31 67. 0:00:27 67... 0:00:31 68. 0:00:28 68... 0:00:33 69. 0:00:28 69... 0:00:34 70. 0:00:30 70... 0:00:35 71. 0:00:31 71... 0:00:36 72. 0:00:30 72... 0:00:36 73. 0:00:29 73... 0:00:35 74. 0:00:29 74... 0:00:35,
Rated Blitz game,https://lichess.org/o4oovQyP,2024.08.01,-,caniseri,timolegrand,1-0,2024.08.01,00:01:22,1313,1375,,,C62,Ruy Lopez: Steinitz Defense,180+2,Normal,"1. e4 1... e5 2. Nf3 2... Nc6 3. Bb5 3... d6 4. d3 4... Bd7 5. Bc4 5... a6 6. Bd5 6...
Nge7 7. c4 7... b5 8.
b3 8... g6 9. Ng5 9...
Be6 10. Bxe6 10... fxe6 11. Nxe6 11... Qd7 12.
Nxf8 12... Rxf8 13. Bh6 13... Rf7 14. O-O 14... Nd4 15. Nc3 15... c6 16. Be3 16... O-O-O 17. cxb5 17... cxb5 18. Bxd4 18... exd4 19. Ne2 19... Nc6 20. Rc1 20... Kb7 21. Qc2 21... Rc8 22.
Qb2 22... Qg4 23. Nxd4 23... Nxd4 24. Rxc8 24... Ne2 25. Kh1 25... Kxc8 26.
f3 26... Ng3 27. Kg1 27... Ne2 28. Qxe2 28... Qh5 29. Rc1 29... Kd7 30.
Qf2 30... Ke6 31. d4 31... d5 32. Rc6 32... Kd7 33. Rxa6 33... Qh6 34.
Ra7 34... Ke6 35. Rxf7 35... Kxf7 36. exd5 36... Qc1 37. Qf1 37... Qc2 38. Qxb5 38... Qxa2 39. d6 39... Qb2 40. d7 40... Qxd4 41. Kf1 41... Qd1 42. Kf2 42... Qd2 43. Kg3 43... Qd6 44.
f4 44... Ke7 45. Qe5 45... Qxe5 46. fxe5 46... Kxd7 47. Kf4 47... Ke6 48.
b4 48... h6 49. b5 49... g5 50. Ke4 50... g4 51. b6 51... Kd7 52.
Kd5 52... Kc8 53. Kd6 53... Kb7 54. e6 54... Kxb6 55. e7 55... Kb7 56.
e8=Q",1. 0:03:00 1... 0:03:00 2. 0:03:01 2... 0:03:01 3. 0:03:01 3... 0:03:00 4. 0:03:00 4... 0:03:00 5. 0:02:59 5... 0:02:59 6. 0:02:59 6... 0:02:56 7. 0:02:55 7... 0:02:55 8. 0:02:55 8... 0:02:24 9. 0:02:54 9... 0:01:58 10. 0:02:50 10... 0:01:57 11. 0:02:51 11... 0:01:55 12. 0:02:48 12... 0:01:53 13. 0:02:44 13... 0:01:47 14. 0:02:43 14... 0:01:47 15. 0:02:37 15... 0:01:44 16. 0:02:29 16... 0:01:14 17. 0:02:23 17... 0:01:09 18. 0:02:22 18... 0:01:08 19. 0:02:18 19... 0:00:50 20. 0:02:17 20... 0:00:51 21. 0:02:14 21... 0:00:51 22. 0:02:11 22... 0:00:22 23. 0:02:06 23... 0:00:23 24. 0:02:03 24... 0:00:20 25. 0:01:57 25... 0:00:19 26. 0:01:57 26... 0:00:09 27. 0:01:55 27... 0:00:08 28. 0:01:54 28... 0:00:06 29. 0:01:53 29... 0:00:06 30. 0:01:49 30... 0:00:04 31. 0:01:48 31... 0:00:03 32. 0:01:46 32... 0:00:04 33. 0:01:42 33... 0:00:04 34. 0:01:42 34... 0:00:05 35. 0:01:41 35... 0:00:06 36. 0:01:36 36... 0:00:06 37. 0:01:34 37... 0:00:05 38. 0:01:32 38... 0:00:05 39. 0:01:32 39... 0:00:05 40. 0:01:31 40... 0:00:05 41. 0:01:23 41... 0:00:05 42. 0:01:23 42... 0:00:06 43. 0:01:21 43... 0:00:05 44. 0:01:19 44... 0:00:05 45. 0:01:17 45... 0:00:05 46. 0:01:18 46... 0:00:06 47. 0:01:19 47... 0:00:08 48. 0:01:20 48... 0:00:06 49. 0:01:21 49... 0:00:07 50. 0:01:21 50... 0:00:08 51. 0:01:22 51... 0:00:08 52. 0:01:21 52... 0:00:08 53. 0:01:22 53... 0:00:09 54. 0:01:22 54... 0:00:10 55. 0:01:24 55... 0:00:11 56. 0:01:24,
Rated Blitz game,https://lichess.org/iLZa2tSn,2024.08.01,-,sinaasgarpoor1994,cordilleradelosandes,0-1,2024.08.01,00:01:22,1545,1582,,,D00,Queen's Pawn Game: Accelerated London System,180+2,Normal,"1. d4 1... d5 2. Bf4 2... f5 3. e3 3... e6 4. Nf3 4... Nf6 5. Bd3 5... Bd6 6. Bxd6 6... Qxd6 7. O-O 7... c6 8. b3 8... h5 9. c4 9... g5 10. Nxg5 10... Ng4 11.
g3 11... h4 12. Nc3 12... hxg3 13. fxg3 13... Rxh2 14. Qf3 14... Qe7 15.
Rf2 15... Rxf2 16. Qxf2 16... Qxg5 17. Qf3 17... Qh5 18. Qg2 18... Nd7 19. cxd5 19... cxd5 20. Rf1 20... Ndf6 21. Nxd5 21... Nxd5 22. e4 22... Nge3 23. Qh2 23... Qxh2 24. Kxh2 24... Nxf1 25. Bxf1 25... fxe4",1. 0:03:00 1... 0:03:00 2. 0:03:01 2... 0:03:01 3. 0:03:03 3... 0:03:03 4. 0:03:04 4... 0:03:05 5. 0:03:05 5... 0:03:07 6. 0:03:06 6... 0:03:08 7. 0:03:07 7... 0:03:10 8. 0:03:08 8... 0:03:12 9. 0:03:06 9... 0:03:11 10. 0:03:03 10... 0:03:11 11. 0:03:00 11... 0:03:08 12. 0:02:39 12... 0:03:06 13. 0:02:40 13... 0:03:04 14. 0:02:24 14... 0:02:53 15. 0:02:10 15... 0:02:51 16. 0:02:07 16... 0:02:52 17. 0:01:59 17... 0:02:44 18. 0:01:57 18... 0:02:42 19. 0:01:55 19... 0:02:42 20. 0:01:53 20... 0:02:41 21. 0:01:51 21... 0:02:40 22. 0:01:50 22... 0:02:38 23. 0:01:44 23... 0:02:35 24. 0:01:44 24... 0:02:37 25. 0:01:45 25... 0:02:36,
Rated Blitz game,https://lichess.org/sC67lxw0,2024.08.01,-,Ramazan_Adzhiev,CHUSOCK,1-0,2024.08.01,00:01:22,1428,1398,,,C20,King's Pawn Opening,180+2,Normal,"1. e4 1... e5 2. b3 2... Bc5 3. Bb2 3... d6 4. f4 4... exf4 5.
Bxg7 5... Qh4 6. Ke2 6... Bg4 7. Nf3 7... Qf2 8. Kd3 8... Nc6 9. Qe2 9... Nb4 10. Kc3 10... Bd4 11. Bxd4 11... Qxe2 12. Bxe2 12... c5 13.
Bxh8 13... f6 14. h3 14... Be6 15. Bc4 15... Bxc4 16. bxc4 16... a5 17.
Na3 17... Kf7 18. d4 18... cxd4 19. Nxd4 19... Re8 20. Rae1 20... Nh6 21.
Nab5 21... Nxa2 22. Kd3 22... Nb4 23. Kd2 23... Rf8 24. Bxf6 24... Kxf6 25. Nxd6 25... Rd8 26.
N6b5 26... Nf7 27. Kc3 27... Ne5 28. Rhf1 28... Rc8 29. Rxf4 29... Kg5 30. Ne6 30... Kg6 31. Nec7 31... Kg5 32. Ref1 32... Na2 33. Kb3 33... Nb4 34. Rf5 34... Kg6 35.
Rxe5 35... Nc6 36. Rd5 36... Ne7 37. Rd6 37... Kg5 38. e5 38... Nf5 39.
Rf6 39... Nd4 40. Nxd4 40... Rxc7 41. e6 41... a4 42. Kxa4 42... Rxc4 43. Kb3 43... Rxd4 44.
g3 44... Rd8 45. R1f5",1. 0:03:00 1... 0:03:00 2. 0:02:58 2... 0:03:01 3. 0:02:59 3... 0:03:01 4. 0:02:59 4... 0:02:50 5. 0:03:01 5... 0:02:50 6. 0:02:51 6... 0:02:43 7. 0:02:50 7... 0:02:41 8. 0:02:49 8... 0:02:39 9. 0:02:44 9... 0:02:37 10. 0:02:40 10... 0:02:22 11. 0:02:30 11... 0:02:18 12. 0:02:29 12... 0:02:15 13. 0:02:29 13... 0:02:12 14. 0:02:28 14... 0:02:11 15. 0:02:21 15... 0:02:08 16. 0:02:22 16... 0:02:08 17. 0:02:21 17... 0:02:00 18. 0:02:21 18... 0:01:53 19. 0:02:23 19... 0:01:52 20. 0:02:21 20... 0:01:51 21. 0:02:16 21... 0:01:50 22. 0:02:17 22... 0:01:42 23. 0:02:15 23... 0:01:37 24. 0:02:16 24... 0:01:37 25. 0:02:13 25... 0:01:35 26. 0:02:13 26... 0:01:33 27. 0:02:12 27... 0:01:29 28. 0:01:58 28... 0:01:19 29. 0:01:51 29... 0:01:18 30. 0:01:50 30... 0:01:17 31. 0:01:44 31... 0:01:01 32. 0:01:42 32... 0:00:53 33. 0:01:42 33... 0:00:50 34. 0:01:42 34... 0:00:50 35. 0:01:43 35... 0:00:49 36. 0:01:36 36... 0:00:38 37. 0:01:33 37... 0:00:37 38. 0:01:29 38... 0:00:33 39. 0:01:25 39... 0:00:28 40. 0:01:26 40... 0:00:27 41. 0:01:27 41... 0:00:21 42. 0:01:27 42... 0:00:22 43. 0:01:28 43... 0:00:23 44. 0:01:29 44... 0:00:21 45. 0:01:28,
Rated Blitz game,https://lichess.org/P50BA05g,2024.08.01,-,rus_bog,anatolyp,1-0,2024.08.01,00:01:22,2011,2014,,,B06,Modern Defense: Standard Defense,180+2,Normal,"1. e4 1... d6 2. d4 2... g6 3. Nc3 3... Bg7 4. Be3 4... Nd7 5. Qd2 5... c6 6. O-O-O 6...
a5 7. h4 7... h5 8. a4 8... Nb6 9. Nf3 9...
Nf6 10. Ng5 10... Ng4 11. Bf4 11... f6 12. Nh3 12... Be6 13. f3 13...
Nh6 14. d5 14... cxd5 15. exd5 15... Bd7 16. b3 16... O-O 17. Bxh6 17... Kh7 18. Bxg7 18... Kxg7 19. Bd3 19... Rc8 20.
Nf4 20... Qe8 21. Bxg6 21... e5 22. dxe6 22... Bxe6 23. Nxe6 23... Qxe6 24. Bxh5 24... Qe5 25. Qd4 25... Qxd4 26. Rxd4 26... Rxc3 27. Bg4 27... d5 28. Bf5 28... Re8 29.
Kb2 29... Rce3 30. Bd3 30... R8e5 31. h5 31... Kh6 32. Rg4 32... Rg5 33.
Rxg5 33... fxg5 34. Bg6 34... Nd7 35. Rd1 35... Nf6 36. Rd2 36... Re1 37. g4 37... Re3 38.
Rf2 38... Nd7 39. f4 39... gxf4 40. Rxf4 40... Ne5 41. Rf6 41... Nxg4 42.
Rb6 42... Re7 43. Rb5 43... Ne3 44. Rxa5 44... b6 45. Ra8 45... Rc7 46.
Rh8 46... Kg5 47. Bd3 47... Ng4 48. h6 48... Nxh6 49. Rd8 49... Rc5 50.
b4 50... Rc6 51. Rxd5 51... Kf6 52. c4 52... Nf7 53. Kc3 53... Ne5 54.
Rd8 54... Ke7 55. Rb8 55... Rd6 56. Be4 56... Nd7 57. Rh8 57... Re6 58.
Bd5 58... Re3 59. Kd4 59... Re1 60. Rh7 60... Kd6 61. Rh6 61... Kc7 62.
Rc6 62... Kd8 63. Be6 63... Rd1 64. Kc3 64... Rc1 65. Kb2 65... Nf8 66.
Kxc1 66... Ke7 67. Bd5 67... b5 68. axb5 68... Nd7 69. Rc7 69... Kd6 70.
Rxd7 70... Kxd7 71. c5 71... Kc7 72. b6 72... Kb8 73. b5 73... Kc8 74. c6 74... Kb8 75.
c7 75... Kc8 76. Be6 76... Kb7 77. c8=Q 77... Kxb6 78. Qc6 78... Ka5 79.
b6 79... Ka6 80. b7 80... Ka7 81. Qc7 81... Ka6 82. Bc4 82... Ka7 83.
b8=Q",1. 0:03:00 1... 0:03:00 2. 0:03:01 2... 0:02:59 3. 0:03:03 3... 0:03:00 4. 0:03:04 4... 0:02:59 5. 0:03:05 5... 0:02:58 6. 0:03:05 6... 0:02:59 7. 0:03:04 7... 0:02:57 8. 0:02:45 8... 0:02:38 9. 0:02:37 9... 0:02:37 10. 0:02:31 10... 0:02:35 11. 0:02:30 11... 0:02:18 12. 0:02:25 12... 0:02:13 13. 0:02:20 13... 0:02:09 14. 0:02:19 14... 0:02:03 15. 0:02:19 15... 0:01:56 16. 0:02:03 16... 0:01:55 17. 0:01:59 17... 0:01:49 18. 0:01:59 18... 0:01:50 19. 0:01:56 19... 0:01:42 20. 0:01:54 20... 0:01:36 21. 0:01:51 21... 0:01:28 22. 0:01:49 22... 0:01:30 23. 0:01:49 23... 0:01:28 24. 0:01:49 24... 0:01:21 25. 0:01:25 25... 0:01:17 26. 0:01:26 26... 0:01:17 27. 0:01:18 27... 0:01:13 28. 0:01:15 28... 0:01:10 29. 0:01:12 29... 0:01:03 30. 0:01:08 30... 0:00:56 31. 0:01:07 31... 0:00:55 32. 0:01:06 32... 0:00:49 33. 0:00:48 33... 0:00:51 34. 0:00:49 34... 0:00:50 35. 0:00:47 35... 0:00:49 36. 0:00:18 36... 0:00:40 37. 0:00:18 37... 0:00:40 38. 0:00:18 38... 0:00:36 39. 0:00:19 39... 0:00:31 40. 0:00:19 40... 0:00:32 41. 0:00:18 41... 0:00:29 42. 0:00:15 42... 0:00:24 43. 0:00:15 43... 0:00:17 44. 0:00:14 44... 0:00:18 45. 0:00:13 45... 0:00:17 46. 0:00:12 46... 0:00:17 47. 0:00:11 47... 0:00:18 48. 0:00:11 48... 0:00:18 49. 0:00:11 49... 0:00:16 50. 0:00:12 50... 0:00:12 51. 0:00:12 51... 0:00:12 52. 0:00:09 52... 0:00:12 53. 0:00:09 53... 0:00:13 54. 0:00:08 54... 0:00:11 55. 0:00:07 55... 0:00:12 56. 0:00:07 56... 0:00:12 57. 0:00:06 57... 0:00:13 58. 0:00:06 58... 0:00:13 59. 0:00:07 59... 0:00:14 60. 0:00:07 60... 0:00:14 61. 0:00:07 61... 0:00:14 62. 0:00:05 62... 0:00:14 63. 0:00:06 63... 0:00:13 64. 0:00:06 64... 0:00:13 65. 0:00:06 65... 0:00:07 66. 0:00:05 66... 0:00:06 67. 0:00:05 67... 0:00:08 68. 0:00:05 68... 0:00:09 69. 0:00:05 69... 0:00:11 70. 0:00:06 70... 0:00:13 71. 0:00:07 71... 0:00:15 72. 0:00:08 72... 0:00:17 73. 0:00:09 73... 0:00:18 74. 0:00:09 74... 0:00:20 75. 0:00:09 75... 0:00:21 76. 0:00:09 76... 0:00:21 77. 0:00:11 77... 0:00:23 78. 0:00:12 78... 0:00:23 79. 0:00:13 79... 0:00:25 80. 0:00:13 80... 0:00:26 81. 0:00:13 81... 0:00:26 82. 0:00:12 82... 0:00:25 83. 0:00:10,
Rated Blitz game,https://lichess.org/Jz69Utb6,2024.08.01,-,weison7,Bfisher86,1-0,2024.08.01,00:01:22,859,954,,,C20,King's Pawn Game: Wayward Queen Attack,180+2,Normal,1. e4 1... e5 2. Qh5 2... g6 3. Qxe5 3... Qe7 4. Qxh8,1. 0:03:00 1... 0:03:00 2. 0:03:00 2... 0:03:01 3. 0:03:00 3... 0:02:47 4. 0:03:00,
Rated Blitz game,https://lichess.org/JubqLajd,2024.08.01,-,emran_sawas,rmwise1,1/2-1/2,2024.08.01,00:01:22,1473,1467,,,A11,English Opening: Caro-Kann Defensive System,180+2,Normal,"1. c4 1... c6 2. Nc3 2... d5 3. cxd5 3... cxd5 4. Qa4 4... Nc6 5.
Nf3 5... a6 6. Nd4 6... b5 7. Nxc6 7... bxa4 8. Nxd8 8... Kxd8 9.
Nxa4 9... e6 10. Nb6 10... Rb8 11. Nxc8 11... Rxc8 12. d3 12... Be7 13.
Bd2 13... Nf6 14. g3 14... Kd7 15. Bg2 15... Rhd8 16. O-O 16... Ke8 17.
Rfc1 17... Rb8 18. Bf4 18... Rxb2 19. Rcb1 19... Rxe2 20. Rb6 20... Kf8 21.
Rxa6 21... e5 22. Bg5 22... d4 23. Ra7 23... Rc8 24. a4 24... Kg8 25.
Ra8 25... Rxa8 26. Bxa8 26... h6 27. Bxf6 27... Bxf6 28. a5 28... e4 29. Bxe4 29... Rxe4 30. dxe4 30... d3 31. Rd1 31... Bc3 32. Rxd3 32... Bxa5 33. h3 33... f6 34. g4 34... g5 35. f3 35... Kg7 36. Kf2 36... Bb6 37. Ke2 37... Kg6 38. Rb3 38... Bc7 39.
Rb5 39... Bf4 40. Kd3 40... h5 41. gxh5 41... Kxh5 42. Rf5 42... Be5 43.
Kc4 43... Kh4 44. Kd5 44... Kxh3 45. Ke6 45... Kg3 46. Rxe5 46... fxe5 47. Kxe5 47... Kxf3 48. Kf5 48... g4 49. e5 49...
g3 50. e6 50... g2 51.
e7 51... g1=Q 52. e8=Q 52... Qc5 53. Qe5 53... Qf8 54. Qf6 54... Qxf6 55. Kxf6",1. 0:03:00 1... 0:03:00 2. 0:03:00 2... 0:03:02 3. 0:03:01 3... 0:03:04 4. 0:03:02 4... 0:03:04 5. 0:02:59 5... 0:03:05 6. 0:03:00 6... 0:03:05 7. 0:02:59 7... 0:03:02 8. 0:03:00 8... 0:03:03 9. 0:03:01 9... 0:03:01 10. 0:03:01 10... 0:03:02 11. 0:03:02 11... 0:03:00 12. 0:03:03 12... 0:03:02 13. 0:03:01 13... 0:03:03 14. 0:03:01 14... 0:03:02 15. 0:03:00 15... 0:03:02 16. 0:03:01 16... 0:03:02 17. 0:03:03 17... 0:02:55 18. 0:03:00 18... 0:02:56 19. 0:02:42 19... 0:02:55 20. 0:02:41 20... 0:02:50 21. 0:02:42 21... 0:02:48 22. 0:02:39 22... 0:02:43 23. 0:02:29 23... 0:02:38 24. 0:02:23 24... 0:02:38 25. 0:02:21 25... 0:02:34 26. 0:02:21 26... 0:02:26 27. 0:02:20 27... 0:02:28 28. 0:02:17 28... 0:02:23 29. 0:02:14 29... 0:02:18 30. 0:02:14 30... 0:02:19 31. 0:02:11 31... 0:02:20 32. 0:02:12 32... 0:02:22 33. 0:02:06 33... 0:02:22 34. 0:02:07 34... 0:02:23 35. 0:02:08 35... 0:02:24 36. 0:02:10 36... 0:02:24 37. 0:02:11 37... 0:02:18 38. 0:02:12 38... 0:02:19 39. 0:02:13 39... 0:02:21 40. 0:02:12 40... 0:02:20 41. 0:02:12 41... 0:02:22 42. 0:02:11 42... 0:02:22 43. 0:02:11 43... 0:02:18 44. 0:02:03 44... 0:02:18 45. 0:02:05 45... 0:02:17 46. 0:01:28 46... 0:02:15 47. 0:01:28 47... 0:02:16 48. 0:01:16 48... 0:02:18 49. 0:01:17 49... 0:02:20 50. 0:01:19 50... 0:02:22 51. 0:01:21 51... 0:02:23 52. 0:01:22 52... 0:02:21 53. 0:01:22 53... 0:02:20 54. 0:01:23 54... 0:02:21 55. 0:01:22,
Rated Blitz game,https://lichess.org/2mw1IrLR,2024.08.01,-,Lassesonne,CaptainColls,1-0,2024.08.01,00:01:22,2027,2119,,,B06,Modern Defense: Pseudo-Austrian Attack,180+2,Normal,"1. e4 1... d6 2. d4 2... g6 3. Nc3 3... Bg7 4. f4 4... b6 5. Nf3 5... Bb7 6. Bd3 6...
Nd7 7. Be3 7... Bf6 8.
e5 8... Bg7 9. exd6 9... exd6 10. Qe2 10... Ne7 11. O-O 11... O-O 12.
f5 12... Nd5 13. Nxd5 13... Bxd5 14. Ng5 14... Re8 15. Qf2 15... Rf8 16.
Qg3 16... c5 17. c3 17... cxd4 18. Bxd4 18... Be5 19. Qh4 19... Nf6 20.
fxg6 20... fxg6 21. Rxf6 21... Rxf6 22. Qxh7 22... Kf8 23. Bxe5 23... dxe5 24. Bxg6 24... Qe7 25.
Qh8 25... Bg8 26. Nh7 26... Qxh7 27. Bxh7 27... Ke7 28. Bxg8 28... Rff8 29. Qg7 29... Kd6 30.
Rd1 30... Kc5 31. Qxe5 31... Kc6 32. Bd5 32... Kc5 33. Bxa8",1. 0:03:00 1... 0:03:00 2. 0:03:01 2... 0:02:58 3. 0:03:03 3... 0:02:59 4. 0:03:04 4... 0:02:58 5. 0:03:05 5... 0:03:00 6. 0:03:05 6... 0:03:01 7. 0:02:58 7... 0:02:55 8. 0:02:53 8... 0:02:48 9. 0:02:46 9... 0:02:46 10. 0:02:45 10... 0:02:47 11. 0:02:39 11... 0:02:43 12. 0:02:37 12... 0:02:37 13. 0:02:30 13... 0:02:37 14. 0:02:22 14... 0:02:20 15. 0:02:03 15... 0:01:41 16. 0:00:22 16... 0:01:35 17. 0:00:20 17... 0:01:28 18. 0:00:19 18... 0:01:21 19. 0:00:13 19... 0:01:05 20. 0:00:10 20... 0:01:05 21. 0:00:10 21... 0:00:43 22. 0:00:07 22... 0:00:44 23. 0:00:06 23... 0:00:45 24. 0:00:05 24... 0:00:33 25. 0:00:05 25... 0:00:34 26. 0:00:05 26... 0:00:31 27. 0:00:06 27... 0:00:29 28. 0:00:05 28... 0:00:30 29. 0:00:05 29... 0:00:30 30. 0:00:05 30... 0:00:32 31. 0:00:05 31... 0:00:32 32. 0:00:05 32... 0:00:32 33. 0:00:07,
Rated Blitz game,https://lichess.org/hzE7eoM2,2024.08.01,-,iosef939,flicker700,1-0,2024.08.01,00:01:22,1210,1224,,,C44,Ponziani Opening,180+2,Normal,"1. e4 1... e5 2. Nf3 2... Nc6 3. c3 3... b6 4. d4 4... exd4 5. cxd4 5... d5 6. e5 6...
Bb4 7. Nc3 7... Nge7 8. Bb5 8... a6 9. Ba4 9... b5 10. Bb3 10... O-O 11. Bd2 11... Be6 12.
a3 12... Ba5 13. Bc2 13... Bb6 14. Ng5 14... Bxd4 15. Nxh7 15... Bxe5 16. Qh5 16... Bxc3 17. Nf6",1. 0:03:00 1... 0:03:00 2. 0:03:01 2... 0:03:01 3. 0:03:03 3... 0:03:00 4. 0:03:04 4... 0:02:57 5. 0:03:06 5... 0:02:54 6. 0:03:01 6... 0:02:39 7. 0:02:57 7... 0:02:39 8. 0:02:58 8... 0:02:32 9. 0:02:50 9... 0:02:31 10. 0:02:50 10... 0:02:28 11. 0:02:46 11... 0:02:14 12. 0:02:43 12... 0:02:09 13. 0:02:37 13... 0:02:06 14. 0:02:24 14... 0:01:55 15. 0:02:02 15... 0:01:43 16. 0:01:54 16... 0:01:29 17. 0:01:53,
Rated Blitz game,https://lichess.org/B58JdJUP,2024.08.01,-,ChessWizardA9D8,gergashyi,1-0,2024.08.01,00:01:22,1958,1945,,,C33,King's Gambit Accepted: Bishop's Gambit,180+2,Normal,"1. e4 1... e5 2. f4 2... exf4 3. Bc4 3... d6 4. d4 4... g5 5. h4 5... Be7 6. Qh5 6...
Be6 7. Bxe6",1. 0:03:00 1... 0:03:00 2. 0:03:00 2... 0:03:01 3. 0:02:58 3... 0:02:57 4. 0:02:54 4... 0:02:57 5. 0:02:54 5... 0:02:24 6. 0:02:39 6... 0:02:19 7. 0:02:40,
Rated Blitz game,https://lichess.org/xo5JQlJi,2024.08.01,-,jogold14,mathurashrestha,1-0,2024.08.01,00:01:22,1642,1628,,,C21,Danish Gambit Accepted,180+2,Time forfeit,"1. e4 1... e5 2. d4 2... exd4 3. c3 3... dxc3 4. Bc4 4... cxb2 5.
Bxb2 5... d6 6. Qb3 6... Qd7 7. Nf3 7... Nc6 8. Bc3 8... b6 9. O-O 9... a5 10. Bb5 10...
Ba6 11. Bxa6 11... Rxa6 12. e5 12... Nge7 13.
Re1 13... a4 14. Qb5 14... Ra8 15. Na3 15... Na7 16. Qe2 16... Nac6 17.
Rad1 17... d5 18. Nb5 18... h6 19. e6 19... fxe6 20. Qxe6 20... Qxe6 21. Nxc7 21... Kd7 22. Nxe6 22... Re8 23. Nxg7 23... Bxg7 24. Bxg7 24... Rhg8 25. Bxh6 25... Nf5 26.
Rxe8 26... Rxe8 27. Bf4 27... Nfe7 28. h4 28... Rf8 29. g3 29... Nb4 30. Ne5 30... Kc8 31.
a3 31... Na6 32. h5 32... Nf5 33. Rxd5 33... Nc7 34. Rd1 34... Nb5 35.
Rc1 35... Kb7 36. h6 36... Rh8 37. Ng6 37... Rh7 38. g4 38... Nxh6 39.
Bxh6 39... Rxh6 40. Ne5 40... Re6 41. f4 41...
Nd4 42. Rd1 42... Ne2 43. Kf2 43... Nxf4 44. Rd7 44... Kc8 45. Rf7",1. 0:03:00 1... 0:03:00 2. 0:03:01 2... 0:03:01 3. 0:03:02 3... 0:03:02 4. 0:03:03 4... 0:03:02 5. 0:03:05 5... 0:03:03 6. 0:03:06 6... 0:03:02 7. 0:03:01 7... 0:03:01 8. 0:02:59 8... 0:02:58 9. 0:02:59 9... 0:02:58 10. 0:02:54 10... 0:02:51 11. 0:02:49 11... 0:02:51 12. 0:02:38 12... 0:02:34 13. 0:02:27 13... 0:02:13 14. 0:02:23 14... 0:02:09 15. 0:01:53 15... 0:01:58 16. 0:01:38 16... 0:01:43 17. 0:01:30 17... 0:01:36 18. 0:01:24 18... 0:01:20 19. 0:01:13 19... 0:01:17 20. 0:01:06 20... 0:01:15 21. 0:01:06 21... 0:01:03 22. 0:01:07 22... 0:01:00 23. 0:00:40 23... 0:00:51 24. 0:00:42 24... 0:00:52 25. 0:00:42 25... 0:00:48 26. 0:00:40 26... 0:00:48 27. 0:00:29 27... 0:00:38 28. 0:00:22 28... 0:00:36 29. 0:00:23 29... 0:00:31 30. 0:00:23 30... 0:00:26 31. 0:00:21 31... 0:00:21 32. 0:00:16 32... 0:00:17 33. 0:00:15 33... 0:00:13 34. 0:00:10 34... 0:00:12 35. 0:00:10 35... 0:00:12 36. 0:00:11 36... 0:00:09 37. 0:00:11 37... 0:00:07 38. 0:00:09 38... 0:00:07 39. 0:00:09 39... 0:00:07 40. 0:00:09 40... 0:00:05 41. 0:00:09 41... 0:00:05 42. 0:00:07 42... 0:00:02 43. 0:00:07 43... 0:00:03 44. 0:00:07 44... 0:00:03 45. 0:00:07,
Rated Blitz game,https://lichess.org/G2hwOkge,2024.08.01,-,Eagleshieldsbay,OutOfTouch,1-0,2024.08.01,00:01:06,2292,2294,,,A45,Indian Defense,180+2,Normal,"1. d4 1... Nf6 2. Bf4 2... d6 3. Nc3 3... Nbd7 4. Nf3 4... g6 5. e4 5... c5 6. dxc5 6...
Nxc5 7. e5 7... Nh5 8.
Be3 8... Bg4 9. h3 9... Bxf3 10. Qxf3 10... Qa5 11. exd6 11... O-O-O 12. O-O-O 12... Rxd6 13. Rxd6 13... exd6 14. Qxf7 14... Bg7 15. g4 15... Rf8 16. Qe7 16... Na4 17.
gxh5 17... Nxb2 18. Qxg7",1. 0:03:00 1... 0:03:00 2. 0:03:01 2... 0:03:01 3. 0:03:01 3... 0:03:01 4. 0:03:02 4... 0:03:01 5. 0:03:03 5... 0:03:00 6. 0:03:00 6... 0:03:00 7. 0:02:55 7... 0:02:47 8. 0:02:54 8... 0:02:44 9. 0:02:45 9... 0:02:43 10. 0:02:35 10... 0:02:36 11. 0:02:11 11... 0:02:22 12. 0:01:51 12... 0:02:11 13. 0:01:50 13... 0:02:12 14. 0:01:49 14... 0:02:06 15. 0:01:20 15... 0:02:00 16. 0:01:20 16... 0:01:25 17. 0:00:54 17... 0:01:19 18. 0:00:47,
Rated Blitz game,https://lichess.org/I3gXQa4p,2024.08.01,-,motogezgin,JAVIERUNI26,1-0,2024.08.01,00:01:06,1718,1723,,,C23,Bishop's Opening,180+2,Normal,"1. e4 1... e5 2. Bc4 2... Nc6 3. Qf3 3... Qf6 4. d3 4... Nd4 5. Qd1 5... Bc5 6. c3 6...
Nb3 7. Nf3 7... Nxa1 8. Bg5 8... Qg6 9. h4 9... f6 10. Bd2 10... Qxg2 11. Rh2 11... Bxf2 12. Ke2 12... Qg3 13. Rxf2 13... d6 14. Na3 14...
Bg4 15. Qxa1 15... Qxh4 16. Qg1 16... Bxf3 17. Rxf3 17... g5 18. Nb5 18... Kd7 19. Nxa7 19... h5 20. Bxg8 20... Rhxg8 21. Rxf6 21... g4 22.
Rf7 22... Ke8 23. Rxc7 23... g3 24. Nb5 24...
Qg4 25. Ke1 25... h4 26. Nxd6 26... Kd8 27. Qb6 27... Ra6 28. Qxb7 28... Rc6 29. Qb8",1. 0:03:00 1... 0:03:00 2. 0:03:01 2... 0:02:54 3. 0:03:02 3... 0:02:53 4. 0:03:02 4... 0:02:50 5. 0:02:58 5... 0:02:50 6. 0:02:57 6... 0:02:48 7. 0:02:49 7... 0:02:45 8. 0:02:44 8... 0:02:32 9. 0:02:39 9... 0:02:30 10. 0:02:29 10... 0:02:22 11. 0:02:31 11... 0:02:11 12. 0:02:22 12... 0:02:01 13. 0:02:21 13... 0:01:59 14. 0:02:07 14... 0:01:55 15. 0:02:07 15... 0:01:52 16. 0:02:03 16... 0:01:49 17. 0:02:03 17... 0:01:45 18. 0:02:02 18... 0:01:29 19. 0:01:47 19... 0:01:06 20. 0:01:49 20... 0:01:00 21. 0:01:50 21... 0:00:44 22. 0:01:24 22... 0:00:45 23. 0:01:18 23... 0:00:45 24. 0:01:11 24... 0:00:40 25. 0:01:06 25... 0:00:31 26. 0:01:07 26... 0:00:30 27. 0:00:59 27... 0:00:18 28. 0:00:40 28... 0:00:09 29. 0:00:34,
Rated Blitz game,https://lichess.org/b7wkNcrN,2024.08.01,-,BlackPearl05,infinitosol,0-1,2024.08.01,00:01:06,1872,1900,,,C56,"Italian Game: Scotch Gambit, Max Lange Attack",180+2,Normal,"1. e4 1... e5 2. Nf3 2... Nc6 3. d4 3... exd4 4. Bc4 4... Nf6 5. e5 5... d5 6. Bb5 6...
Ne4 7. Nxd4 7... Bc5 8. O-O 8... O-O 9. Bxc6 9... bxc6 10. Nxc6 10... Qh4 11. Nd4 11... Ba6 12. g3 12... Qh3 13.
Ne2 13... Rad8 14. Nd2 14... Ng5 15. Nf4 15... Qh6 16. Re1 16... Nh3 17.
Nxh3 17... Qxh3 18. Nf3 18... f6 19. Be3 19...
d4 20. Bf4 20... Bb7 21. Qd3 21... fxe5 22. Nxe5 22... Qg2",1. 0:03:00 1... 0:03:00 2. 0:03:01 2... 0:03:01 3. 0:03:03 3... 0:03:01 4. 0:03:04 4... 0:03:01 5. 0:03:05 5... 0:03:00 6. 0:03:07 6... 0:03:00 7. 0:03:07 7... 0:03:02 8. 0:03:04 8... 0:02:58 9. 0:03:02 9... 0:02:57 10. 0:03:02 10... 0:02:55 11. 0:02:57 11... 0:02:52 12. 0:02:53 12... 0:02:43 13. 0:02:51 13... 0:02:26 14. 0:02:50 14... 0:02:18 15. 0:02:47 15... 0:02:10 16. 0:02:48 16... 0:02:03 17. 0:02:47 17... 0:02:03 18. 0:02:43 18... 0:01:57 19. 0:02:41 19... 0:01:49 20. 0:02:36 20... 0:01:44 21. 0:02:29 21... 0:01:40 22. 0:02:24 22... 0:01:35,
Rated Blitz game,https://lichess.org/4rMQ65iA,2024.08.01,-,Jnfrdrck,MrLegilimens,0-1,2024.08.01,00:01:06,1903,1983,,,B20,Sicilian Defense: Staunton-Cochrane Variation,180+2,Normal,"1. e4 1... c5 2. c4 2... Nc6 3. d3 3... d6 4. f4 4... Nf6 5. Nc3 5... g6 6. Be2 6... Bg7 7. a4 7... O-O 8. g4 8... Nd4 9. h4 9...
Nxe2 10. Qxe2 10... Bxg4 11. Nf3 11... Bh5 12.
Qg2 12... Nd7 13. f5 13... Ne5 14. Nxe5 14... Bxe5 15. Bh6 15... Bg7 16.
Bxg7 16... Kxg7 17. Rg1 17... e6 18. Qg3 18...
exf5 19. exf5 19... Re8 20. Kd2 20... Qf6 21.
Raf1 21... Qe5 22. f6 22... Kg8 23. Qf2 23... Re6 24. Rg5 24... Qd4 25.
Qxd4 25... cxd4 26. Ne4 26... Rd8 27. Rfg1 27... Kf8 28. R1g3 28... a6 29. a5 29... Re5 30.
b4 30... Rxg5 31. Nxg5 31... h6 32. Ne4 32... Ke8 33. c5 33... d5 34.
Nd6 34... Kd7 35. Nxf7 35... Rf8 36. Ne5 36... Ke6 37. Nxg6 37... Rxf6 38. Nh8 38... Rf2 39.
Kc1 39... Rf3 40. Rxf3 40... Bxf3 41. Ng6 41... Kf5 42. Ne7 42... Kg4 43.
Kd2 43... Kxh4 44. Nf5 44... Kg5 45. Nxd4 45... Bg4 46. b5 46... axb5 47. c6 47... bxc6 48.
a6 48... Bc8 49. Nxc6 49... Bxa6 50. Nb4 50... Bb7 51. Ke3 51... h5 52.
Kf2 52... Kg4 53. d4 53... h4 54. Kg2 54... h3 55. Kf2 55... Kf4 56.
Nc2 56... Ke4 57. Kg3 57... Bc8 58. Na3 58... b4 59. Nb1 59... Kxd4",1. 0:03:00 1... 0:03:00 2. 0:03:01 2... 0:03:01 3. 0:03:02 3... 0:03:03 4. 0:03:03 4... 0:03:04 5. 0:03:03 5... 0:03:06 6. 0:03:04 6... 0:03:07 7. 0:03:05 7... 0:03:08 8. 0:03:05 8... 0:02:58 9. 0:03:05 9... 0:02:58 10. 0:03:00 10... 0:02:58 11. 0:03:01 11... 0:02:52 12. 0:02:57 12... 0:02:34 13. 0:02:52 13... 0:02:27 14. 0:02:41 14... 0:02:28 15. 0:02:31 15... 0:02:26 16. 0:02:31 16... 0:02:28 17. 0:02:32 17... 0:02:13 18. 0:02:25 18... 0:02:09 19. 0:02:24 19... 0:02:09 20. 0:02:25 20... 0:02:05 21. 0:02:22 21... 0:01:55 22. 0:02:12 22... 0:01:55 23. 0:01:57 23... 0:01:35 24. 0:01:57 24... 0:01:28 25. 0:01:51 25... 0:01:30 26. 0:01:52 26... 0:01:19 27. 0:01:51 27... 0:01:12 28. 0:01:44 28... 0:01:07 29. 0:01:44 29... 0:01:07 30. 0:01:44 30... 0:01:04 31. 0:01:44 31... 0:01:00 32. 0:01:42 32... 0:01:00 33. 0:01:37 33... 0:00:56 34. 0:01:38 34... 0:00:57 35. 0:01:36 35... 0:00:55 36. 0:01:27 36... 0:00:54 37. 0:01:26 37... 0:00:53 38. 0:01:22 38... 0:00:53 39. 0:01:22 39... 0:00:48 40. 0:01:21 40... 0:00:49 41. 0:01:21 41... 0:00:39 42. 0:01:21 42... 0:00:40 43. 0:01:13 43... 0:00:39 44. 0:01:13 44... 0:00:37 45. 0:01:14 45... 0:00:35 46. 0:01:14 46... 0:00:33 47. 0:01:13 47... 0:00:28 48. 0:01:13 48... 0:00:29 49. 0:01:11 49... 0:00:29 50. 0:01:12 50... 0:00:30 51. 0:01:11 51... 0:00:29 52. 0:01:11 52... 0:00:28 53. 0:01:08 53... 0:00:29 54. 0:01:09 54... 0:00:29 55. 0:01:07 55... 0:00:28 56. 0:01:05 56... 0:00:27 57. 0:01:05 57... 0:00:27 58. 0:00:58 58... 0:00:27 59. 0:00:55 59... 0:00:26,
Rated Blitz game,https://lichess.org/uk1SaoAS,2024.08.01,-,joselindor,GSutil,1-0,2024.08.01,00:01:06,1281,1165,,,C29,Vienna Game: Vienna Gambit,180+2,Normal,"1. e4 1... e5 2. Nc3 2... Nf6 3. f4 3... exf4 4. e5 4... Qe7 5. Qe2 5... f3 6. Nxf3 6...
Ng4 7. Nd5 7... Qe6 8.
Nxc7",1. 0:03:00 1... 0:03:00 2. 0:03:01 2... 0:03:02 3. 0:02:58 3... 0:03:02 4. 0:03:00 4... 0:02:58 5. 0:03:00 5... 0:02:39 6. 0:02:57 6... 0:02:38 7. 0:02:52 7... 0:02:25 8. 0:02:51,
Rated Blitz game,https://lichess.org/pcRV0PbR,2024.08.01,-,Karelcubainglaterra,sipax,0-1,2024.08.01,00:01:06,1082,1071,,,C20,King's Pawn Game: Wayward Queen Attack,180+2,Normal,"1. e4 1... e5 2. Qh5 2... Nc6 3. Bc4 3... g6 4. Qf3 4... Nf6 5. Ne2 5... Bc5 6. Nbc3 6...
d6 7. O-O 7... Bg4 8.
Qe3 8... Bxe3",1. 0:03:00 1... 0:03:00 2. 0:03:00 2... 0:03:00 3. 0:03:01 3... 0:03:00 4. 0:03:02 4... 0:03:01 5. 0:03:02 5... 0:03:00 6. 0:03:01 6... 0:03:00 7. 0:02:59 7... 0:03:00 8. 0:02:58 8... 0:03:00,
Rated Blitz game,https://lichess.org/VaXxV4OI,2024.08.01,-,Amb98,elinakof,0-1,2024.08.01,00:01:06,1780,1789,,,D30,Queen's Gambit Declined,180+2,Normal,"1. d4 1... d5 2. c4 2... e6 3. cxd5 3... exd5 4. Nc3 4... c6 5. Bf4 5... Nf6 6. Nf3 6...
Bd6 7. Bxd6 7... Qxd6 8. e3 8... O-O 9. Bd3 9... Nbd7 10. O-O 10... b6 11. h3 11... Bb7 12.
a3 12... Rac8 13. b4 13... c5 14. bxc5 14... bxc5 15. Rb1 15... Ba8 16.
dxc5 16... Nxc5 17. Nb5 17... Qd7 18. Bc2 18... a6 19. Nbd4 19... Nce4 20. Ne5 20... Qd6 21.
Ndf3 21... Nc3 22. Qd3 22... Nxb1 23. Rxb1 23... Rfe8 24. Ng4 24... g6 25.
Nxf6 25... Qxf6 26. Ba4 26... Red8 27. Nd4 27... Rb8 28. Rc1 28... Rb2 29. f4 29... Qh4 30.
Ne2 30... Rdb8 31. Rc7 31... Qe1",1. 0:03:00 1... 0:03:00 2. 0:03:02 2... 0:03:01 3. 0:03:02 3... 0:03:02 4. 0:03:04 4... 0:03:01 5. 0:03:06 5... 0:03:01 6. 0:03:07 6... 0:03:01 7. 0:03:08 7... 0:03:02 8. 0:03:09 8... 0:03:03 9. 0:03:10 9... 0:03:03 10. 0:03:11 10... 0:03:04 11. 0:03:11 11... 0:03:05 12. 0:03:12 12... 0:03:06 13. 0:03:13 13... 0:03:04 14. 0:03:12 14... 0:03:05 15. 0:03:11 15... 0:02:59 16. 0:03:10 16... 0:02:59 17. 0:03:10 17... 0:02:50 18. 0:03:00 18... 0:02:49 19. 0:03:00 19... 0:02:41 20. 0:02:43 20... 0:02:26 21. 0:02:40 21... 0:02:25 22. 0:02:38 22... 0:02:24 23. 0:02:39 23... 0:02:17 24. 0:02:40 24... 0:02:04 25. 0:02:31 25... 0:02:05 26. 0:02:33 26... 0:02:01 27. 0:02:29 27... 0:01:52 28. 0:02:21 28... 0:01:48 29. 0:02:19 29... 0:01:30 30. 0:01:56 30... 0:01:05 31. 0:01:41 31... 0:00:54,
Rated Blitz game,https://lichess.org/YR6bYEfY,2024.08.01,-,Big_whale,AlanHussein,1-0,2024.08.01,00:01:06,1624,1608,,,C65,"Ruy Lopez: Classical Variation, Zukertort Gambit",180+2,Normal,"1. e4 1... e5 2. Nf3 2... Nc6 3. Bb5 3... Nf6 4. O-O 4... Bc5 5. c3 5... d6 6. d4 6...
exd4 7. cxd4 7... Bb6 8. Bg5 8... h6 9. Bh4 9... O-O 10. e5 10... g5 11. Bxg5 11... hxg5 12. exf6 12... Qxf6 13. d5 13... Nd4 14. Nc3 14... Bg4 15. Be2 15... Rae8 16. Nxd4 16... Rxe2 17. Ndxe2 17... Re8 18. h3 18... Bh5 19. Qc2",1. 0:03:00 1... 0:03:00 2. 0:03:02 2... 0:03:01 3. 0:03:03 3... 0:03:03 4. 0:03:04 4... 0:03:01 5. 0:03:02 5... 0:03:01 6. 0:03:02 6... 0:03:02 7. 0:03:03 7... 0:03:03 8. 0:02:55 8... 0:03:01 9. 0:02:55 9... 0:03:01 10. 0:02:44 10... 0:03:03 11. 0:02:21 11... 0:03:03 12. 0:02:23 12... 0:03:04 13. 0:02:09 13... 0:02:57 14. 0:01:36 14... 0:02:54 15. 0:01:27 15... 0:02:45 16. 0:01:21 16... 0:02:05 17. 0:01:17 17... 0:02:07 18. 0:01:05 18... 0:01:23 19. 0:01:05,
Rated Blitz game,https://lichess.org/YQOkKsUV,2024.08.01,-,patiri,cesar0,1-0,2024.08.01,00:01:06,1542,1453,,,B21,Sicilian Defense: McDonnell Attack,180+2,Normal,"1. e4 1... c5 2. f4 2... a6 3. Nf3 3... e6 4. c3 4... Ne7 5. d4 5... cxd4 6. cxd4 6... b5 7. Bd3 7... Bb7 8. O-O 8... h6 9. f5 9... Bc8 10. Qc2 10... Nec6 11.
e5 11... Nb4 12. Qd2 12... Nxd3 13. Qxd3 13... Be7 14. f6 14... gxf6 15.
exf6 15... Bxf6 16. Ne5 16... Bxe5 17. dxe5 17... Bb7 18. Qh3 18... h5 19. Nc3 19... Nc6 20.
Ne4 20... Nxe5 21. Nf6 21... Ke7 22. Bg5 22... Qb6 23. Kh1 23... Kf8 24. Rad1 24... Bc6 25.
Rfe1 25... Nc4 26. Rxd7 26... Qf2 27. Rdd1 27... Qf5 28. Qxf5 28... exf5 29. b3 29... Kg7 30.
bxc4 30... bxc4",1. 0:03:00 1... 0:03:00 2. 0:02:59 2... 0:03:01 3. 0:02:58 3... 0:03:02 4. 0:02:56 4... 0:03:03 5. 0:02:56 5... 0:03:03 6. 0:02:57 6... 0:03:03 7. 0:02:57 7... 0:03:04 8. 0:02:56 8... 0:03:04 9. 0:02:57 9... 0:03:02 10. 0:02:54 10... 0:03:02 11. 0:02:47 11... 0:03:03 12. 0:02:43 12... 0:03:03 13. 0:02:44 13... 0:03:03 14. 0:02:43 14... 0:03:03 15. 0:02:43 15... 0:03:03 16. 0:02:40 16... 0:03:01 17. 0:02:41 17... 0:02:59 18. 0:02:24 18... 0:02:52 19. 0:02:18 19... 0:02:52 20. 0:02:13 20... 0:02:47 21. 0:02:12 21... 0:02:47 22. 0:02:11 22... 0:02:32 23. 0:02:08 23... 0:02:33 24. 0:02:00 24... 0:02:31 25. 0:01:57 25... 0:02:27 26. 0:01:53 26... 0:02:06 27. 0:01:49 27... 0:01:43 28. 0:01:47 28... 0:01:44 29. 0:01:33 29... 0:01:44 30. 0:01:25 30... 0:01:44,
Rated Blitz game,https://lichess.org/eDjzE6xv,2024.08.01,-,Amem2154583,salmo_trutta,1-0,2024.08.01,00:01:06,1646,1643,,,B50,Sicilian Defense: Modern Variations,180+2,Time forfeit,"1. e4 1... c5 2. Nf3 2... d6 3. Bc4 3... Nf6 4. O-O 4... g6 5. Re1 5... Bg7 6. c3 6...
O-O 7. d3 7... Bg4 8.
Bg5 8... Nbd7 9. Nbd2 9... Ne5 10. Bb3 10... b5 11. d4 11... Nxf3 12.
Nxf3 12... c4 13. Bc2 13... Kh8 14. h3 14... Bd7 15. e5 15... dxe5 16.
Nxe5 16... Qe8 17. Qf3 17... Be6 18. Rad1 18... Nd7 19. Nc6 19... Bf6 20.
Bh6 20... Rg8 21. Re2 21... Qc8 22. Rde1 22... Qe8 23. Rxe6 23... fxe6 24. Rxe6 24... Nf8 25. Bxf8 25... Rxf8 26. Be4 26... Rc8 27. Nxa7 27... Rc7 28. Bc6 28... Bxd4 29.
Bxe8 29... Rxf3 30. cxd4 30... Rf8 31. Nxb5 31... Rxe8 32. Nxc7 32... Rd8 33. d5",1. 0:03:00 1... 0:03:00 2. 0:03:02 2... 0:03:01 3. 0:02:59 3... 0:03:02 4. 0:03:00 4... 0:03:02 5. 0:03:00 5... 0:03:03 6. 0:03:01 6... 0:03:04 7. 0:03:01 7... 0:02:59 8. 0:03:02 8... 0:02:59 9. 0:03:03 9... 0:02:59 10. 0:02:53 10... 0:02:42 11. 0:02:52 11... 0:02:34 12. 0:02:52 12... 0:02:33 13. 0:02:52 13... 0:02:16 14. 0:02:50 14... 0:02:13 15. 0:02:50 15... 0:02:01 16. 0:02:39 16... 0:01:53 17. 0:02:32 17... 0:01:38 18. 0:02:29 18... 0:01:37 19. 0:02:14 19... 0:00:55 20. 0:02:12 20... 0:00:55 21. 0:02:04 21... 0:00:54 22. 0:02:00 22... 0:00:35 23. 0:01:54 23... 0:00:36 24. 0:01:55 24... 0:00:29 25. 0:01:52 25... 0:00:30 26. 0:01:47 26... 0:00:16 27. 0:01:46 27... 0:00:17 28. 0:01:32 28... 0:00:13 29. 0:01:31 29... 0:00:11 30. 0:01:25 30... 0:00:11 31. 0:01:22 31... 0:00:02 32. 0:01:22 32... 0:00:03 33. 0:01:22,
Rated Blitz game,https://lichess.org/43pTD2Mt,2024.08.01,-,OrangO,Oliwaia,1-0,2024.08.01,00:01:06,1836,1864,,,A02,Bird Opening,180+2,Normal,"1. f4 1... e6 2. Nf3 2... d5 3. e3 3... c5 4. b3 4...
Nc6 5. Bb2 5... Nf6 6. Bb5 6... Bd7 7. O-O 7... a6 8. Bxc6 8... Bxc6 9. Ne5 9... Bb5 10.
Rf3 10... d4 11. Na3 11... Bd6 12. Nxb5 12...
axb5 13. exd4 13... cxd4 14. Bxd4 14... O-O 15.
Rh3 15... Qc7 16. c3 16... b6 17. Qc2 17... Bc5 18. Nf3 18... Bxd4 19. Nxd4 19... Qxf4 20. Rf1 20... Qe4 21. Qb2 21... Qd5 22.
Qc2 22... Qe4 23. Qb2 23... Qd5 24. Rxf6 24... gxf6 25. Qc2 25... f5 26. Qd3 26...
Qe5 27. Nf3 27... Qf6 28. Qe3 28... f4 29. Qe4 29... Qg6 30. Qe5 30... Qf5 31. Qe2 31... Qb1 32. Kf2 32... Kh8 33. Ng5 33...
Qf5 34. Nxh7 34... Qxh7 35. Rxh7 35... Kxh7 36.
Qe4 36... Kg8 37. Qxf4 37...
Rxa2 38. h4 38... Rd8 39. Qg5 39... Kf8 40. Qxd8",1. 0:03:00 0. 0:03:00 1... 0:03:01 0. 0:03:00 2. 0:03:02 0. 0:03:00 2... 0:03:03 0. 0:03:00 3. 0:03:04 0. 0:02:59 3... 0:03:05 0. 0:02:59 4. 0:03:05 0. 0:02:58 4... 0:03:05 0. 0:03:00 5. 0:03:05 0. 0:02:59 5... 0:03:05 0. 0:02:50 6. 0:03:00 0. 0:02:27 6... 0:02:59 0. 0:02:29 7. 0:02:59 0. 0:02:27 7... 0:02:59 0. 0:02:24 8. 0:02:56 0. 0:02:17 8... 0:02:54 0. 0:02:07 9. 0:02:54 0. 0:01:54 9... 0:02:39 0. 0:01:48 10. 0:02:37 0. 0:01:40 10... 0:02:37 1. 0:01:22 11. 0:02:18 0. 0:00:49 11... 0:02:00 0. 0:00:45 12. 0:01:54 0. 0:00:44 12... 0:01:30 0. 0:00:44 13. 0:01:29 0. 0:00:44 13... 0:01:18 0. 0:00:35 14. 0:01:10 0. 0:00:24 14... 0:00:53 0. 0:00:10 15. 0:00:51 0. 0:00:09 15... 0:00:47 0. 0:00:06 16. 0:00:41 0. 0:00:06 16... 0:00:41 1. 0:00:06 17. 0:00:33 0. 0:00:05 17... 0:00:30 0. 0:00:07 18. 0:00:30 0. 0:00:09 18... 0:00:30 0. 0:00:09 19. 0:00:31 0. 0:00:09 19... 0:00:30 1. 0:00:09 20. 0:00:26 0. 0:00:09 20... 0:00:27,
Rated Blitz game,https://lichess.org/ttfBCph8,2024.08.01,-,Honigloeffler,AkshayAmazing,1-0,2024.08.01,00:01:06,1000,881,,,D00,Queen's Pawn Game: Accelerated London System,180+2,Normal,"1. d4 1... d5 2. Bf4 2... e6 3. e3 3... Nf6 4. Bd3 4... Nc6 5. c3 5... Bd6 6. Bg3 6... O-O 7. Qc2 7... Re8 8. Nd2 8... e5 9. Ngf3 9...
exd4 10. Nxd4 10... Nxd4 11. cxd4 11... Ne4 12.
Nxe4 12... dxe4 13. Bxe4 13... Rxe4 14. Qxe4 14... Bxg3 15. hxg3 15... g6 16. f4 16... Bf5 17.
Qxb7 17... Rb8 18. Qxa7 18... Rxb2 19. O-O 19... Bd3 20. Rfc1 20... c6 21. Rxc6 21... Bb5 22.
Rc5 22... Bd7 23. Rd5 23... Qe8 24. Qxd7 24... Qxe3 25. Kh2 25... Qf2 26.
Qd8 26... Kg7 27. Kh3 27... Qxg2 28. Kg4 28... Qe2 29. Kh3 29... Qh2 30.
Kg4 30... h5 31. Kg5 31... f6 32. Qxf6 32... Kh7 33. Qxg6 33... Kh8 34. Rd8",1. 0:03:00 1... 0:03:00 2. 0:03:01 2... 0:03:01 3. 0:03:02 3... 0:02:57 4. 0:03:03 4... 0:02:57 5. 0:03:05 5... 0:02:52 6. 0:03:04 6... 0:02:51 7. 0:03:05 7... 0:02:43 8. 0:03:05 8... 0:02:43 9. 0:03:06 9... 0:02:42 10. 0:03:04 10... 0:02:40 11. 0:03:05 11... 0:02:34 12. 0:03:03 12... 0:02:35 13. 0:03:03 13... 0:02:35 14. 0:03:04 14... 0:02:35 15. 0:03:04 15... 0:02:32 16. 0:03:04 16... 0:02:32 17. 0:02:57 17... 0:02:30 18. 0:02:50 18... 0:02:31 19. 0:02:38 19... 0:02:26 20. 0:02:34 20... 0:02:09 21. 0:02:33 21... 0:02:04 22. 0:02:18 22... 0:01:40 23. 0:01:40 23... 0:01:27 24. 0:01:39 24... 0:01:15 25. 0:01:31 25... 0:01:01 26. 0:01:30 26... 0:01:01 27. 0:00:53 27... 0:00:59 28. 0:00:46 28... 0:00:56 29. 0:00:31 29... 0:00:56 30. 0:00:32 30... 0:00:57 31. 0:00:22 31... 0:00:54 32. 0:00:20 32... 0:00:50 33. 0:00:19 33... 0:00:50 34. 0:00:16,
Rated Blitz game,https://lichess.org/YtR89NZw,2024.08.01,-,Laskapakine,chessaddict1965,0-1,2024.08.01,00:01:39,2181,2142,,,B44,Sicilian Defense: Taimanov Variation,180+2,Normal,"1. e4 1... c5 2. Nf3 2... e6 3. d4 3... cxd4 4. Nxd4 4... Nc6 5.
Nxc6 5... bxc6 6. Bd3 6... Nf6 7. O-O 7... d5 8. e5 8... Nd7 9. f4 9... Nc5 10. Nd2 10...
Be7 11. Qg4 11... Nxd3 12. cxd3 12... O-O 13. Nf3 13... f5 14. Qh3 14...
h6 15. Kh1 15... a5 16. b3 16... a4 17. bxa4 17... Rxa4 18. Be3 18... c5 19. Rfc1 19... d4 20. Bf2 20... Qa5 21.
Bh4 21... Bxh4 22. Nxh4 22... Rxa2 23. Rxa2 23... Qxa2 24. Ng6 24... Re8 25. Qf3 25... Qb2 26.
Rg1 26... Bb7 27. Qg3 27... Ra8 28. Ne7 28... Kf7 29. Qg6 29... Kxe7 30. Qxg7 30... Kd8 31. Qg8 31... Kc7 32. Qf7 32... Kb6 33. Qxe6 33... Bc6 34. h3 34... Ra1 35.
Qg6 35... Rxg1 36. Kxg1 36... Qb1 37. Kh2 37... Qxd3 38. e6 38... Qe4 39. h4 39... d3",1. 0:03:00 1... 0:03:00 2. 0:02:59 2... 0:03:01 3. 0:02:59 3... 0:03:02 4. 0:03:01 4... 0:03:02 5. 0:03:02 5... 0:03:03 6. 0:03:04 6... 0:03:03 7. 0:03:05 7... 0:03:04 8. 0:03:06 8... 0:03:05 9. 0:03:06 9... 0:03:06 10. 0:02:55 10... 0:02:59 11. 0:02:55 11... 0:02:55 12. 0:02:55 12... 0:02:56 13. 0:02:56 13... 0:02:52 14. 0:02:28 14... 0:02:47 15. 0:02:29 15... 0:02:37 16. 0:02:29 16... 0:02:36 17. 0:02:25 17... 0:02:37 18. 0:02:20 18... 0:02:29 19. 0:02:13 19... 0:02:29 20. 0:02:13 20... 0:02:28 21. 0:02:06 21... 0:02:22 22. 0:02:05 22... 0:02:22 23. 0:02:05 23... 0:02:22 24. 0:02:05 24... 0:02:19 25. 0:01:55 25... 0:01:38 26. 0:01:48 26... 0:01:39 27. 0:01:48 27... 0:01:36 28. 0:01:41 28... 0:01:35 29. 0:01:38 29... 0:01:36 30. 0:01:39 30... 0:01:37 31. 0:01:34 31... 0:01:37 32. 0:01:34 32... 0:01:30 33. 0:01:35 33... 0:01:31 34. 0:01:27 34... 0:01:31 35. 0:01:14 35... 0:01:28 36. 0:01:15 36... 0:01:29 37. 0:01:16 37... 0:01:29 38. 0:01:17 38... 0:01:28 39. 0:01:06 39... 0:01:29,
Rated Blitz game,https://lichess.org/T11k5uRD,2024.08.01,-,aoql,Avov-59,1-0,2024.08.01,00:01:39,1713,1796,,,C62,Ruy Lopez: Steinitz Defense,180+2,Normal,"1. e4 1... e5 2. Nf3 2... Nc6 3. Bb5 3... d6 4. d4 4... exd4 5. Nxd4 5... Bd7 6. Nxc6 6...
bxc6 7. Bc4 7... Nf6 8. Nc3 8... Be7 9. Bf4 9... O-O 10. e5 10... Ne8 11.
Qe2 11... d5 12. Bd3 12... Qc8 13. O-O 13...
Bf5 14. Qh5 14... Bxd3 15. cxd3 15... Qe6 16.
d4 16... Bb4 17. Qf3 17... Bxc3 18. bxc3 18... g6 19. Bh6 19... Ng7 20.
Qf6 20... Qxf6 21. exf6 21... Ne6 22. Bxf8 22...
Nxf8 23. Rfe1 23... Ne6 24. Rab1 24... Kf8 25.
Rb7 25... Ke8 26. Reb1 26... Kd7 27. Rb8 27... Rxb8 28.
Rxb8 28... h5 29. Ra8 29... Nf4 30. Kf1 30...
Kd6 31. Rxa7 31... Ne6 32. Rb7 32... c5 33.
dxc5 33... Kxc5 34. a4 34...
Kc6 35. Rb4 35... Nc5 36. a5 36... Kd6 37. Rb1 37... Na6 38.
Re1 38... Nc5 39. Re7 39... Kc6 40. Rxf7 40...
Kb5 41. Rg7 41... Kxa5 42. Rxg6 42... Ne6 43.
f7 43... Nf8 44. Rg5 44... c6 45. Rxh5 45...
Kb5 46. Rh8 46... Nd7 47. f8=Q 47... Nxf8 48.
Rxf8 48... Kc4 49. Rf3 49... c5 50. Ke2 50...
d4 51. cxd4 51... Kxd4 52. h4 52... c4 53. Kd2 53... Ke4 54. h5 54... Kd4 55. h6 55... Ke4 56. h7 56... Kd4 57. h8=Q 57... Kd5 58. Rf5 58... Kd6 59. Qe5 59... Kc6 60. Rf6 60... Kd7 61. Qe6 61... Kc7 62. Qxc4 62... Kd7 63. Qe6 63... Kc7 64. Rf7 64... Kd8 65. Qe7 65... Kc8 66. Qc7",1. 0:03:00 0. 0:03:00 1... 0:03:00 0. 0:03:00 2. 0:03:00 0. 0:03:00 2... 0:03:00 0. 0:03:00 3. 0:03:02 0. 0:03:01 3... 0:03:02 0. 0:03:02 4. 0:02:59 0. 0:03:00 4... 0:02:51 0. 0:03:00 5. 0:02:50 0. 0:02:59 5... 0:02:51 0. 0:02:53 6. 0:02:45 0. 0:02:52 6... 0:02:31 0. 0:02:52 7. 0:02:29 0. 0:02:50 7... 0:02:18 0. 0:02:44 8. 0:02:18 0. 0:02:38 8... 0:02:12 0. 0:02:36 9. 0:02:09 0. 0:02:30 9... 0:02:09 0. 0:02:24 10. 0:02:03 0. 0:02:24 10... 0:02:02 0. 0:02:21 11. 0:02:03 0. 0:02:18 11... 0:02:04 0. 0:02:18 12. 0:02:05 0. 0:02:19 12... 0:02:04 0. 0:02:05 13. 0:02:03 0. 0:02:05 13... 0:02:02 0. 0:02:05 14. 0:01:59 0. 0:02:03 14... 0:01:59 0. 0:02:01 15. 0:01:49 0. 0:01:56 15... 0:01:45 0. 0:01:46 16. 0:01:44 0. 0:01:33 16... 0:01:43 1. 0:01:32 17. 0:01:41 0. 0:01:32 17... 0:01:39 2. 0:01:31 18. 0:01:39 1. 0:01:31 18... 0:01:39 3. 0:01:18 19. 0:01:35 3. 0:01:15 19... 0:01:32 3. 0:01:10 20. 0:01:31 3. 0:01:06 20... 0:01:32 3. 0:01:04 21. 0:01:32 3. 0:01:04 21... 0:01:32 3. 0:01:01 22. 0:01:32 3. 0:01:00 22... 0:01:31 4. 0:00:58 23. 0:01:31 3. 0:00:58 23... 0:01:31 3. 0:00:58 24. 0:01:31 3. 0:00:59 24... 0:01:33 4. 0:01:00 25. 0:01:34 4. 0:01:00 25... 0:01:35 5. 0:01:01 26. 0:01:35 4. 0:00:53 26... 0:01:26 4. 0:00:54 27. 0:01:27 4. 0:00:53 27... 0:01:27 4. 0:00:53 28. 0:01:27 4. 0:00:54 28... 0:01:28 4. 0:00:55 29. 0:01:27 4. 0:00:56 29... 0:01:21 5. 0:00:51 30. 0:01:19 4. 0:00:49 30... 0:01:19 5. 0:00:50 31. 0:01:16 5. 0:00:50 31... 0:01:16 5. 0:00:49 32. 0:01:17 5. 0:00:49 32... 0:01:17 4. 0:00:48 33. 0:01:13 4. 0:00:48 33... 0:01:01,
Rated Blitz game,https://lichess.org/C0dGZ2tu,2024.08.01,-,Salvavergara,Raja112,0-1,2024.08.01,00:01:39,1905,1881,,,B31,"Sicilian Defense: Nyezhmetdinov-Rossolimo Attack, Fianchetto Variation",180+2,Normal,"1. e4 1... c5 2. Nf3 2... Nc6 3. Bb5 3... g6 4. c3 4... Bg7 5. O-O 5... e6 6. Re1 6...
Nge7 7. d4 7... cxd4 8. cxd4 8... a6 9. Bf1 9... b5 10. a3 10... Bb7 11. d5 11... Ne5 12.
Nxe5 12... Bxe5 13. f4 13... Bg7 14. dxe6 14... dxe6 15. Qe2 15... O-O 16.
Nc3 16... Rc8 17. Bd2 17... Qb6 18. Be3 18... Qc7 19. Rac1 19... Qa5 20.
Bd2 20... Qd8 21. Red1 21... Nc6 22. Be3 22... Qe7 23. Qf2 23... Na5 24.
e5 24... Rfd8 25. Be2 25... Rxd1 26. Rxd1 26... Nc4 27. Bc1 27... Qe8 28.
Bf3 28... Bxf3 29. Qxf3 29... Bf8 30. Ne4 30... Kg7 31. b3 31... Nb6 32. Nd6 32... Bxd6 33.
exd6 33... Nd5 34. Qd3 34... Qd7 35. Bb2 35... f6 36. Rc1 36... Rxc1 37. Bxc1 37... Qxd6 38. Bd2 38... Qb6 39. Kf1 39... Qd6 40. g3 40... Qxa3 41. Qc2 41... Qd6 42.
Ke2 42... e5 43. fxe5 43... Qxe5 44. Kd1 44... h5 45. Qd3 45... b4 46.
Qc4 46... Ne3 47. Bxe3 47... Qxe3 48. Qxa6 48... Qxb3 49. Kd2 49... Qc3 50. Ke2 50... b3 51.
Qb7 51... Kh6 52. Qe7 52... b2 53. Qf8 53... Kg5 54. Qb8 54... Qe5 55.
Kd2 55... Qxb8",1. 0:03:00 1... 0:03:00 2. 0:03:01 2... 0:03:01 3. 0:03:02 3... 0:03:02 4. 0:03:01 4... 0:03:03 5. 0:03:01 5... 0:03:04 6. 0:03:02 6... 0:03:05 7. 0:03:03 7... 0:03:05 8. 0:03:04 8... 0:03:07 9. 0:03:04 9... 0:03:06 10. 0:03:03 10... 0:03:07 11. 0:02:57 11... 0:03:04 12. 0:02:50 12... 0:03:06 13. 0:02:44 13... 0:02:53 14. 0:02:40 14... 0:02:53 15. 0:02:26 15... 0:02:48 16. 0:02:24 16... 0:02:47 17. 0:02:13 17... 0:02:40 18. 0:02:11 18... 0:02:40 19. 0:02:09 19... 0:02:32 20. 0:01:36 20... 0:02:24 21. 0:01:34 21... 0:02:07 22. 0:01:15 22... 0:02:07 23. 0:01:10 23... 0:02:03 24. 0:00:41 24... 0:01:37 25. 0:00:39 25... 0:01:35 26. 0:00:39 26... 0:01:31 27. 0:00:32 27... 0:01:17 28. 0:00:27 28... 0:01:13 29. 0:00:28 29... 0:01:09 30. 0:00:26 30... 0:00:51 31. 0:00:22 31... 0:00:48 32. 0:00:21 32... 0:00:49 33. 0:00:22 33... 0:00:47 34. 0:00:15 34... 0:00:46 35. 0:00:12 35... 0:00:39 36. 0:00:08 36... 0:00:36 37. 0:00:08 37... 0:00:37 38. 0:00:08 38... 0:00:32 39. 0:00:09 39... 0:00:27 40. 0:00:09 40... 0:00:25 41. 0:00:07 41... 0:00:20 42. 0:00:05 42... 0:00:17 43. 0:00:04 43... 0:00:18 44. 0:00:05 44... 0:00:11 45. 0:00:06 45... 0:00:07 46. 0:00:05 46... 0:00:06 47. 0:00:06 47... 0:00:08 48. 0:00:07 48... 0:00:08 49. 0:00:07 49... 0:00:09 50. 0:00:07 50... 0:00:09 51. 0:00:08 51... 0:00:10 52. 0:00:07 52... 0:00:08 53. 0:00:07 53... 0:00:09 54. 0:00:05 54... 0:00:09 55. 0:00:05 55... 0:00:10,
Rated Blitz game,https://lichess.org/SVWum6EC,2024.08.01,-,kikilo76,luca7084,0-1,2024.08.01,00:01:39,1655,1666,,,B12,"Caro-Kann Defense: Advance Variation, Botvinnik-Carls Defense",180+2,Normal,"1. e4 1... c6 2. d4 2... d5 3.
e5 3... c5 4.
Nf3 4... Nc6 5.
c3 5... cxd4 6.
cxd4 6... Bg4 7.
Bb5 7... Qb6 8. O-O 8... e6 9. Bxc6 9...
bxc6 10. Nc3 10... Bxf3 11. Qxf3 11... Qxd4 12. Re1 12...
Bb4 13. Be3 13... Qxe5 14. Rac1 14... Qf6 15. Qg3 15... Ne7 16. Na4 16... Bxe1 17. Rxe1 17... O-O 18. Nc5 18...
Nf5 19. Qc7 19... Nxe3 20. fxe3 20... Qxb2 21. Qxc6 21... Qc3 22. Rf1 22...
Rac8 23. Na4 23... Qxc6",1. 0:03:00 0. 0:03:00 1... 0:03:00 0. 0:03:01 2. 0:03:00 0. 0:03:02 2... 0:02:59 0. 0:03:00 3. 0:02:39 0. 0:02:59 3... 0:02:39 0. 0:02:56 4. 0:02:36 0. 0:02:56 4... 0:02:28 0. 0:02:41 5. 0:02:26 0. 0:02:41 5... 0:02:23 0. 0:02:38 6. 0:02:23 0. 0:02:39 6... 0:02:21 0. 0:02:35 7. 0:02:22 0. 0:02:22 7... 0:02:23 0. 0:02:16 8. 0:02:18 3. 0:02:06 8... 0:02:14 0. 0:02:05 9. 0:02:11 0. 0:02:05 9... 0:02:12 0. 0:01:59 10. 0:01:56 0. 0:01:54 10... 0:01:56 0. 0:01:51 11. 0:01:51 0. 0:01:44 11... 0:01:36 1. 0:01:42 12. 0:01:13 1. 0:01:39,
Rated Blitz game,https://lichess.org/ecpMnpeM,2024.08.01,-,ska8806,Metsuryu,0-1,2024.08.01,00:01:39,1126,1145,,,A00,Hungarian Opening: Symmetrical Variation,180+2,Normal,"1. g3 1... g6 2. f4 2... Bg7 3. Nf3 3...
Nf6 4. c3 4... O-O 5. Bg2 5... Nc6 6.
O-O 6... d5 7.
d4 7... Bg4 8.
Na3 8... Qd6 9. Nb5 9... Qd7 10. Ne5 10... Nxe5 11. dxe5 11... Qxb5 12. exf6 12... Bxf6 13. a3 13... Bxe2 14. Qe1 14... Bxf1 15.
Bxf1 15... Qc6 16. b4 16...
a6 17. g4 17... Bxc3 18. Qxe7 18... Bxa1 19. g5 19... Qxc1 20. Qe2 20... Bd4 21. Kg2 21... Qxf4 22. h3 22... Qe4 23. Qxe4 23... dxe4 24. Be2 24... e3 25.
Bf3 25... Rab8 26. Kf1 26... c6 27. Ke2 27...
Rbe8 28. a4 28... Bb2 29. b5 29... cxb5 30. axb5 30... axb5 31. Bxb7 31...
b4 32. Bc6 32... Bc3 33. Bxe8 33... Rxe8",1. 0:03:00 0. 0:03:00 1... 0:03:01 0. 0:03:02 2. 0:03:03 0. 0:03:03 2... 0:03:04 0. 0:03:05 3. 0:03:06 0. 0:03:06 3... 0:03:07 0. 0:03:08 4. 0:03:08 0. 0:03:06 4... 0:03:08 0. 0:03:07 5. 0:03:08 0. 0:03:06 5... 0:02:57 0. 0:03:02 6. 0:02:58 0. 0:03:02 6... 0:02:59 0. 0:03:02 7. 0:02:54 0. 0:02:59 7... 0:02:49 0. 0:03:00 8. 0:02:49 0. 0:02:56 8... 0:02:48 0. 0:02:57 9. 0:02:48 0. 0:02:55 9... 0:02:41 0. 0:02:53 10. 0:02:33 1. 0:02:53 10... 0:02:20 1. 0:02:53 11. 0:02:20 1. 0:02:47 11... 0:02:15 1. 0:02:47 12. 0:02:15 1. 0:02:49 12... 0:02:09 0. 0:02:50 13. 0:02:09 4. 0:02:48 13... 0:02:08 4. 0:02:49 14. 0:02:10 4. 0:02:51 14... 0:02:08 4. 0:02:52 15. 0:02:08 4. 0:02:52 15... 0:02:09 4. 0:02:54 16. 0:02:10 4. 0:02:49 16... 0:02:11 4. 0:02:51 17. 0:02:09 4. 0:02:53,
Rated Blitz game,https://lichess.org/taS8m6dE,2024.08.01,-,MaxiDachsiF,JARED_2013,1-0,2024.08.01,00:01:39,898,976,,,C40,King's Knight Opening,180+2,Time forfeit,"1. e4 1... e5 2. Nf3 2... Bb4 3. Nxe5 3... d6 4. Nd3 4... Bc5 5.
Nxc5 5... dxc5 6. Bc4 6... b5 7. Bxb5 7... Nd7 8. Nc3 8... Rb8 9. O-O 9... Rb6 10. d4 10...
cxd4 11. Qxd4 11... Rg6 12. Qxa7 12... Qg5 13.
Bxg5 13... Rxg5 14. Bxd7",1. 0:03:00 1... 0:03:00 2. 0:03:01 2... 0:02:59 3. 0:03:00 3... 0:02:53 4. 0:02:51 4... 0:02:49 5. 0:02:51 5... 0:02:50 6. 0:02:50 6... 0:02:36 7. 0:02:48 7... 0:02:35 8. 0:02:42 8... 0:02:32 9. 0:02:36 9... 0:02:30 10. 0:02:34 10... 0:02:29 11. 0:02:36 11... 0:02:24 12. 0:02:29 12... 0:02:21 13. 0:02:28 13... 0:02:21 14. 0:02:18,
Rated Blitz game,https://lichess.org/dpjfLfFX,2024.08.01,-,tempoocioso,JensenUVA,1-0,2024.08.01,00:01:39,1940,2028,,,C44,Ponziani Opening: Jaenisch Counterattack,180+2,Normal,"1. e4 1... e5 2. Nf3 2... Nc6 3. c3 3... Nf6 4. d3 4... Be7 5. h3 5... O-O 6. Be3 6...
d6 7. Be2 7... h6 8.
Nbd2 8... Be6 9. O-O 9... d5 10. exd5 10... Nxd5 11. Ne4 11... Nxe3 12.
fxe3 12... f5 13. Ng3 13... f4 14. exf4 14... exf4 15. Ne4 15... Bf5 16.
Qb3 16... Kh8 17. Qxb7 17... Bxe4 18. dxe4 18... Na5 19. Qa6 19... c5 20. Rad1 20... Qb6 21.
Nd2 21... c4 22. Qxb6 22... axb6 23. a3 23... b5 24. Bf3 24... Rad8 25.
e5 25... g5 26. Ne4 26... Nb3 27. Nd6 27... Nc5 28. Bc6 28... Nd3 29.
Nxb5 29... Nxb2 30. Rxd8 30... Rxd8 31. e6 31... Nd3 32. a4 32... Nc5 33. a5 33... Nxe6 34.
a6 34... Bc5 35. Kh2 35... Rd2 36. Re1 36... Bf2 37. Rf1 37... Bg3 38.
Kh1 38... f3 39. Bxf3 39... Bb8 40. a7 40... Bxa7 41. Nxa7 41... Nf4 42.
Nc6 42... Ne2 43. Kh2 43... Nxc3 44. Ne5 44... Rd6 45. Nxc4 45... Re6 46.
Ra1 46... Ne4 47. Ra7 47... Nf6 48. Na5 48... Ne4 49. Nb7 49... Nd2 50.
Bd5 50... Re8 51. Nd6 51... Rd8 52. Nf7",1. 0:03:00 1... 0:03:00 2. 0:03:01 2... 0:03:01 3. 0:03:01 3... 0:03:00 4. 0:03:01 4... 0:02:59 5. 0:03:01 5... 0:02:58 6. 0:02:59 6... 0:02:55 7. 0:02:59 7... 0:02:51 8. 0:02:59 8... 0:02:52 9. 0:03:00 9... 0:02:51 10. 0:02:59 10... 0:02:53 11. 0:02:46 11... 0:02:54 12. 0:02:47 12... 0:02:51 13. 0:02:47 13... 0:02:45 14. 0:02:48 14... 0:02:47 15. 0:02:49 15... 0:02:38 16. 0:02:46 16... 0:02:34 17. 0:02:44 17... 0:02:33 18. 0:02:44 18... 0:02:29 19. 0:02:30 19... 0:02:20 20. 0:02:29 20... 0:02:20 21. 0:02:18 21... 0:02:16 22. 0:02:16 22... 0:02:18 23. 0:02:13 23... 0:02:16 24. 0:02:13 24... 0:02:16 25. 0:02:12 25... 0:02:01 26. 0:02:12 26... 0:01:55 27. 0:02:05 27... 0:01:42 28. 0:01:59 28... 0:01:41 29. 0:01:53 29... 0:01:38 30. 0:01:48 30... 0:01:40 31. 0:01:50 31... 0:01:23 32. 0:01:33 32... 0:01:13 33. 0:01:28 33... 0:01:10 34. 0:01:28 34... 0:01:02 35. 0:01:28 35... 0:00:42 36. 0:01:20 36... 0:00:31 37. 0:01:19 37... 0:00:31 38. 0:01:19 38... 0:00:17 39. 0:01:19 39... 0:00:13 40. 0:01:12 40... 0:00:14 41. 0:01:14 41... 0:00:15 42. 0:01:09 42... 0:00:11 43. 0:01:08 43... 0:00:11 44. 0:01:05 44... 0:00:09 45. 0:01:05 45... 0:00:09 46. 0:01:03 46... 0:00:09 47. 0:01:02 47... 0:00:09 48. 0:00:57 48... 0:00:09 49. 0:00:55 49... 0:00:08 50. 0:00:53 50... 0:00:09 51. 0:00:52 51... 0:00:09 52. 0:00:53,
Rated Blitz game,https://lichess.org/7gCxBUYp,2024.08.01,-,kbot1425,SpongeBob_solos,1-0,2024.08.01,00:01:39,2080,2035,,,B13,Caro-Kann Defense: Exchange Variation,180+2,Normal,"1. e4 1... c6 2. Nf3 2... d5 3. exd5 3... cxd5 4. d4 4... Nc6 5. Bb5 5... Nf6 6. O-O 6... Bg4 7. Qd3 7...
Bxf3 8. Qxf3 8... e6 9. c3 9... Be7 10. Bf4 10... O-O 11.
Nd2 11... a6 12. Bd3 12... b5 13. a3 13...
Qb6 14. Bg5 14... a5 15. Qh3 15... g6 16.
Qh4 16... Ne4 17. Bxe7 17...
Nxd2 18. Bf6 18... h5 19. Qg5",1. 0:03:00 0. 0:03:00 1... 0:03:01 0. 0:03:01 2. 0:03:02 0. 0:03:03 2... 0:03:04 0. 0:03:05 3. 0:03:03 0. 0:03:06 3... 0:03:04 0. 0:03:07 4. 0:02:58 0. 0:02:52 4... 0:02:59 0. 0:02:54 5. 0:02:54 0. 0:02:54 5... 0:02:55 0. 0:02:53 6. 0:02:55 0. 0:02:53 6... 0:02:55 0. 0:02:54 7. 0:02:56 0. 0:02:54 7... 0:02:45 0. 0:02:53 8. 0:02:45 0. 0:02:44 8... 0:02:38 0. 0:01:37 9. 0:01:58 0. 0:01:37 9... 0:01:27 0. 0:01:32 10. 0:01:22,
Rated Blitz game,https://lichess.org/WpqpdYBX,2024.08.01,-,EN2MA,Hamad86,0-1,2024.08.01,00:01:39,1693,1673,,,B00,Nimzowitsch Defense: Kennedy Variation,180+2,Normal,"1. e4 1... e5 2. d4 2... Nc6 3. f4 3... Nxd4 4. Nf3 4... Nxf3 5.
Qxf3 5... Qe7 6. f5 6... Nf6 7. Bd3 7... Qb4 8. Nd2 8... a5 9. a3 9... Qd6 10. O-O 10...
h5 11. Nc4 11... Qc5 12. Be3 12... Qe7 13. b4 13... Ng4 14. Bc5 14... d6 15. Bf2 15... Nxf2 16. Qxf2 16... a4 17.
f6 17... gxf6 18. Qxf6 18... Qxf6 19. Rxf6 19... Rg8 20. Be2 20... h4 21.
Bh5 21... Rg7 22. Raf1 22... Be6 23. Ne3 23... Be7 24. Rh6 24... Bh3 25.
Rf2 25... Bg5 26. Rh8 26... Ke7 27. Rxa8 27... Bxe3 28. Rxa4 28... Rxg2 29. Kf1 29... Rxf2 30. Ke1 30... Rxc2 31. b5 31... b6 32. Ra7 32... Bc5 33. Rxc7 33... Kf8 34. Rxf7 34... Kg8 35. Rf3 35... Rxh2 36. Bf7 36... Kg7 37. Bd5 37... Bg4 38. Rf7 38... Kg6 39.
Rf8 39... h3 40. Rg8 40... Kh5 41. Bf7 41... Kh4 42. Rh8 42... Kg3 43.
Rg8 43... Kf4 44. Bd5 44... Bxa3 45. Rf8 45... Ke3 46. Rf1 46... Bb4",1. 0:03:00 1... 0:03:00 2. 0:03:01 2... 0:03:02 3. 0:03:03 3... 0:02:56 4. 0:03:01 4... 0:02:57 5. 0:03:02 5... 0:02:54 6. 0:03:01 6... 0:02:53 7. 0:02:58 7... 0:02:50 8. 0:02:56 8... 0:02:39 9. 0:02:57 9... 0:02:38 10. 0:02:56 10... 0:02:33 11. 0:02:57 11... 0:02:32 12. 0:02:55 12... 0:02:31 13. 0:02:49 13... 0:02:31 14. 0:02:47 14... 0:02:31 15. 0:02:41 15... 0:02:31 16. 0:02:38 16... 0:02:32 17. 0:02:27 17... 0:02:32 18. 0:02:27 18... 0:02:34 19. 0:02:27 19... 0:02:27 20. 0:02:04 20... 0:02:24 21. 0:02:05 21... 0:02:23 22. 0:01:53 22... 0:02:21 23. 0:01:48 23... 0:02:17 24. 0:01:45 24... 0:02:10 25. 0:01:45 25... 0:02:05 26. 0:01:45 26... 0:02:04 27. 0:01:44 27... 0:02:04 28. 0:01:34 28... 0:02:03 29. 0:01:30 29... 0:02:01 30. 0:01:31 30... 0:02:01 31. 0:01:21 31... 0:01:56 32. 0:01:12 32... 0:01:53 33. 0:01:08 33... 0:01:52 34. 0:01:08 34... 0:01:53 35. 0:01:06 35... 0:01:46 36. 0:01:02 36... 0:01:45 37. 0:00:58 37... 0:01:45 38. 0:00:56 38... 0:01:44 39. 0:00:54 39... 0:01:42 40. 0:00:50 40... 0:01:43 41. 0:00:49 41... 0:01:43 42. 0:00:46 42... 0:01:43 43. 0:00:47 43... 0:01:44 44. 0:00:44 44... 0:01:40 45. 0:00:40 45... 0:01:38 46. 0:00:30 46... 0:01:21,
Rated Blitz game,https://lichess.org/3ynwa9Y4,2024.08.01,-,Rybka401,TheChessGuitarrist,1-0,2024.08.01,00:01:39,2282,2320,,,B03,"Alekhine Defense: Four Pawns Attack, Trifunovic Variation",180+2,Time forfeit,"1. e4 1... Nf6 2. e5 2... Nd5 3. c4 3... Nb6 4. d4 4... d6 5. f4 5... Bf5 6. Nc3 6...
e6 7. Be3 7... dxe5 8.
fxe5 8... Bb4 9. a3 9... Bxc3 10. bxc3 10... Nc6 11. Nf3 11... O-O 12.
Be2 12... Na5 13. c5 13... Nd5 14. Bd2 14... Ne7 15. O-O 15... b6 16.
c4 16... Nac6 17. cxb6 17... axb6 18. Be3 18... Ra7 19. Qb3 19... h6 20.
Rfd1 20... Be4 21. Nd2 21... Nxd4 22. Bxd4 22... Qxd4 23. Kh1 23... Bc6 24.
Nf3 24... Qf4 25. Rd4 25... Qf5 26. Bd3 26... Qh5 27. Rh4 27... Bxf3 28.
Rxh5 28... Bxh5 29. Be4 29... Bg6 30. Bf3 30... Nf5 31. Rd1 31... c5 32. Qxb6 32... Rxa3 33. Qxc5 33... Rc3 34. Qb4 34... Rc2 35. h3 35...
Rc8 36. Qa5 36... R2xc4 37. Rd8 37... Rxd8 38. Qxd8 38... Kh7 39. Kh2 39... h5 40. Qg5 40...
h4 41. Bg4 41... Re4 42. Bxf5 42... Bxf5 43. Qh5 43... Kg8 44. Qg5 44... Re2 45. Qxh4 45... Be4 46. Qd8 46... Kh7 47.
Qh4 47... Kg8 48. Qd8 48... Kh7 49. h4 49...
Rxg2 50. Kh3 50... Bd5 51. Qd7 51... Kg6 52.
Qd8",1. 0:03:00 1... 0:03:00 2. 0:03:01 2... 0:03:01 3. 0:03:02 3... 0:03:02 4. 0:03:04 4... 0:03:03 5. 0:03:06 5... 0:03:03 6. 0:03:06 6... 0:03:04 7. 0:03:06 7... 0:03:05 8. 0:03:06 8... 0:03:06 9. 0:02:53 9... 0:03:03 10. 0:02:55 10... 0:02:46 11. 0:02:51 11... 0:02:46 12. 0:02:48 12... 0:02:46 13. 0:02:44 13... 0:02:46 14. 0:02:44 14... 0:02:05 15. 0:02:41 15... 0:02:03 16. 0:02:29 16... 0:02:03 17. 0:02:27 17... 0:02:04 18. 0:02:08 18... 0:01:16 19. 0:01:32 19... 0:00:41 20. 0:01:28 20... 0:00:39 21. 0:01:15 21... 0:00:34 22. 0:01:03 22... 0:00:34 23. 0:01:05 23... 0:00:23 24. 0:01:05 24... 0:00:22 25. 0:00:59 25... 0:00:13 26. 0:01:00 26... 0:00:07 27. 0:01:00 27... 0:00:08 28. 0:01:01 28... 0:00:10 29. 0:01:01 29... 0:00:10 30. 0:01:01 30... 0:00:09 31. 0:01:01 31... 0:00:10 32. 0:00:59 32... 0:00:11 33. 0:01:01 33... 0:00:11 34. 0:01:01 34... 0:00:11 35. 0:00:58 35... 0:00:12 36. 0:00:51 36... 0:00:12 37. 0:00:52 37... 0:00:12 38. 0:00:54 38... 0:00:14 39. 0:00:53 39... 0:00:15 40. 0:00:51 40... 0:00:15 41. 0:00:51 41... 0:00:11 42. 0:00:51 42... 0:00:10 43. 0:00:47 43... 0:00:11 44. 0:00:48 44... 0:00:05 45. 0:00:47 45... 0:00:06 46. 0:00:47 46... 0:00:07 47. 0:00:48 47... 0:00:08 48. 0:00:32 48... 0:00:09 49. 0:00:30 49... 0:00:10 50. 0:00:31 50... 0:00:10 51. 0:00:24 51... 0:00:08 52. 0:00:23,
Rated Blitz game,https://lichess.org/50i0WsCa,2024.08.01,-,Iemniscate,lucgetz,1/2-1/2,2024.08.01,00:01:39,987,975,,,C68,"Ruy Lopez: Exchange Variation, Lutikov Variation",180+2,Normal,"1. e4 1... e5 2. Nf3 2... Nc6 3. Bb5 3... a6 4. Bxc6 4... bxc6 5.
d3 5... Bd6 6. O-O 6... Nf6 7. h3 7... O-O 8. Nc3 8... Re8 9. a3 9... Bc5 10. d4 10...
exd4 11. Nxd4 11... Nxe4 12. Re1 12... Nxc3 13.
Rxe8 13... Qxe8 14. bxc3 14... Bxd4 15. cxd4 15... d5 16. Bf4 16... Ra7 17. Qe1 17... Be6 18.
g4 18... Qe7 19. Bg3 19... c5 20. c3 20... cxd4 21. cxd4 21... c5 22.
dxc5 22... Qxc5 23. Rc1 23... Qxa3 24. Kg2 24... h6 25. f4 25... Qa2 26. Kf3 26... Qa3 27.
Kg2 27... Rb7 28. f5 28... Rb2 29. Kg1 29... Bd7 30. Qc3 30... Qxc3 31.
Rxc3 31... Rb1 32. Kf2 32... Rb2 33. Kf3 33... Rb1 34. Rc7 34... Rf1 35. Ke2 35... Bb5 36.
Ke3 36... Re1 37. Bxe1 37... Bc4 38. Rc8 38... Kh7 39. Rxc4 39... dxc4 40. Kd4 40... c3 41.
Kxc3 41... g6 42. Bf2 42... gxf5 43. gxf5 43... f6 44. Kd3 44... Kg7 45.
Ke3 45... a5 46. Kf3 46... a4 47. Bc5 47... Kf7 48. Kf4 48... Kg7 49.
Ba3 49... Kf7 50. h4 50... Kg7 51. Kg4 51... Kh7 52. Kh5 52... Kg7 53.
Kg4 53... Kh7 54. Be7 54... Kg7 55. Kh5 55... Kf7 56. Ba3 56... Kg7 57.
Kg4",1. 0:03:00 1... 0:03:00 2. 0:03:01 2... 0:03:01 3. 0:03:03 3... 0:03:02 4. 0:03:04 4... 0:03:04 5. 0:03:04 5... 0:02:48 6. 0:03:01 6... 0:02:49 7. 0:03:01 7... 0:02:49 8. 0:02:45 8... 0:02:49 9. 0:02:33 9... 0:02:47 10. 0:02:23 10... 0:02:38 11. 0:02:21 11... 0:02:33 12. 0:01:55 12... 0:02:30 13. 0:01:50 13... 0:02:30 14. 0:01:49 14... 0:02:23 15. 0:01:48 15... 0:02:25 16. 0:01:43 16... 0:02:15 17. 0:01:40 17... 0:02:11 18. 0:01:24 18... 0:02:09 19. 0:01:11 19... 0:02:05 20. 0:00:56 20... 0:02:03 21. 0:00:57 21... 0:01:54 22. 0:00:51 22... 0:01:56 23. 0:00:45 23... 0:01:47 24. 0:00:27 24... 0:01:43 25. 0:00:28 25... 0:01:39 26. 0:00:24 26... 0:01:34 27. 0:00:24 27... 0:01:33 28. 0:00:23 28... 0:01:31 29. 0:00:23 29... 0:01:19 30. 0:00:15 30... 0:01:20 31. 0:00:16 31... 0:01:20 32. 0:00:17 32... 0:01:17 33. 0:00:15 33... 0:01:05 34. 0:00:15 34... 0:00:59 35. 0:00:12 35... 0:01:00 36. 0:00:07 36... 0:00:57 37. 0:00:04 37... 0:00:53 38. 0:00:04 38... 0:00:54 39. 0:00:05 39... 0:00:55 40. 0:00:06 40... 0:00:54 41. 0:00:07 41... 0:00:55 42. 0:00:06 42... 0:00:56 43. 0:00:06 43... 0:00:56 44. 0:00:07 44... 0:00:57 45. 0:00:09 45... 0:00:59 46. 0:00:11 46... 0:01:00 47. 0:00:10 47... 0:01:01 48. 0:00:10 48... 0:00:59 49. 0:00:09 49... 0:00:59 50. 0:00:10 50... 0:01:01 51. 0:00:11 51... 0:01:00 52. 0:00:11 52... 0:01:01 53. 0:00:11 53... 0:01:02 54. 0:00:11 54... 0:01:02 55. 0:00:12 55... 0:01:01 56. 0:00:12 56... 0:01:01 57. 0:00:11,
Rated Blitz game,https://lichess.org/yHovekX6,2024.08.01,-,boressalex,AngryWeasel,1-0,2024.08.01,00:01:39,2218,2244,,,D31,Queen's Gambit Declined: Janowski Variation,180+2,Normal,"1. d4 1... d5 2. c4 2... e6 3. Nc3 3... a6 4. cxd5 4... exd5 5. Nf3 5... Nf6 6. Bg5 6... Be7 7. Bxf6 7...
Bxf6 8. e3 8...
c6 9. Be2 9...
Bf5 10. O-O 10... O-O 11. Rc1 11... Nd7 12.
h3 12... Qb6 13. Na4 13... Qa5 14. a3 14...
Rfe8 15. b4 15... Qd8 16. Nc5 16... Nxc5 17.
bxc5 17... b5 18. cxb6 18... Qxb6 19. Bd3 19...
Bd7 20. Qc2 20... g6 21. Rb1 21... Qa5 22.
Rb7 22... Red8 23. Qb3 23... Kg7 24. Rb1 24... Be8 25. h4 25... h6 26.
h5 26... g5 27.
Bf5 27... c5 28. Ne5 28... cxd4 29. exd4 29...
Qd2 30. Be6 30... Bxe5 31. dxe5 31... Qf4 32.
Bxf7 32... Bxf7 33. e6 33... Rf8 34. Qxd5 34...
Rae8 35. Rxf7 35... Rxf7 36.
exf7 36... Qxf7 37. Rb7 37... Re7 38. Qd4 38...
Kg8 39. Qd8 39... Kg7 40. Rxe7",1. 0:03:00 0. 0:03:00 1... 0:03:01 0. 0:03:01 2. 0:03:03 0. 0:03:02 2... 0:03:03 0. 0:03:03 3. 0:03:03 0. 0:03:02 3... 0:03:02 0. 0:03:03 4. 0:03:04 0. 0:03:04 4... 0:03:06 0. 0:03:05 5. 0:03:00 0. 0:03:04 5... 0:03:00 0. 0:03:05 6. 0:02:58 0. 0:03:06 6... 0:02:53 0. 0:03:01 7. 0:02:49 0. 0:02:55 7... 0:02:31 0. 0:02:44 8. 0:02:31 0. 0:02:32 8... 0:02:31 0. 0:02:32 9. 0:02:27 0. 0:02:29 9... 0:02:20 0. 0:02:30 10. 0:02:21 0. 0:02:22 10... 0:02:21 0. 0:02:18 11. 0:02:21 0. 0:02:15 11... 0:02:19 0. 0:02:10 12. 0:01:49 0. 0:02:01 12... 0:01:47 0. 0:01:52 13. 0:01:37 0. 0:01:50 13... 0:01:37 0. 0:01:30 14. 0:01:22 0. 0:01:18 14... 0:00:24 0. 0:01:12 15. 0:00:24 0. 0:01:01 15... 0:00:14 0. 0:00:57 16. 0:00:15 0. 0:00:41 16... 0:00:12 0. 0:00:42 17. 0:00:13 0. 0:00:37 17... 0:00:09 0. 0:00:24 18. 0:00:10 0. 0:00:25 18... 0:00:11 0. 0:00:26 19. 0:00:09 0. 0:00:27 19... 0:00:08 0. 0:00:23 20. 0:00:07 0. 0:00:22 20... 0:00:07,
Rated Blitz game,https://lichess.org/cMRntgYF,2024.08.01,-,ZurzMansor,N50E137,0-1,2024.08.01,00:01:36,1958,1744,,,C43,Russian Game: Modern Attack,180+2,Time forfeit,"1. e4 1... e5 2. Nf3 2... Nf6 3. d4 3... Nxe4 4. dxe5 4... d5 5. Bd3 5... Bg4 6. Bxe4 6...
dxe4 7. Qxd8 7... Kxd8 8. Ng5 8... Ke7 9.
Nxe4 9... Bf5 10. Nbc3 10... Nc6 11. Bf4 11... Nd4 12. O-O-O 12... Bxe4 13. Rxd4 13... Bxg2 14. Re1 14... g6 15. Nd5 15... Kd8 16. Nf6 16... Ke7 17. Rd7 17... Ke6 18.
Rxc7 18... Bg7 19. Ng4 19... h5 20. Ne3 20... Bc6 21. Nc4 21... Rad8 22.
Nd6 22... Rd7 23. Rxd7 23... Kxd7 24. Nxf7 24... Rf8 25. e6 25... Ke7 26.
Bg5 26... Bf6 27. Bh6 27... Rc8 28. Ng5 28... Rh8 29. Ne4 29... Rxh6 30.
Nxf6 30... Kxf6 31. e7 31... Rh8 32. Kd2 32... Re8 33. Re3 33... Rxe7 34.
Ra3 34... a6 35. Kc3 35... Re2",1. 0:03:00 1... 0:03:00 2. 0:03:01 2... 0:03:01 3. 0:02:59 3... 0:03:00 4. 0:03:00 4... 0:03:01 5. 0:02:52 5... 0:03:01 6. 0:02:51 6... 0:03:01 7. 0:02:51 7... 0:03:01 8. 0:02:49 8... 0:02:31 9. 0:02:48 9... 0:02:31 10. 0:02:42 10... 0:02:24 11. 0:02:39 11... 0:02:18 12. 0:02:37 12... 0:02:15 13. 0:02:27 13... 0:02:16 14. 0:02:10 14... 0:02:10 15. 0:02:09 15... 0:02:01 16. 0:01:49 16... 0:02:01 17. 0:01:45 17... 0:02:02 18. 0:01:39 18... 0:01:59 19. 0:01:05 19... 0:01:47 20. 0:01:05 20... 0:01:45 21. 0:00:48 21... 0:01:44 22. 0:00:31 22... 0:01:13 23. 0:00:20 23... 0:01:13 24. 0:00:20 24... 0:01:01 25. 0:00:20 25... 0:00:47 26. 0:00:15 26... 0:00:48 27. 0:00:16 27... 0:00:32 28. 0:00:15 28... 0:00:24 29. 0:00:07 29... 0:00:23 30. 0:00:08 30... 0:00:24 31. 0:00:10 31... 0:00:23 32. 0:00:08 32... 0:00:24 33. 0:00:06 33... 0:00:24 34. 0:00:06 34... 0:00:24 35. 0:00:05 35... 0:00:24,
Rated Blitz game,https://lichess.org/CwdeKGot,2024.08.01,-,bechtoune,wesmontgomery,1-0,2024.08.01,00:01:53,2122,2142,,,C45,"Scotch Game: Classical Variation, Intermezzo Variation",180+2,Time forfeit,"1. e4 1... e5 2. Nf3 2... Nc6 3. d4 3... exd4 4. Nxd4 4... Bc5 5.
Nxc6 5... Qf6 6. Qf3 6... Qxc6 7. Nc3 7... Nf6 8. h3 8... O-O 9. Bd3 9... d6 10. Qe2 10...
Re8 11. f3 11... a6 12. Bg5 12... Nh5 13. Bh4 13... Nf4 14. Qd2 14... Ng6 15. Bg3 15... d5 16. O-O-O 16... d4 17.
Nd5 17... Be6 18. Nxc7 18... Bxa2 19. Nxe8 19... Rxe8 20. Qa5 20... Be6 21.
Qc7 21... Qa4 22. Qxc5 22... Rc8 23. Qa3 23... Qd7 24. Kb1 24... Ne7 25.
Rc1 25... Nc6 26. Rhd1 26... a5 27. Bb5 27... Qd8 28. Bxc6 28... Rxc6 29. Be5 29... b5 30. Bxd4 30... b4 31. Qe3 31...
Rd6 32. e5 32... Rd5 33. c3 33... Bf5 34. Ka1 34... Qd7 35. b3 35...
a4 36. c4 36... axb3 37. Qxb3 37... Ra5 38. Kb2",1. 0:03:00 1... 0:03:00 2. 0:03:00 2... 0:03:01 3. 0:03:00 3... 0:03:02 4. 0:03:01 4... 0:03:03 5. 0:03:01 5... 0:03:04 6. 0:03:02 6... 0:03:04 7. 0:02:58 7... 0:02:57 8. 0:02:58 8... 0:02:54 9. 0:02:58 9... 0:02:22 10. 0:02:43 10... 0:02:17 11. 0:02:42 11... 0:02:15 12. 0:02:37 12... 0:02:02 13. 0:02:18 13... 0:01:31 14. 0:02:17 14... 0:01:31 15. 0:02:13 15... 0:01:27 16. 0:02:10 16... 0:01:18 17. 0:02:05 17... 0:01:17 18. 0:02:03 18... 0:01:17 19. 0:01:51 19... 0:01:16 20. 0:01:36 20... 0:01:12 21. 0:01:26 21... 0:01:08 22. 0:01:25 22... 0:00:56 23. 0:01:25 23... 0:00:46 24. 0:01:21 24... 0:00:39 25. 0:00:55 25... 0:00:39 26. 0:00:54 26... 0:00:31 27. 0:00:53 27... 0:00:21 28. 0:00:37 28... 0:00:22 29. 0:00:31 29... 0:00:19 30. 0:00:29 30... 0:00:16 31. 0:00:20 31... 0:00:13 32. 0:00:16 32... 0:00:07 33. 0:00:14 33... 0:00:05 34. 0:00:12 34... 0:00:06 35. 0:00:09 35... 0:00:03 36. 0:00:08 36... 0:00:03 37. 0:00:09 37... 0:00:04 38. 0:00:08,
Rated Blitz game,https://lichess.org/FZwvsdFT,2024.08.01,-,danigol71,WargamesChess,0-1,2024.08.01,00:01:25,2086,2233,,,B22,"Sicilian Defense: Alapin Variation, Barmen Defense",180+2,Normal,"1. e4 1... c5 2. c3 2... d5 3. exd5 3... Qxd5 4. d4 4... Nf6 5. Nf3 5... e6 6. Bb5 6...
Bd7 7. Bxd7 7... Qxd7 8. O-O 8... Nc6 9. Re1 9... cxd4 10. cxd4 10... Bb4 11. Nc3 11... O-O 12.
a3 12... Bxc3 13. bxc3 13... Na5 14. Qe2 14... Rac8 15. Ne5 15... Qd5 16.
Bg5 16... Nd7 17. Nxd7 17... Qxd7 18. Qg4 18... f5 19. Qe2 19... h6 20.
Bd2 20... Rfe8 21. Rab1 21... Nc4 22. Rb4 22... Nxa3 23. c4 23... Nc2 24. Reb1 24... Nxb4 25. Bxb4 25... Qxd4 26. Rc1 26... b5 27. Bc3 27...
Qxc4 28. Qd2 28... Red8 29. Qe1 29... b4 30.
Bb2 30... Qd5 31. Ra1 31... a5 32. h3 32... Rc2 33. Rb1 33... Rxb2 34.
Rxb2 34... Qd1 35. Qxd1 35... Rxd1 36. Kh2 36... Rd4 37. Ra2 37... Rd5 38. Kg3 38... b3 39.
Rb2 39... a4 40. Kf3 40... e5 41. Ke3 41... g5 42. g3 42... h5 43. f3 43... Rb5 44. Kd3 44... a3 45. Rb1 45... a2 46. Rc1 46... b2 47.
Rc8 47... Kf7 48. Ra8 48... b1=Q",1. 0:03:00 1... 0:03:00 2. 0:03:00 2... 0:03:01 3. 0:03:00 3... 0:03:03 4. 0:03:01 4... 0:03:04 5. 0:03:01 5... 0:03:05 6. 0:03:00 6... 0:03:05 7. 0:02:59 7... 0:03:07 8. 0:03:00 8... 0:03:08 9. 0:02:59 9... 0:03:08 10. 0:02:59 10... 0:02:59 11. 0:03:00 11... 0:03:00 12. 0:02:59 12... 0:02:58 13. 0:03:01 13... 0:02:57 14. 0:02:47 14... 0:02:48 15. 0:02:44 15... 0:02:47 16. 0:02:23 16... 0:02:35 17. 0:02:17 17... 0:02:34 18. 0:02:12 18... 0:02:18 19. 0:01:56 19... 0:02:15 20. 0:01:53 20... 0:02:12 21. 0:01:47 21... 0:02:09 22. 0:01:31 22... 0:01:38 23. 0:01:31 23... 0:01:37 24. 0:01:11 24... 0:01:35 25. 0:01:09 25... 0:01:33 26. 0:01:00 26... 0:01:32 27. 0:00:57 27... 0:01:31 28. 0:00:55 28... 0:01:25 29. 0:00:31 29... 0:01:06 30. 0:00:30 30... 0:01:05 31. 0:00:16 31... 0:01:03 32. 0:00:15 32... 0:01:02 33. 0:00:15 33... 0:00:57 34. 0:00:14 34... 0:00:58 35. 0:00:13 35... 0:01:00 36. 0:00:14 36... 0:00:58 37. 0:00:14 37... 0:00:57 38. 0:00:14 38... 0:00:57 39. 0:00:12 39... 0:00:58 40. 0:00:13 40... 0:00:59 41. 0:00:14 41... 0:00:58 42. 0:00:13 42... 0:00:59 43. 0:00:14 43... 0:00:57 44. 0:00:15 44... 0:00:58 45. 0:00:13 45... 0:00:59 46. 0:00:13 46... 0:00:53 47. 0:00:13 47... 0:00:55 48. 0:00:12 48... 0:00:54,
Rated Blitz game,https://lichess.org/xRlVV9gP,2024.08.01,-,Plafond,Mahmoud-Alshwarbeh,1-0,2024.08.01,00:02:03,1996,1884,,,C36,King's Gambit Accepted: Modern Defense,180+2,Time forfeit,"1. e4 1... e5 2. f4 2... d5 3. exd5 3... exf4 4. Nf3 4... Bd6 5. Bc4 5... Bg4 6. O-O 6...
Nf6 7. Bb3 7... O-O 8.
d4 8... c5 9. Kh1 9...
Ne4 10. c4 10... Qf6 11. Nc3 11... Ng3 12. hxg3 12... fxg3 13. Bg5 13... Qg6 14. Qd2 14... Bxf3 15. Rxf3 15... Qh5 16. Kg1 16... Qh2 17. Kf1 17... Qh1 18. Ke2 18... Re8 19. Kd3 19... Qh5 20. dxc5 20... Qg6 21. Ne4 21... Qxe4 22. Kc3 22... Bxc5 23. Bc2 23... Qe5 24. Kb3 24... a5 25. a3 25... a4 26.
Ka2 26... Qe2 27. Qc3 27... Na6 28. Rh1 28... g6 29. Rhf1 29... Re3 30.
Qg7 30... Kxg7 31. Rxf7 31... Kg8 32. Bh6",1. 0:03:00 1... 0:03:00 2. 0:03:01 2... 0:03:00 3. 0:03:00 3... 0:02:59 4. 0:03:00 4... 0:03:00 5. 0:02:53 5... 0:03:00 6. 0:02:52 6... 0:02:58 7. 0:02:41 7... 0:02:59 8. 0:02:31 8... 0:02:53 9. 0:02:13 9... 0:02:42 10. 0:02:05 10... 0:02:17 11. 0:01:57 11... 0:01:33 12. 0:01:42 12... 0:01:31 13. 0:01:36 13... 0:01:17 14. 0:01:10 14... 0:01:13 15. 0:01:11 15... 0:01:14 16. 0:01:11 16... 0:01:15 17. 0:01:13 17... 0:01:11 18. 0:01:12 18... 0:01:11 19. 0:01:10 19... 0:00:53 20. 0:00:40 20... 0:00:44 21. 0:00:35 21... 0:00:44 22. 0:00:36 22... 0:00:40 23. 0:00:34 23... 0:00:18 24. 0:00:24 24... 0:00:16 25. 0:00:21 25... 0:00:08 26. 0:00:18 26... 0:00:08 27. 0:00:09 27... 0:00:05 28. 0:00:10 28... 0:00:04 29. 0:00:10 29... 0:00:04 30. 0:00:05 30... 0:00:03 31. 0:00:06 31... 0:00:03 32. 0:00:04,
Rated Blitz game,https://lichess.org/DUPcJCBf,2024.08.01,-,sergio_c280,khorshidm,0-1,2024.08.01,00:01:14,1126,1130,,,C50,Italian Game: Giuoco Pianissimo,180+2,Normal,"1. e4 1... e5 2. Nf3 2... Nc6 3. Bc4 3... Bc5 4. d3 4... h6 5. g4 5... Nf6 6. g5 6...
Nh5 7. Nxe5 7... Nxe5 8. Qxh5 8... d6 9. c3 9... Bg4 10. Qh4 10... Nf3 11. Kf1 11... Nxh4 12.
d4 12... Bb6 13. a4 13... hxg5 14. a5 14... Qe7 15. axb6 15... cxb6 16. Bb5 16... Bd7 17. Bxd7 17... Qxd7 18. Bxg5 18... Qb5 19. Ke1 19... Nf3 20. Kd1 20... Nxg5 21.
Rg1 21... Qd3 22. Nd2 22... Nf3 23. Rxg7 23... Qxd2",1. 0:03:00 1... 0:03:00 2. 0:03:00 2... 0:03:00 3. 0:03:01 3... 0:02:59 4. 0:03:01 4... 0:02:59 5. 0:03:00 5... 0:02:52 6. 0:03:00 6... 0:02:44 7. 0:02:55 7... 0:02:43 8. 0:02:55 8... 0:02:27 9. 0:02:44 9... 0:02:26 10. 0:02:38 10... 0:02:20 11. 0:02:25 11... 0:02:21 12. 0:02:20 12... 0:02:17 13. 0:02:08 13... 0:02:17 14. 0:02:03 14... 0:02:04 15. 0:02:01 15... 0:02:05 16. 0:01:59 16... 0:02:02 17. 0:01:59 17... 0:02:03 18. 0:02:00 18... 0:02:01 19. 0:01:55 19... 0:02:01 20. 0:01:55 20... 0:02:00 21. 0:01:50 21... 0:01:59 22. 0:01:51 22... 0:01:58 23. 0:01:51 23... 0:01:47,
Rated Blitz game,https://lichess.org/BSE8M9gq,2024.08.01,-,ChessAficionado73,msh3l,0-1,2024.08.01,00:01:14,1840,1812,,,B07,Modern Defense: Geller's System,180+2,Normal,"1. Nf3 1... g6 2. d4 2... Bg7 3. c3 3... d6 4. e4 4... Nd7 5. Bd3 5... e5 6. Bg5 6... Ngf6 7. h3 7... h6 8. Be3 8... O-O 9. Qd2 9...
Kh7 10. Na3 10... Qe7 11. O-O 11... exd4 12. Nxd4 12... Nxe4 13. Qc2 13... Nef6 14. g4 14... Ng8 15. h4 15... Ne5 16.
h5 16... Nxd3 17. hxg6 17... fxg6 18. Qxd3 18... Bxg4 19. Rae1 19... Qh4 20. Bf4 20... Rxf4",1. 0:03:00 1... 0:03:00 2. 0:03:01 2... 0:03:02 3. 0:03:02 3... 0:03:04 4. 0:03:04 4... 0:03:06 5. 0:03:05 5... 0:03:08 6. 0:03:02 6... 0:03:08 7. 0:03:02 7... 0:03:09 8. 0:03:03 8... 0:03:09 9. 0:03:04 9... 0:03:11 10. 0:03:05 10... 0:03:10 11. 0:03:06 11... 0:03:10 12. 0:03:05 12... 0:03:11 13. 0:03:04 13... 0:03:08 14. 0:03:05 14... 0:03:06 15. 0:03:04 15... 0:03:07 16. 0:03:04 16... 0:03:06 17. 0:03:05 17... 0:03:06 18. 0:03:06 18... 0:03:07 19. 0:03:05 19... 0:03:07 20. 0:03:05 20... 0:03:02,
Rated Blitz game,https://lichess.org/T0QKn9ZO,2024.08.01,-,elliotphillips,str8ts,1-0,2024.08.01,00:01:14,1370,1449,,,C20,King's Pawn Game: Wayward Queen Attack,180+2,Time forfeit,"1. e4 1... e5 2. Qh5 2... Nc6 3. Bc4 3... g6 4. Qf3 4... Qf6 5. Qb3 5... Na5 6. Qc3 6...
b6 7. Nf3 7... d6 8.
Bd5 8... Bb7 9. Bxb7 9... Nxb7 10. Qc6 10... Ke7 11. Qxc7 11... Ke6 12. Qxb7 12... Qd8 13. d3 13... Ne7 14. Bg5 14... f6 15. Bxf6 15... Kxf6 16. O-O 16... Bh6 17.
Nh4 17... Qf8 18. Qd7 18... Qd8 19. Qb5 19... Qc7 20. Nc3 20... a6 21.
Qb3 21... b5 22. d4 22... exd4 23. Nd5 23... Nxd5 24. Qxd5 24... Qxc2 25. Nf3 25... Qxe4 26. Qxe4 26... Rhe8 27. Qg4 27... Kg7 28. Qd7 28... Kf8 29. Nxd4 29... Rad8 30. Ne6 30... Kg8 31. Qa7 31... Rxe6 32. Rfe1 32... Rxe1 33. Rxe1 33... Rf8 34. Qe7 34... d5 35.
Re6 35... d4 36. Rf6 36... d3 37. Rd6 37... d2 38. Rxd2 38... Bxd2 39. h3 39... b4 40. Qe6 40... Rf7 41. Qc8 41... Rf8 42. Qc4 42... Rf7 43. Qxa6 43... Kg7 44.
Qc4 44... h6 45. a3 45... bxa3 46. bxa3 46... h5 47. g3 47... Bh6 48.
Qd4 48... Rf6 49. Qd7 49... Rf7 50. Qe8 50... Kf6 51. Qc6 51... Kg7 52. a4 52... Rf6 53.
Qb7 53... Rf7 54. Qb5 54... Rf5 55. Qb7 55... Rf7 56. Qb2 56... Rf6 57.
a5 57... Kg8 58. Qb8 58... Rf8 59. Qb3 59... Rf7 60. a6 60... Bf8 61.
a7 61... Kg7 62. Qc3",1. 0:03:00 1... 0:03:00 2. 0:03:00 2... 0:03:02 3. 0:03:02 3... 0:03:01 4. 0:03:03 4... 0:03:03 5. 0:03:00 5... 0:02:56 6. 0:02:54 6... 0:02:29 7. 0:01:51 7... 0:02:15 8. 0:01:26 8... 0:01:15 9. 0:01:21 9... 0:01:17 10. 0:01:21 10... 0:01:11 11. 0:01:16 11... 0:01:09 12. 0:01:12 12... 0:01:05 13. 0:00:56 13... 0:01:04 14. 0:00:23 14... 0:01:02 15. 0:00:18 15... 0:01:04 16. 0:00:15 16... 0:01:04 17. 0:00:15 17... 0:01:00 18. 0:00:12 18... 0:00:36 19. 0:00:10 19... 0:00:35 20. 0:00:10 20... 0:00:31 21. 0:00:07 21... 0:00:30 22. 0:00:08 22... 0:00:29 23. 0:00:07 23... 0:00:28 24. 0:00:09 24... 0:00:24 25. 0:00:10 25... 0:00:19 26. 0:00:10 26... 0:00:20 27. 0:00:09 27... 0:00:20 28. 0:00:09 28... 0:00:19 29. 0:00:10 29... 0:00:19 30. 0:00:12 30... 0:00:19 31. 0:00:11 31... 0:00:18 32. 0:00:12 32... 0:00:18 33. 0:00:14 33... 0:00:19 34. 0:00:14 34... 0:00:19 35. 0:00:14 35... 0:00:19 36. 0:00:15 36... 0:00:17 37. 0:00:16 37... 0:00:15 38. 0:00:17 38... 0:00:16 39. 0:00:16 39... 0:00:13 40. 0:00:15 40... 0:00:12 41. 0:00:15 41... 0:00:13 42. 0:00:15 42... 0:00:13 43. 0:00:16 43... 0:00:11 44. 0:00:15 44... 0:00:11 45. 0:00:16 45... 0:00:11 46. 0:00:18 46... 0:00:11 47. 0:00:18 47... 0:00:10 48. 0:00:19 48... 0:00:11 49. 0:00:20 49... 0:00:12 50. 0:00:20 50... 0:00:10 51. 0:00:20 51... 0:00:10 52. 0:00:21 52... 0:00:08 53. 0:00:21 53... 0:00:09 54. 0:00:21 54... 0:00:07 55. 0:00:21 55... 0:00:08 56. 0:00:22 56... 0:00:07 57. 0:00:24 57... 0:00:06 58. 0:00:24 58... 0:00:06 59. 0:00:25 59... 0:00:07 60. 0:00:26 60... 0:00:07 61. 0:00:27 61... 0:00:02 62. 0:00:26,
Rated Blitz game,https://lichess.org/X1nzKJyP,2024.08.01,-,sirajkd,amr1993,0-1,2024.08.01,00:01:14,1500,1615,,,C20,King's Pawn Game: King's Head Opening,180+2,Normal,"1. e4 1... e5 2. f3 2... Nc6 3. Bc4 3...
d6 4. f4 4... Be6 5. Na3 5... d5 6.
Bxd5 6... Bxd5 7. d3 7...
Be6 8. fxe5 8... Nxe5 9. Bf4 9... f6 10. Qd2 10... a5 11. O-O-O 11... Bxa3 12. Qc3 12... Bd6 13.
d4 13... Ng6 14. g3 14... Nxf4 15. gxf4 15... Bxf4 16. Rd2 16... Bxd2 17. Qxd2 17... c5 18. d5 18...
Bf7 19. Nf3 19... Bg6 20. Qe2 20... Ne7 21.
Re1 21... a4 22. a3 22... Qd7 23. e5 23...
fxe5 24. Nxe5 24... Qf5 25. Rf1 25... Qxc2 26. Qxc2 26... Bxc2 27. Kxc2 27... Nxd5 28. Nf7 28... Ne3 29. Kd2 29... Nxf1 30. Ke2 30...
Rf8 31. Kxf1 31... Rxf7 32.
Ke1 32... O-O-O 33. b3 33... Re8 34. Kd1 34... Rf3 35. bxa4 35... Rf2 36. a5 36... Ree2 37. a6 37... Ra2 38. Ke1 38...
Rxh2 39. Kf1 39... Ra1",1. 0:03:00 0. 0:03:00 1... 0:03:00 0. 0:02:57 2. 0:03:00 0. 0:02:56 2... 0:03:01 0. 0:02:56 3. 0:02:58 0. 0:02:53 3... 0:02:57 0. 0:02:50 4. 0:02:35 1. 0:02:47 4... 0:02:31 0. 0:02:46 5. 0:02:26 1. 0:02:44 5... 0:02:21 1. 0:02:42 6. 0:02:18 2. 0:02:40 6... 0:02:09 2. 0:02:31 7. 0:01:59 4. 0:02:30 7... 0:01:48 3. 0:02:25 8. 0:01:49 4. 0:02:26 8... 0:01:47 4. 0:02:12 9. 0:01:47 5. 0:02:13 9... 0:01:41 3. 0:02:06 10. 0:01:41 5. 0:02:05 10... 0:01:31 4. 0:02:02 11. 0:01:10 5. 0:01:56 11... 0:01:07 5. 0:01:49 12. 0:01:02 7. 0:01:48 12... 0:01:03 6. 0:01:26 13. 0:01:00 6. 0:01:18 13... 0:01:02 6. 0:01:17 14. 0:01:03 6. 0:01:17 14... 0:00:58 6. 0:01:17 15. 0:00:49 6. 0:01:17 15... 0:00:42 6. 0:01:18 16. 0:00:44 8. 0:01:19 16... 0:00:38 7. 0:01:20 17. 0:00:37 7. 0:01:18 17... 0:00:36 6. 0:01:18 18. 0:00:36 6. 0:01:10 18... 0:00:34 6. 0:01:10 19. 0:00:32 6. 0:01:03 19... 0:00:29 6. 0:01:00 20. 0:00:25 7. 0:00:54,
Rated Blitz game,https://lichess.org/zlIomq7e,2024.08.01,-,Chimay1969,leostrike,0-1,2024.08.01,00:01:14,1762,1760,,,C25,Vienna Game: Anderssen Defense,180+2,Normal,"1. e4 1... e5 2. Nc3 2... Bc5 3. Bc4 3... d6 4. d3 4... f5 5. exf5 5... Bxf5 6. f4 6...
Nc6 7. Nf3 7... exf4 8. Bxf4 8... Nf6 9. Qe2 9... Qe7 10. Qxe7 10... Nxe7 11. O-O-O 11... O-O-O 12. Na4 12... Ng4 13.
Bg3 13... Be3 14. Kb1 14... d5 15. Bb3 15... g6 16. Nc3 16... d4 17.
Ne2 17... Nf2 18. Bxf2 18... Bxf2 19. Rhf1 19... Be3 20. h3 20... h5 21.
Ng3 21... Bd7 22. Ne4 22... Nf5 23. Ne5 23... Rh6 24. Nf7 24... Rhh8 25.
Nxh8 25... Rxh8 26. Rf3 26... Bh6 27. Rdf1 27... Re8 28. Nf6 28... Re2 29. Nxd7 29... Kxd7 30. g4 30... hxg4 31. hxg4 31... Ne3 32. R1f2 32... Re1",1. 0:03:00 1... 0:03:00 2. 0:03:01 2... 0:03:01 3. 0:03:03 3... 0:03:03 4. 0:03:04 4... 0:03:04 5. 0:03:03 5... 0:03:06 6. 0:03:04 6... 0:03:04 7. 0:03:00 7... 0:03:00 8. 0:03:00 8... 0:03:01 9. 0:02:48 9... 0:03:01 10. 0:02:48 10... 0:03:02 11. 0:02:47 11... 0:03:02 12. 0:02:31 12... 0:02:16 13. 0:02:14 13... 0:02:12 14. 0:02:13 14... 0:02:01 15. 0:02:13 15... 0:01:23 16. 0:02:12 16... 0:01:21 17. 0:01:59 17... 0:01:19 18. 0:01:58 18... 0:01:20 19. 0:01:46 19... 0:01:20 20. 0:01:46 20... 0:01:20 21. 0:01:35 21... 0:01:09 22. 0:01:34 22... 0:00:52 23. 0:01:29 23... 0:00:40 24. 0:01:27 24... 0:00:25 25. 0:01:18 25... 0:00:26 26. 0:01:01 26... 0:00:20 27. 0:00:55 27... 0:00:18 28. 0:00:55 28... 0:00:17 29. 0:00:54 29... 0:00:18 30. 0:00:50 30... 0:00:17 31. 0:00:50 31... 0:00:16 32. 0:00:48 32... 0:00:13,
Rated Blitz game,https://lichess.org/JU0ZDRLP,2024.08.01,-,juananton,ttvic,0-1,2024.08.01,00:01:14,1631,1640,,,B01,Scandinavian Defense: Boehnke Gambit,180+2,Normal,"1. e4 1... d5 2. exd5 2... e6 3. dxe6 3... Bxe6 4. Nf3 4... Bd6 5. d4 5... Qe7 6. Bd3 6...
Bg4 7. Qe2 7... Bxf3 8. gxf3 8... Nc6 9. Qxe7 9... Ngxe7 10. c3 10... O-O-O 11. f4 11... Nd5 12. Rg1 12... Rde8 13. Kf1 13... g6 14. Bc4 14... Nxf4 15. Bxf4 15... Bxf4 16. Bxf7 16... Re7 17. Bd5 17... Bxh2 18.
Rg2 18... Bd6 19. Nd2 19... Nd8 20. Nc4 20... Bf4 21. Re1 21... Rhe8 22.
Rxe7 22... Rxe7 23. f3 23... g5 24. Re2 24... Rxe2 25. Kxe2 25... h5 26.
Ne5 26... h4 27. Ng4 27... h3 28. Kf2 28... c6 29. Be4 29... Ne6 30.
Bf5 30... Kd7 31. Ne5 31... Ke7 32. Bxh3 32... Bxe5 33. dxe5 33... Nc5 34.
Ke3 34... a5 35. Bc8 35... b6 36. Bf5 36... Nb7 37. f4 37... gxf4 38.
Kxf4 38... Nc5 39. Bc2 39... Ne6 40. Kf5 40... Ng7 41. Ke4 41... Ke6 42.
Bb3 42... Kd7 43. c4 43... c5 44. Ba4 44... Ke6 45. a3 45... Nf5 46.
Bc2 46... Nd4 47. Bd3 47... Nb3 48. Kf4 48... Nc1 49. Bf5 49... Ke7 50.
e6 50... Ne2 51. Ke5 51... Nd4 52. Bb1 52... Nxe6 53. Bf5 53... Nd4 54.
Bb1 54... Nf3 55. Kd5 55... Nd4 56. Ba2 56... Kd7 57. Ke4 57... Kd6 58.
Bb1 58... Nb3 59. Bc2 59... Nd4 60. Bb1 60... Kc6 61. Ke5 61... Nf3 62.
Ke4 62... Nd2 63. Ke5 63... Nxb1 64. b3 64... Nxa3",1. 0:03:00 1... 0:03:00 2. 0:03:00 2... 0:03:01 3. 0:03:00 3... 0:03:03 4. 0:03:01 4... 0:03:04 5. 0:03:01 5... 0:03:05 6. 0:02:59 6... 0:02:34 7. 0:02:59 7... 0:02:35 8. 0:02:58 8... 0:02:19 9. 0:02:58 9... 0:02:17 10. 0:02:57 10... 0:02:14 11. 0:02:51 11... 0:02:05 12. 0:02:39 12... 0:01:54 13. 0:02:37 13... 0:01:49 14. 0:02:22 14... 0:01:45 15. 0:02:22 15... 0:01:45 16. 0:02:19 16... 0:01:45 17. 0:02:17 17... 0:01:41 18. 0:02:12 18... 0:01:30 19. 0:02:10 19... 0:01:23 20. 0:01:59 20... 0:01:14 21. 0:01:55 21... 0:01:11 22. 0:01:55 22... 0:01:12 23. 0:01:23 23... 0:01:11 24. 0:01:23 24... 0:01:08 25. 0:01:24 25... 0:01:09 26. 0:01:22 26... 0:01:07 27. 0:01:18 27... 0:01:05 28. 0:01:13 28... 0:00:59 29. 0:01:10 29... 0:00:44 30. 0:01:11 30... 0:00:44 31. 0:01:08 31... 0:00:32 32. 0:01:08 32... 0:00:23 33. 0:01:09 33... 0:00:21 34. 0:01:02 34... 0:00:12 35. 0:00:57 35... 0:00:10 36. 0:00:53 36... 0:00:08 37. 0:00:52 37... 0:00:07 38. 0:00:53 38... 0:00:07 39. 0:00:48 39... 0:00:07 40. 0:00:48 40... 0:00:08 41. 0:00:46 41... 0:00:09 42. 0:00:47 42... 0:00:08 43. 0:00:47 43... 0:00:09 44. 0:00:47 44... 0:00:09 45. 0:00:47 45... 0:00:09 46. 0:00:47 46... 0:00:10 47. 0:00:46 47... 0:00:10 48. 0:00:45 48... 0:00:10 49. 0:00:46 49... 0:00:11 50. 0:00:45 50... 0:00:12 51. 0:00:46 51... 0:00:13 52. 0:00:43 52... 0:00:13 53. 0:00:43 53... 0:00:14 54. 0:00:43 54... 0:00:15 55. 0:00:42 55... 0:00:12 56. 0:00:42 56... 0:00:11 57. 0:00:40 57... 0:00:12 58. 0:00:39 58... 0:00:10 59. 0:00:39 59... 0:00:11 60. 0:00:39 60... 0:00:10 61. 0:00:40 61... 0:00:10 62. 0:00:37 62... 0:00:11 63. 0:00:34 63... 0:00:10 64. 0:00:34 64... 0:00:10,
Rated Blitz game,https://lichess.org/SIe7PnXI,2024.08.01,-,BilldenataS,DerZahnarzt,1-0,2024.08.01,00:01:14,1863,1894,,,A00,Polish Opening,180+2,Normal,"1. b4 1... a5 2. b5 2... e5 3. Bb2 3... d6 4. e3 4... f5 5. c4 5... Nf6 6. Be2 6... g6 7. Nf3 7... Bg7 8. d4 8... e4 9. Nfd2 9...
d5 10. cxd5 10... Nxd5 11. O-O 11... Nd7 12. a4 12... O-O 13. Qb3 13... Nf6 14. Bc4 14... Be6 15. Nc3 15... c6 16.
Rac1 16... Kh8 17. h3 17... Nxc3 18. Rxc3 18... Bxc4 19. Nxc4 19... cxb5 20. Qxb5 20... Nd5 21. Rcc1 21... b6 22. Nxb6 22... Nxb6 23. Ba3 23... Re8 24. Rc6 24... Nd5 25.
Rd6 25... Qe7 26. Qxd5 26... Rab8 27. Bc5 27... Qb7 28. Qxb7 28... Rxb7 29. Ra6",1. 0:03:00 1... 0:03:00 2. 0:03:00 2... 0:02:56 3. 0:03:00 3... 0:02:57 4. 0:02:57 4... 0:02:58 5. 0:02:55 5... 0:02:59 6. 0:02:55 6... 0:03:00 7. 0:02:55 7... 0:03:01 8. 0:02:55 8... 0:02:51 9. 0:02:55 9... 0:02:50 10. 0:02:51 10... 0:02:50 11. 0:02:48 11... 0:02:45 12. 0:02:47 12... 0:02:43 13. 0:02:37 13... 0:02:41 14. 0:02:33 14... 0:02:42 15. 0:02:33 15... 0:02:29 16. 0:02:27 16... 0:02:29 17. 0:02:26 17... 0:02:29 18. 0:02:17 18... 0:02:30 19. 0:02:16 19... 0:02:30 20. 0:02:13 20... 0:02:24 21. 0:02:04 21... 0:02:24 22. 0:02:01 22... 0:02:22 23. 0:01:58 23... 0:02:20 24. 0:01:58 24... 0:02:17 25. 0:01:57 25... 0:02:02 26. 0:01:56 26... 0:01:25 27. 0:01:53 27... 0:01:21 28. 0:01:41 28... 0:01:23 29. 0:01:41,
Rated Blitz game,https://lichess.org/t6rnDLg4,2024.08.01,-,kxdie001,antomy,0-1,2024.08.01,00:01:14,1593,1602,,,C24,Bishop's Opening: Berlin Defense,180+2,Normal,"1. e4 1... e5 2. Bc4 2... Nf6 3. Bxf7 3... Kxf7 4. Nf3 4... Bc5 5. d4 5... exd4 6. Bg5 6...
h6 7. e5 7... hxg5 8.
exf6 8... Qxf6 9. O-O 9... g4 10. Nfd2 10... Qh4 11. h3 11... gxh3 12.
Qf3 12... Ke7 13. Re1 13... Kd8 14. gxh3 14... d6 15. Re4 15... Qxh3 16. Qxh3 16... Bxh3 17. Nf3 17... Bf5 18. Rf4 18... g6 19. Nbd2 19... Nc6 20. Ng5 20... Ne5 21. Re1 21... Kd7 22.
Nc4 22... Nxc4 23. Nf7 23... Rhf8 24. Nh6 24... Bxc2 25. Rxf8 25... Rxf8 26. Re7",1. 0:03:00 1... 0:03:00 2. 0:03:01 2... 0:03:01 3. 0:03:02 3... 0:03:01 4. 0:03:04 4... 0:02:44 5. 0:03:04 5... 0:02:34 6. 0:03:06 6... 0:02:33 7. 0:03:06 7... 0:02:32 8. 0:03:07 8... 0:02:31 9. 0:03:07 9... 0:02:18 10. 0:03:03 10... 0:02:14 11. 0:03:04 11... 0:02:13 12. 0:03:02 12... 0:01:52 13. 0:03:03 13... 0:01:52 14. 0:02:54 14... 0:01:36 15. 0:02:47 15... 0:01:34 16. 0:02:48 16... 0:01:24 17. 0:02:49 17... 0:01:09 18. 0:02:48 18... 0:01:07 19. 0:02:48 19... 0:01:03 20. 0:02:25 20... 0:01:01 21. 0:02:25 21... 0:00:53 22. 0:02:26 22... 0:00:49 23. 0:02:27 23... 0:00:41 24. 0:02:26 24... 0:00:37 25. 0:02:24 25... 0:00:39 26. 0:02:22,
Rated Blitz game,https://lichess.org/YJqszxA7,2024.08.01,-,Elshadethebest,MatheusIvan,1-0,2024.08.01,00:01:14,1487,1468,,,A13,English Opening: Agincourt Defense,180+2,Normal,"1. Nf3 1... d5 2. c4 2... e6 3. e3 3... Nf6 4. Be2 4... Nc6 5. Nc3 5... dxc4 6. Bxc4 6... Bc5 7. O-O 7... O-O 8. a3 8... a6 9. b4 9... Ba7 10. d4 10... b5 11.
Bb3 11... Bb7 12. Qd3 12... Ne7 13. Ne5 13... Rc8 14. Bb2 14... Ng6 15.
Nxg6 15... hxg6 16. Bc2 16... Nd5 17. Nxd5 17... Qxd5 18. e4 18... Qg5 19. Bc1 19... Qe7 20.
Be3 20... Rfd8 21. Rad1 21... e5 22. d5 22...
c6 23. Bxa7 23... cxd5 24. Bc5 24... Qc7 25. exd5 25... Rxd5 26. Qe2 26... Rxd1 27. Rxd1 27... Qc6 28. f3 28... a5 29.
Be4 29... Qc7 30. Bxb7 30... Qxb7 31. Qxe5 31... axb4 32. axb4",1. 0:03:00 1... 0:03:00 2. 0:03:01 2... 0:02:48 3. 0:02:57 3... 0:02:49 4. 0:02:57 4... 0:02:50 5. 0:02:54 5... 0:02:50 6. 0:02:54 6... 0:02:52 7. 0:02:55 7... 0:02:52 8. 0:02:48 8... 0:02:54 9. 0:02:49 9... 0:02:54 10. 0:02:50 10... 0:02:55 11. 0:02:47 11... 0:02:56 12. 0:02:34 12... 0:02:55 13. 0:02:22 13... 0:02:10 14. 0:02:22 14... 0:01:58 15. 0:02:21 15... 0:01:59 16. 0:02:05 16... 0:01:55 17. 0:02:00 17... 0:01:57 18. 0:01:59 18... 0:01:56 19. 0:01:52 19... 0:01:32 20. 0:01:46 20... 0:01:28 21. 0:01:38 21... 0:01:29 22. 0:01:35 22... 0:01:27 23. 0:01:34 23... 0:01:26 24. 0:01:23 24... 0:01:18 25. 0:01:17 25... 0:01:18 26. 0:01:15 26... 0:01:11 27. 0:01:15 27... 0:01:03 28. 0:01:14 28... 0:01:01 29. 0:01:09 29... 0:00:54 30. 0:01:05 30... 0:00:56 31. 0:00:55 31... 0:00:55 32. 0:00:56,
Rated Blitz game,https://lichess.org/6s7pkIOe,2024.08.01,-,vargas28,AzrimAzram,1-0,2024.08.01,00:01:14,1534,1530,,,B06,Modern Defense,180+2,Time forfeit,"1. e4 1... g6 2. d4 2... Bg7 3. e5 3... d6 4. Nf3 4... dxe5 5. c3 5... exd4 6. cxd4 6... Nf6 7. Nc3 7... O-O 8. Be3 8... c5 9. Bc4 9...
cxd4 10. Nxd4 10... Bg4 11. f3 11... Bd7 12.
O-O 12... Bc6 13. a4 13... Nbd7 14. Bf4 14... Nh5 15. Be3 15... Nb6 16.
Bb3 16... Nd5 17. Nxc6 17... bxc6 18. Nxd5 18... cxd5 19. Rb1 19... e6 20.
Bc5 20... Re8 21. g4 21... Nf6 22. g5 22... Nh5 23. f4 23... Qc7 24.
Be3 24... Rab8 25. Bc2 25... Rxb2 26. Rxb2 26... Bxb2 27. Qb1 27... Rb8 28.
Qa2 28... Bg7 29. Bd3 29... Qc3 30. Bxa7 30... Rb2 31. Qa1 31... Qb3 32.
Qd1 32... Ra2 33. Qxb3",1. 0:03:00 1... 0:03:00 2. 0:03:00 2... 0:03:00 3. 0:03:01 3... 0:03:01 4. 0:03:02 4... 0:03:02 5. 0:03:00 5... 0:03:02 6. 0:03:00 6... 0:03:03 7. 0:02:59 7... 0:03:04 8. 0:02:56 8... 0:02:59 9. 0:02:51 9... 0:02:59 10. 0:02:50 10... 0:02:49 11. 0:02:49 11... 0:02:47 12. 0:02:50 12... 0:02:46 13. 0:02:37 13... 0:02:41 14. 0:02:17 14... 0:02:27 15. 0:02:06 15... 0:02:25 16. 0:01:47 16... 0:02:15 17. 0:01:45 17... 0:02:09 18. 0:01:39 18... 0:02:06 19. 0:01:33 19... 0:01:59 20. 0:01:23 20... 0:01:56 21. 0:01:11 21... 0:01:43 22. 0:01:10 22... 0:01:42 23. 0:01:10 23... 0:01:36 24. 0:01:04 24... 0:01:27 25. 0:00:57 25... 0:01:08 26. 0:00:55 26... 0:01:08 27. 0:00:43 27... 0:00:48 28. 0:00:36 28... 0:00:38 29. 0:00:32 29... 0:00:29 30. 0:00:25 30... 0:00:20 31. 0:00:08 31... 0:00:09 32. 0:00:07 32... 0:00:05 33. 0:00:06,
Rated Blitz game,https://lichess.org/xVZxlrVy,2024.08.01,-,lvalencia1286,ruslan-sagaev,0-1,2024.08.01,00:01:14,1108,1061,,,A41,Queen's Pawn Game,180+2,Time forfeit,"1. d4 1... d6 2. Nf3 2... g6 3. e3 3... Bg7 4. c3 4... Nf6 5. Bd3 5... O-O 6. Nbd2 6... Nc6 7. O-O 7... e5 8. dxe5 8... Nxe5 9. Nxe5 9...
dxe5 10. Nf3 10... Qd6 11. Bc2 11... Rd8 12. Qxd6 12... Rxd6 13. Bb3 13... Bg4 14. Rd1 14... Bxf3 15. Rxd6 15... cxd6 16. gxf3 16... a5",1. 0:03:00 1... 0:03:00 2. 0:02:54 2... 0:03:01 3. 0:02:47 3... 0:02:59 4. 0:02:48 4... 0:02:58 5. 0:02:49 5... 0:02:58 6. 0:02:51 6... 0:02:54 7. 0:02:52 7... 0:02:55 8. 0:02:52 8... 0:02:53 9. 0:02:53 9... 0:02:55 10. 0:02:53 10... 0:02:52 11. 0:02:50 11... 0:02:50 12. 0:01:56 12... 0:02:49 13. 0:01:55 13... 0:02:37 14. 0:01:44 14... 0:02:34 15. 0:01:42 15... 0:02:31 16. 0:01:41 16... 0:02:20,
Rated Blitz game,https://lichess.org/eKjcGzq1,2024.08.01,-,fasterik,jogobanita,1-0,2024.08.01,00:01:14,1757,1702,,,C40,King's Pawn Game: McConnell Defense,180+2,Normal,"1. e4 1... e5 2. Nf3 2... Qf6 3. Nc3 3... c6 4. Bc4 4... Bc5 5. d3 5... h6 6. O-O 6... d6 7. Be3 7... Bb6 8. a4 8... Ne7 9. a5 9...
Bc7 10. d4 10... exd4 11. Nxd4 11... O-O 12. f4 12... Qh4 13. Qf3 13... Kh8 14. f5 14... Nd7 15. Rae1 15... Ne5 16.
Qe2 16... Bxa5 17. Nf3 17... Nxf3 18. Rxf3 18... Bxc3 19. bxc3 19... Qxe4 20. Rh3 20... Bxf5 21. Bd3 21... Qe6 22. Qh5 22... Bxh3 23. gxh3 23... Qd5 24. Qg4 24... Ng6 25.
Bxg6 25... fxg6 26. Qxg6 26... Qf5 27. Qxd6 27... Rfe8 28. Qg3 28... Rad8 29. Bd4 29... Rd7 30.
Rxe8 30... Kh7 31. Qd3 31... Qxd3 32. cxd3 32... c5 33. Bxc5 33... Rxd3 34. Re3 34... Rd1 35.
Kf2 35... Rd5 36. Bd4 36... b6 37. Re7 37... Rf5 38. Kg3 38... Rg5 39.
Kf3 39... Rf5 40. Ke3 40... Rg5 41. Be5 41... a5 42. Bg3 42... b5 43.
Re5 43... Rxe5 44. Bxe5 44... a4 45. Kd2 45...
Kg6 46. Kc2 46... Kf5 47. Bd4 47... Kf4 48. Kb2 48... g6 49. Ka3 49...
Kf3 50. Kb4 50... Kg2 51. Be5 51... Kxh3 52. Kxb5 52... a3 53. c4 53...
Kg4 54. c5 54... h5 55. c6",1. 0:03:00 1... 0:03:00 2. 0:03:01 2... 0:03:01 3. 0:02:59 3... 0:03:00 4. 0:02:52 4... 0:02:59 5. 0:02:51 5... 0:02:59 6. 0:02:49 6... 0:03:00 7. 0:02:49 7... 0:03:01 8. 0:02:45 8... 0:03:01 9. 0:02:46 9... 0:03:01 10. 0:02:42 10... 0:03:02 11. 0:02:44 11... 0:03:02 12. 0:02:23 12... 0:02:57 13. 0:01:58 13... 0:02:53 14. 0:01:55 14... 0:02:41 15. 0:01:38 15... 0:02:40 16. 0:01:34 16... 0:02:30 17. 0:01:22 17... 0:02:25 18. 0:01:22 18... 0:02:17 19. 0:01:20 19... 0:02:03 20. 0:01:18 20... 0:01:49 21. 0:01:06 21... 0:01:29 22. 0:00:57 22... 0:01:17 23. 0:00:51 23... 0:01:03 24. 0:00:42 24... 0:00:39 25. 0:00:40 25... 0:00:41 26. 0:00:37 26... 0:00:22 27. 0:00:33 27... 0:00:13 28. 0:00:17 28... 0:00:09 29. 0:00:16 29... 0:00:08 30. 0:00:15 30... 0:00:09 31. 0:00:12 31... 0:00:08 32. 0:00:14 32... 0:00:08 33. 0:00:12 33... 0:00:09 34. 0:00:12 34... 0:00:09 35. 0:00:12 35... 0:00:10 36. 0:00:13 36... 0:00:10 37. 0:00:13 37... 0:00:09 38. 0:00:13 38... 0:00:10 39. 0:00:13 39... 0:00:10 40. 0:00:13 40... 0:00:10 41. 0:00:10 41... 0:00:09 42. 0:00:09 42... 0:00:10 43. 0:00:09 43... 0:00:10 44. 0:00:11 44... 0:00:11 45. 0:00:10 45... 0:00:11 46. 0:00:11 46... 0:00:13 47. 0:00:12 47... 0:00:13 48. 0:00:12 48... 0:00:13 49. 0:00:13 49... 0:00:13 50. 0:00:13 50... 0:00:14 51. 0:00:15 51... 0:00:14 52. 0:00:14 52... 0:00:15 53. 0:00:15 53... 0:00:16 54. 0:00:16 54... 0:00:16 55. 0:00:17,
Rated Blitz game,https://lichess.org/MMvJoqTo,2024.08.01,-,erimar-giuriato,angus_valo,0-1,2024.08.01,00:01:32,1488,1489,,,C44,"Scotch Game: Scotch Gambit, Dubois Réti Defense",180+2,Time forfeit,"1. e4 1... e5 2. Nf3 2... Nc6 3. Bc4 3... Nf6 4. d4 4... exd4 5.
Nxd4 5... Nxe4 6. O-O 6... Nd6 7. Re1 7... Be7 8. Nxc6 8... bxc6 9.
Bd3 9... O-O 10. Nc3 10... Bb7 11. Ne4 11... Nxe4 12. Bxe4 12... Re8 13.
Be3 13... Bb4 14. c3 14... Ba5 15. b4 15... Bb6 16. Bxb6 16... cxb6 17. Bf3 17... Qf6 18. Rc1 18... a5 19. Qxd7 19... Rxe1 20. Rxe1 20... Rf8 21. Qxb7 21... Qxc3 22. Rf1 22... Qxb4 23. Qxc6 23... b5 24. Be2 24...
Rb8 25. Rd1 25... Qb2 26. Bxb5 26... Qxa2 27. Qc5 27... Qe6 28. Rf1 28... Rc8 29. Qe3 29... Qf6 30. Re1 30... g6 31.
Qf3 31... Qb6 32. Re8 32... Rxe8 33. Bxe8 33... Qb1",1. 0:03:00 1... 0:03:00 2. 0:03:01 2... 0:03:02 3. 0:03:02 3... 0:03:03 4. 0:03:00 4... 0:03:04 5. 0:03:00 5... 0:02:55 6. 0:03:00 6... 0:02:49 7. 0:02:57 7... 0:02:51 8. 0:02:34 8... 0:02:50 9. 0:02:13 9... 0:02:47 10. 0:02:10 10... 0:02:48 11. 0:02:10 11... 0:02:48 12. 0:02:09 12... 0:02:41 13. 0:02:06 13... 0:02:28 14. 0:02:04 14... 0:02:28 15. 0:01:59 15... 0:02:28 16. 0:01:55 16... 0:02:16 17. 0:01:46 17... 0:02:15 18. 0:01:40 18... 0:01:30 19. 0:01:37 19... 0:00:55 20. 0:01:30 20... 0:00:22 21. 0:01:27 21... 0:00:24 22. 0:01:16 22... 0:00:23 23. 0:01:11 23... 0:00:19 24. 0:01:07 24... 0:00:17 25. 0:00:48 25... 0:00:15 26. 0:00:39 26... 0:00:05 27. 0:00:33 27... 0:00:05 28. 0:00:32 28... 0:00:05 29. 0:00:26 29... 0:00:05 30. 0:00:23 30... 0:00:05 31. 0:00:19 31... 0:00:04 32. 0:00:16 32... 0:00:05 33. 0:00:16 33... 0:00:05,
Rated Blitz game,https://lichess.org/9lIIdtsf,2024.08.01,-,vllaznimabazi123,yurisepp,1-0,2024.08.01,00:01:32,1883,1881,,,B33,"Sicilian Defense: Lasker-Pelikan Variation, Retreat Variation",180+2,Time forfeit,"1. Nf3 1... c5 2. d4 2... cxd4 3. Nxd4 3... e5 4. Nf3 4... Nc6 5. Nc3 5... Nf6 6. e4 6...
Bb4 7. Bd2 7... Bxc3 8. Bxc3 8... d6 9. Bd3 9... Bg4 10. O-O 10... O-O 11. Qd2 11... Bxf3 12.
gxf3 12... Nh5 13. Kh1 13... Nf4 14. Rg1 14... g6 15. Bb5 15... Qh4 16.
Rad1 16... Rad8 17. Rg4 17... Qh3 18. Rg3 18... Qh5 19. Rdg1 19... a6 20. Bf1 20... b5 21.
Qe3 21... Rb8 22. b4 22... Rfd8 23. a3 23... Kf8 24. Rg5 24... Qh6 25.
R5g3 25... Qh4 26. a4 26... bxa4 27. Bxa6 27... Nxb4 28. Bc4 28... Nxc2 29.
Qd2 29... Rbc8 30. Bb5 30... Nd4 31. Bxa4 31... Nde6 32. Bb3 32... Nc5 33.
Bc2 33... Ra8 34. Bb4 34... Rac8 35. Bd1",1. 0:03:00 1... 0:03:00 2. 0:03:01 2... 0:02:59 3. 0:03:02 3... 0:02:59 4. 0:03:02 4... 0:02:59 5. 0:03:01 5... 0:02:57 6. 0:03:02 6... 0:02:56 7. 0:03:02 7... 0:02:55 8. 0:02:59 8... 0:02:50 9. 0:02:57 9... 0:02:48 10. 0:02:57 10... 0:02:45 11. 0:02:56 11... 0:02:44 12. 0:02:56 12... 0:02:38 13. 0:02:51 13... 0:02:37 14. 0:02:50 14... 0:02:30 15. 0:02:50 15... 0:02:22 16. 0:02:44 16... 0:02:14 17. 0:02:35 17... 0:02:08 18. 0:02:32 18... 0:02:07 19. 0:02:30 19... 0:02:05 20. 0:02:27 20... 0:01:59 21. 0:02:25 21... 0:01:39 22. 0:02:23 22... 0:01:34 23. 0:02:20 23... 0:01:23 24. 0:02:14 24... 0:01:21 25. 0:01:56 25... 0:01:11 26. 0:01:55 26... 0:00:52 27. 0:01:55 27... 0:00:51 28. 0:01:44 28... 0:00:46 29. 0:01:42 29... 0:00:29 30. 0:01:35 30... 0:00:21 31. 0:01:30 31... 0:00:17 32. 0:01:27 32... 0:00:08 33. 0:01:24 33... 0:00:05 34. 0:01:24 34... 0:00:03 35. 0:01:20,
Rated Blitz game,https://lichess.org/GjpBgSK2,2024.08.01,-,AMM7,luca_b98,1-0,2024.08.01,00:01:32,1188,1181,,,C24,Bishop's Opening: Vienna Hybrid,180+2,Normal,"1. e4 1... e5 2. Bc4 2... Nc6 3. d3 3... Nf6 4. Nc3 4... Bc5 5. f4 5... exf4 6. Nf3 6...
d6 7. Nh4 7... O-O 8.
Bxf4 8... h6 9. Qf3 9... g5 10. Bxg5 10... hxg5 11. Nf5 11... Bxf5 12.
Qxf5 12... Nd4 13. Qxg5 13... Kh8 14. O-O-O 14... Rg8 15. Qh6 15... Nh7 16. Bxf7 16... Rf8 17.
Bg6 17... Qf6 18. Qxh7",1. 0:03:00 1... 0:03:00 2. 0:03:01 2... 0:03:01 3. 0:03:02 3... 0:03:02 4. 0:03:03 4... 0:03:03 5. 0:03:03 5... 0:02:57 6. 0:03:03 6... 0:02:51 7. 0:02:59 7... 0:02:43 8. 0:02:59 8... 0:02:37 9. 0:02:55 9... 0:02:33 10. 0:02:48 10... 0:02:34 11. 0:02:49 11... 0:02:20 12. 0:02:48 12... 0:02:11 13. 0:02:47 13... 0:02:08 14. 0:02:47 14... 0:01:59 15. 0:02:43 15... 0:01:56 16. 0:02:35 16... 0:01:49 17. 0:02:35 17... 0:01:44 18. 0:02:33,
Rated Blitz game,https://lichess.org/uVFg2Miu,2024.08.01,-,loongr,Adn16031995,0-1,2024.08.01,00:01:32,1608,1632,,,A40,Horwitz Defense,180+2,Normal,"1. d4 1... e6 2. c4 2... c6 3. Nc3 3... Ne7 4. e3 4... d5 5. cxd5 5... Nxd5 6. Nf3 6...
Be7 7. Bc4 7... Bf6 8.
O-O 8... O-O 9. Ne4 9... a6 10. Nxf6 10... Qxf6 11. Qb3 11... Nd7 12.
Bd2 12... N7b6 13. Be2 13... Nd7 14. Rfc1 14... Qd8 15. a4 15... N7f6 16.
Bc4 16... Ne4 17. Bb4 17... Re8 18. Bxd5 18... cxd5 19. Ne5 19... Bd7 20.
Nxd7 20... Qxd7 21. f3 21... Nf6 22. Rc2 22... Rac8 23. Rac1 23... Rxc2 24. Rxc2 24... Rc8 25. Rxc8 25... Qxc8 26. Be7 26... Nd7 27. g4 27... g6 28. Kf2 28... b6 29.
Ba3 29... a5 30. Qc3 30... Qxc3 31. bxc3 31... f6 32. e4 32... dxe4 33.
fxe4 33... Kf7 34. Bd6 34... g5 35. Ke3 35... Kg6 36. e5 36... f5 37.
gxf5 37... Kxf5 38. c4 38... h5 39. c5 39...
bxc5 40. dxc5 40... Nxe5 41. Bc7 41... Nc6 42.
Kf3 42... e5 43. Ke3 43... h4 44. Kf3 44... e4 45. Ke3 45... g4 46.
Bd8",1. 0:03:00 1... 0:03:00 2. 0:03:00 2... 0:03:02 3. 0:03:00 3... 0:03:03 4. 0:03:01 4... 0:03:04 5. 0:03:02 5... 0:03:04 6. 0:03:01 6... 0:02:58 7. 0:03:00 7... 0:02:56 8. 0:03:00 8... 0:02:56 9. 0:02:57 9... 0:02:45 10. 0:02:56 10... 0:02:47 11. 0:02:50 11... 0:02:38 12. 0:02:49 12... 0:02:36 13. 0:02:46 13... 0:02:24 14. 0:02:42 14... 0:02:15 15. 0:02:38 15... 0:02:14 16. 0:02:34 16... 0:02:11 17. 0:02:23 17... 0:02:10 18. 0:02:18 18... 0:02:12 19. 0:02:19 19... 0:02:00 20. 0:02:02 20... 0:02:02 21. 0:02:00 21... 0:01:53 22. 0:01:55 22... 0:01:53 23. 0:01:55 23... 0:01:54 24. 0:01:56 24... 0:01:55 25. 0:01:54 25... 0:01:57 26. 0:01:54 26... 0:01:45 27. 0:01:46 27... 0:01:34 28. 0:01:39 28... 0:01:32 29. 0:01:29 29... 0:01:30 30. 0:01:26 30... 0:01:20 31. 0:01:28 31... 0:01:18 32. 0:01:28 32... 0:01:15 33. 0:01:30 33... 0:01:15 34. 0:01:29 34... 0:01:03 35. 0:01:28 35... 0:01:00 36. 0:01:24 36... 0:00:55 37. 0:01:23 37... 0:00:57 38. 0:01:17 38... 0:00:57 39. 0:01:17 39... 0:00:56 40. 0:01:19 40... 0:00:55 41. 0:00:53 41... 0:00:53 42. 0:00:36 42... 0:00:53 43. 0:00:32 43... 0:00:49 44. 0:00:25 44... 0:00:48 45. 0:00:25 45... 0:00:49 46. 0:00:21,
Rated Blitz game,https://lichess.org/hV3YpPZv,2024.08.01,-,LucasUAlt,ItsNotMate,0-1,2024.08.01,00:01:32,1178,1156,,,C26,Vienna Game: Mengarini Variation,180+2,Normal,"1. e4 1... e5 2. Nc3 2... Nf6 3. a3 3... Bc5 4. h3 4... Nc6 5. Bc4 5... O-O 6. d3 6... d6 7. Nf3 7... Be6 8. Bb5 8... Nd4 9. Nxd4 9...
exd4 10. Ne2 10... c6 11. Ba4 11... b5 12. Bb3 12... Bxb3 13. cxb3 13... d5 14. a4 14... dxe4 15. dxe4 15... Nxe4 16. axb5 16... cxb5 17. O-O 17... Qh4 18. Ng3 18... Nxg3 19. fxg3 19... Qxg3 20. Qf3 20... d3 21.
Kh1 21... Qxf3 22. Rxf3 22... Rae8 23. Rxd3 23... Re1 24. Kh2 24... Bg1 25. Kg3 25... f5 26.
Bf4 26... Rxa1 27. Bd6 27... Rf1 28. Bxf8 28... Kxf8 29. Rd8 29... Ke7 30.
Ra8 30... f4 31. Kg4 31... Be3 32. Rb8 32... a6 33. Ra8 33... Rb1 34.
Rxa6 34... Rxb2 35. Ra8 35... Rxg2 36. Kf3 36... Rg3 37. Ke4 37... Rxh3 38. Rg8 38... Bc1 39.
Rxg7 39... Kf6 40. Rb7 40... f3 41. Rb6 41... Kg7 42. Rxb5 42... f2 43. Rf5 43... Rh2 44.
Kf3 44... f1=Q 45. Ke4 45... Qxf5 46. Kxf5 46... Rg2 47. Ke5 47... Ba3 48. b4 48... Bxb4 49.
Ke4 49... Be1 50. Kf3 50... Rg6 51. Ke2 51... Bg3 52. Kf3 52... h5 53.
Kg2 53... h4 54. Kh3 54... Be1",1. 0:03:00 1... 0:03:00 2. 0:03:01 2... 0:02:59 3. 0:03:02 3... 0:02:56 4. 0:03:03 4... 0:02:56 5. 0:03:04 5... 0:02:56 6. 0:03:05 6... 0:02:57 7. 0:03:06 7... 0:02:56 8. 0:03:03 8... 0:02:50 9. 0:03:03 9... 0:02:43 10. 0:03:03 10... 0:02:40 11. 0:03:04 11... 0:02:39 12. 0:03:05 12... 0:02:39 13. 0:03:07 13... 0:02:37 14. 0:03:08 14... 0:02:35 15. 0:03:08 15... 0:02:37 16. 0:03:08 16... 0:02:32 17. 0:03:06 17... 0:02:28 18. 0:03:06 18... 0:02:25 19. 0:03:08 19... 0:02:25 20. 0:03:07 20... 0:02:12 21. 0:03:07 21... 0:02:06 22. 0:03:07 22... 0:02:04 23. 0:03:05 23... 0:02:05 24. 0:03:01 24... 0:02:05 25. 0:03:02 25... 0:01:41 26. 0:03:03 26... 0:01:39 27. 0:03:00 27... 0:01:28 28. 0:02:59 28... 0:01:28 29. 0:03:00 29... 0:01:28 30. 0:03:00 30... 0:01:24 31. 0:02:58 31... 0:01:06 32. 0:02:50 32... 0:01:05 33. 0:02:50 33... 0:00:58 34. 0:02:49 34... 0:00:59 35. 0:02:49 35... 0:01:00 36. 0:02:49 36... 0:00:58 37. 0:02:49 37... 0:00:58 38. 0:02:46 38... 0:00:48 39. 0:02:46 39... 0:00:47 40. 0:02:44 40... 0:00:44 41. 0:02:42 41... 0:00:42 42. 0:02:43 42... 0:00:42 43. 0:02:44 43... 0:00:38 44. 0:02:43 44... 0:00:33 45. 0:02:44 45... 0:00:33 46. 0:02:45 46... 0:00:32 47. 0:02:46 47... 0:00:31 48. 0:02:48 48... 0:00:32 49. 0:02:39 49... 0:00:32 50. 0:02:40 50... 0:00:31 51. 0:02:39 51... 0:00:30 52. 0:02:40 52... 0:00:31 53. 0:02:40 53... 0:00:31 54. 0:02:42 54... 0:00:27,
Rated Blitz game,https://lichess.org/sq04SpYf,2024.08.01,-,Slava_Batyaev,SunnyDays7,1-0,2024.08.01,00:01:32,2360,2263,,,B35,"Sicilian Defense: Accelerated Dragon, Modern Bc4 Variation",180+2,Normal,"1. e4 1... c5 2. Nf3 2... g6 3. d4 3... cxd4 4. Nxd4 4... Nc6 5. Nc3 5... Bg7 6. Be3 6... Nf6 7. Bc4 7... O-O 8. Bb3 8... Re8 9. f3 9... d5 10. exd5 10...
Nb4 11. O-O 11... Nbxd5 12. Nxd5 12... Nxd5 13. Bf2 13... e5 14. Nb5 14...
Be6 15. c4 15... Nb4 16. Nd6 16... Rf8 17. c5 17... Bxb3 18. Qxb3 18...
Nc6 19. Qxb7 19... Nd4 20. Bxd4 20... exd4 21.
Qd5 21... Rc8 22. b4 22...
Rc6",1. 0:03:00 0. 0:03:00 1... 0:03:01 0. 0:03:00 2. 0:03:02 0. 0:03:01 2... 0:03:03 0. 0:03:01 3. 0:03:04 0. 0:03:00 3... 0:03:05 0. 0:03:01 4. 0:03:05 0. 0:03:02 4... 0:03:06 0. 0:03:03 5. 0:03:08 0. 0:03:01 5... 0:03:08 0. 0:03:01 6. 0:03:06 0. 0:02:56 6... 0:03:06 0. 0:02:57 7. 0:03:07 0. 0:02:26 7... 0:03:07 0. 0:02:27 8. 0:03:05 0. 0:02:18 8... 0:03:04 0. 0:02:13 9. 0:03:02 0. 0:02:10 9... 0:03:03 0. 0:01:52 10. 0:03:03 0. 0:01:53 10... 0:02:51 0. 0:01:54 11. 0:02:52 0. 0:01:51 11... 0:02:53 0. 0:01:51,
Rated Blitz game,https://lichess.org/YDUKxGok,2024.08.01,-,spartak_55555,Chesss_2021,0-1,2024.08.01,00:01:32,2045,1965,,,B00,Owen Defense,180+2,Time forfeit,"1. e4 1... b6 2. d4 2... Bb7 3. Bd3 3... e6 4. Be3 4... Nf6 5. Nd2 5... c5 6. c3 6...
cxd4 7. cxd4 7... Bb4 8. f3 8... O-O 9. Ne2 9... Nc6 10. Nc3 10... a6 11. Qe2 11... Rc8 12.
a3 12... Be7 13. O-O 13... b5 14. f4 14... b4 15. axb4 15... Nxb4 16. Bxa6 16... Bxa6 17. Rxa6 17... Nxa6 18. Qxa6 18... d5 19. e5 19... Ne4 20. Ndxe4 20... dxe4 21. Nxe4 21... Qd7 22. Qd3 22... Qd5 23. Bd2 23... Rc6 24. Bc3 24... Rfc8 25. Nf2 25... Qc4 26.
Qf3 26... Bb4 27. f5 27... Bxc3 28. bxc3 28... exf5 29. Qxf5 29... Qxc3 30. d5 30... Rc5 31. e6 31... fxe6 32. Qxe6 32... Kh8 33. Ne4 33... Qd4 34. Kh1 34... Rc1 35.
Ng3 35... Rxf1 36. Nxf1 36... Qc4 37. Kg1 37... Qc5 38. Kh1 38... Rf8 39. Qe2 39... Qxd5 40.
h3 40... h6 41. Kh2 41... Qd6 42. Ng3 42... Rd8 43. h4 43... Qf4 44.
Kh3 44... Rd4 45. Qe7 45... Qg4 46. Kh2 46... Rd3 47. Nf1 47... Rd7 48.
Qe8 48... Kh7 49. Qe1 49... Rd1 50. Qf2 50... Rd4 51. g3 51... Qd7",1. 0:03:00 1... 0:03:00 2. 0:03:01 2... 0:03:01 3. 0:03:02 3... 0:03:01 4. 0:03:02 4... 0:03:02 5. 0:03:04 5... 0:03:00 6. 0:03:04 6... 0:03:01 7. 0:03:05 7... 0:03:02 8. 0:03:05 8... 0:02:54 9. 0:03:05 9... 0:02:48 10. 0:03:02 10... 0:02:44 11. 0:03:02 11... 0:02:42 12. 0:03:02 12... 0:02:43 13. 0:02:49 13... 0:02:37 14. 0:02:46 14... 0:02:28 15. 0:02:41 15... 0:02:28 16. 0:02:35 16... 0:02:22 17. 0:02:31 17... 0:02:22 18. 0:02:33 18... 0:02:15 19. 0:02:33 19... 0:02:16 20. 0:02:32 20... 0:02:18 21. 0:02:32 21... 0:02:08 22. 0:02:18 22... 0:02:08 23. 0:02:11 23... 0:02:02 24. 0:02:11 24... 0:02:02 25. 0:02:03 25... 0:01:56 26. 0:01:56 26... 0:01:56 27. 0:01:39 27... 0:01:57 28. 0:01:40 28... 0:01:56 29. 0:01:38 29... 0:01:57 30. 0:01:31 30... 0:01:52 31. 0:01:29 31... 0:01:43 32. 0:01:24 32... 0:01:43 33. 0:01:17 33... 0:01:43 34. 0:01:16 34... 0:01:40 35. 0:00:34 35... 0:01:25 36. 0:00:34 36... 0:01:27 37. 0:00:33 37... 0:01:22 38. 0:00:31 38... 0:01:20 39. 0:00:20 39... 0:01:17 40. 0:00:21 40... 0:01:17 41. 0:00:21 41... 0:01:13 42. 0:00:20 42... 0:01:12 43. 0:00:18 43... 0:01:10 44. 0:00:17 44... 0:00:58 45. 0:00:15 45... 0:00:53 46. 0:00:15 46... 0:00:39 47. 0:00:11 47... 0:00:30 48. 0:00:10 48... 0:00:31 49. 0:00:07 49... 0:00:26 50. 0:00:03 50... 0:00:21 51. 0:00:02 51... 0:00:19,
Rated Blitz game,https://lichess.org/3TUYmX2j,2024.08.01,-,RaphateXI,Santoshpal,0-1,2024.08.01,00:01:32,2031,1957,,,B12,"Caro-Kann Defense: Advance Variation, Botvinnik-Carls Defense",180+2,Normal,"1. e4 1... c6 2. d4 2... d5 3.
e5 3... c5 4.
dxc5 4... Nc6 5.
f4 5... Bf5 6. Nc3 6... e6 7. Bb5 7... Bxc5 8. Nge2 8... Qb6 9. Rf1 9... O-O-O 10. Bxc6 10... Qxc6 11. Rf3 11... d4 12.
Nb1 12... Be4 13. Rg3 13... Ne7 14. Nd2 14... Bxg2 15. a3 15... Nf5 16. Rb3 16... Ne3",1. 0:03:00 0. 0:03:00 1... 0:03:00 0. 0:03:01 2. 0:03:01 0. 0:03:01 2... 0:03:00 0. 0:03:00 3. 0:02:58 0. 0:02:55 3... 0:02:53 0. 0:02:55 4. 0:02:43 0. 0:02:53 4... 0:02:32 0. 0:02:09 5. 0:02:15 0. 0:01:50 5... 0:02:14 1. 0:01:46 6. 0:02:07 0. 0:01:31 6... 0:02:01 0. 0:01:07 7. 0:01:52 0. 0:00:47 7... 0:01:45 0. 0:00:36 8. 0:01:27 1. 0:00:36 8... 0:01:23 1. 0:00:27,
Rated Blitz game,https://lichess.org/9jc4lMNl,2024.08.01,-,salzamt,Galuccis,1-0,2024.08.01,00:01:32,1759,1765,,,C42,"Russian Game: Classical Attack, Marshall Variation",180+2,Normal,"1. e4 1... e5 2. Nf3 2... Nf6 3. Nxe5 3... d6 4. Nf3 4... Nxe4 5. d4 5... d5 6. Bd3 6...
Bd6 7. O-O 7... O-O 8.
Re1 8... Bf5 9. Nbd2 9... Nxd2 10. Qxd2 10... Bg6 11. Bxg6 11... fxg6 12. c3 12... Nd7 13. Qg5 13... c6 14. Qg4 14...
Nf6 15. Qh3 15... Ne4 16. Rxe4 16... dxe4 17. Ng5 17... h6 18. Ne6 18...
Qd7 19. Nxf8 19... Qxh3 20. gxh3 20... Rxf8 21. Be3 21... Rf3 22. Kg2 22... Bf4 23. Re1 23... Bxe3 24. fxe3 24... Kf7 25. Re2 25... g5 26.
c4 26... Ke6 27. b4 27... b6 28. a4 28... a6 29. c5 29... bxc5 30.
bxc5 30... Kd5 31. a5 31... Kc4 32. Rb2 32... Rxe3 33. Rb6 33... Kxd4 34.
Rxa6 34... Kxc5 35. Ra8 35... Ra3 36. a6 36...
e3 37. a7 37... e2 38.
Kf2 38... Ra2 39. Ke1 39... Kd4 40. Rd8 40... Ke3 41. Re8 41... Kf3 42.
a8=Q 42... Rxa8 43. Rxa8 43... Kg2 44. Kxe2 44... Kxh2 45. Rg8 45... Kxh3 46. Rxg7 46... Kg4 47.
Rg6 47... h5 48. Rxc6 48... Kg3 49. Kf1 49... g4 50. Kg1 50... h4 51.
Rc3 51... Kf4 52. Kg2 52... h3 53. Kh2 53... Kg5 54. Kg3 54... Kh5 55.
Rc5 55... Kg6 56. Kxg4 56... h2 57. Rc1 57...
Kh6 58. Rh1 58... Kg6 59. Rxh2 59... Kf6 60. Rh5 60... Ke6 61. Kf4 61... Kf6 62. Rh6 62... Ke7 63. Kf5 63... Kd7 64.
Ke5 64... Kc7 65. Kd5 65... Kb7 66. Kc5 66... Kc7 67. Rh7 67... Kd8 68.
Kc6 68... Ke8 69. Kd6 69... Kf8 70. Ke6 70... Kg8 71. Ra7 71... Kf8 72.
Rb7 72... Kg8 73. Kf6 73... Kh8 74. Kg6 74... Kg8 75. Rb8",1. 0:03:00 1... 0:03:00 2. 0:03:00 2... 0:03:00 3. 0:02:59 3... 0:03:02 4. 0:03:00 4... 0:03:03 5. 0:03:01 5... 0:03:04 6. 0:03:02 6... 0:03:05 7. 0:03:04 7... 0:03:06 8. 0:03:05 8... 0:03:06 9. 0:03:02 9... 0:03:07 10. 0:03:02 10... 0:03:06 11. 0:02:50 11... 0:03:08 12. 0:02:44 12... 0:03:08 13. 0:02:42 13... 0:03:08 14. 0:02:32 14... 0:03:05 15. 0:02:27 15... 0:03:03 16. 0:01:45 16... 0:03:03 17. 0:01:47 17... 0:02:45 18. 0:01:47 18... 0:02:45 19. 0:01:40 19... 0:02:47 20. 0:01:40 20... 0:02:49 21. 0:01:33 21... 0:02:50 22. 0:01:32 22... 0:02:45 23. 0:01:29 23... 0:02:44 24. 0:01:27 24... 0:02:45 25. 0:01:14 25... 0:02:45 26. 0:01:07 26... 0:02:45 27. 0:01:04 27... 0:02:46 28. 0:01:05 28... 0:02:46 29. 0:00:55 29... 0:02:45 30. 0:00:49 30... 0:02:41 31. 0:00:44 31... 0:02:38 32. 0:00:45 32... 0:02:37 33. 0:00:41 33... 0:02:26 34. 0:00:40 34... 0:02:25 35. 0:00:41 35... 0:02:23 36. 0:00:41 36... 0:02:23 37. 0:00:41 37... 0:02:23 38. 0:00:41 38... 0:02:21 39. 0:00:42 39... 0:02:22 40. 0:00:41 40... 0:02:20 41. 0:00:28 41... 0:02:15 42. 0:00:26 42... 0:02:12 43. 0:00:25 43... 0:02:07 44. 0:00:19 44... 0:02:09 45. 0:00:20 45... 0:02:10 46. 0:00:21 46... 0:02:11 47. 0:00:21 47... 0:02:13 48. 0:00:21 48... 0:02:14 49. 0:00:22 49... 0:02:15 50. 0:00:22 50... 0:02:15 51. 0:00:22 51... 0:02:16 52. 0:00:23 52... 0:02:16 53. 0:00:23 53... 0:02:16 54. 0:00:24 54... 0:02:12 55. 0:00:24 55... 0:02:13 56. 0:00:24 56... 0:02:14 57. 0:00:24 57... 0:02:15 58. 0:00:26 58... 0:02:16 59. 0:00:27 59... 0:02:17 60. 0:00:28 60... 0:02:18 61. 0:00:29 61... 0:02:19 62. 0:00:30 62... 0:02:18 63. 0:00:30 63... 0:02:19 64. 0:00:31 64... 0:02:20 65. 0:00:33 65... 0:02:21 66. 0:00:34 66... 0:02:22 67. 0:00:35 67... 0:02:23 68. 0:00:35 68... 0:02:25 69. 0:00:36 69... 0:02:26 70. 0:00:37 70... 0:02:28 71. 0:00:38 71... 0:02:28 72. 0:00:38 72... 0:02:27 73. 0:00:39 73... 0:02:28 74. 0:00:40 74... 0:02:26 75. 0:00:40,
Rated Blitz game,https://lichess.org/x1ZxgN9v,2024.08.01,-,salvezy_29,leknolash,0-1,2024.08.01,00:01:32,1672,1647,,,D02,Queen's Pawn Game: Chigorin Variation,180+2,Normal,"1. d4 1... d5 2. Nf3 2... Nc6 3. e3 3... Bg4 4. Be2 4... e6 5. Nbd2 5... Bd6 6. O-O 6...
Nf6 7. h3 7... Bh5 8.
b3 8... Qd7 9. Bb2 9... Ne4 10. Nxe4 10... dxe4 11. Ne5 11... Bxe2 12.
Qxe2 12... Bxe5 13. dxe5 13... Qe7 14. Qc4 14... Qh4 15. f3 15... O-O-O 16. Rad1 16... Qg5 17.
Qxe4 17... g6 18. f4 18... Qe7 19. Qf3 19... Qc5 20. c4 20... Nb4 21.
Ba3 21... a5 22. Bxb4 22... Qxb4 23. Rxd8 23... Rxd8 24. Rd1 24... Qc3 25.
Rxd8 25... Kxd8 26. Qd1 26... Kc8 27. Kf2 27... a4 28. Ke2 28... Qb2 29. Qd2 29... Qa3 30.
b4 30... h5 31. h4 31... b6 32. b5 32... Qc5 33. Qc2 33... Qb4 34.
Kf3 34... a3 35. Qb3 35... Qxb3",1. 0:03:00 1... 0:03:00 2. 0:03:01 2... 0:03:01 3. 0:03:00 3... 0:03:03 4. 0:02:57 4... 0:03:04 5. 0:02:53 5... 0:03:05 6. 0:02:54 6... 0:03:07 7. 0:02:54 7... 0:03:08 8. 0:02:55 8... 0:03:02 9. 0:02:55 9... 0:03:02 10. 0:02:50 10... 0:03:04 11. 0:02:51 11... 0:03:03 12. 0:02:51 12... 0:02:58 13. 0:02:52 13... 0:02:55 14. 0:02:47 14... 0:02:53 15. 0:02:37 15... 0:02:46 16. 0:02:28 16... 0:02:21 17. 0:02:24 17... 0:02:04 18. 0:02:23 18... 0:02:03 19. 0:02:11 19... 0:02:04 20. 0:02:04 20... 0:02:01 21. 0:01:54 21... 0:01:55 22. 0:01:43 22... 0:01:49 23. 0:01:41 23... 0:01:49 24. 0:01:43 24... 0:01:42 25. 0:01:41 25... 0:01:44 26. 0:01:41 26... 0:01:44 27. 0:01:33 27... 0:01:36 28. 0:01:16 28... 0:01:33 29. 0:01:14 29... 0:01:30 30. 0:01:01 30... 0:01:23 31. 0:00:49 31... 0:01:21 32. 0:00:24 32... 0:01:16 33. 0:00:23 33... 0:01:17 34. 0:00:19 34... 0:01:15 35. 0:00:17 35... 0:01:15,
Rated Blitz game,https://lichess.org/W25CcJWg,2024.08.01,-,Philidor_Roraima,Felipe_Maluf,0-1,2024.08.01,00:01:32,1824,1789,,,C46,Three Knights Opening,180+2,Normal,"1. e4 1... e5 2. Nf3 2... Nc6 3. Nc3 3... Bc5 4. Nxe5 4... Bxf2 5.
Kxf2 5... Nxe5 6. d4 6... Ng6 7. Bc4 7... d6 8. Rf1 8... Nf6 9. Kf3 9... Bg4",1. 0:03:00 1... 0:03:00 2. 0:03:01 2... 0:03:01 3. 0:03:03 3... 0:03:02 4. 0:03:04 4... 0:03:02 5. 0:03:05 5... 0:03:03 6. 0:03:07 6... 0:03:01 7. 0:03:08 7... 0:02:52 8. 0:03:09 8... 0:02:46 9. 0:03:05 9... 0:02:45,
Rated Blitz game,https://lichess.org/k79dSydz,2024.08.01,-,Amindeo,duca-di-lota,0-1,2024.08.01,00:01:32,1715,1745,,,D00,Queen's Pawn Game,180+2,Normal,"1. d4 1... d5 2. e3 2... c5 3. Bd3 3... Nc6 4. c3 4... e6 5. f4 5... Bd6 6. Nf3 6...
Nge7 7. Nbd2 7... O-O 8. O-O 8... f6 9. Qe2 9... cxd4 10. exd4 10... Bxf4 11. Nb3 11... Bc7 12.
Be3 12... e5 13. dxe5 13... fxe5 14. Bc2 14... Bg4 15. Qf2 15... e4 16.
h3 16... Bxf3 17. gxf3 17... Rxf3 18. Qh4 18... Rg3 19. Kh2 19... Rg4",1. 0:03:00 1... 0:03:00 2. 0:03:01 2... 0:03:01 3. 0:03:01 3... 0:03:01 4. 0:03:02 4... 0:03:01 5. 0:03:01 5... 0:03:02 6. 0:03:02 6... 0:03:02 7. 0:03:01 7... 0:03:02 8. 0:03:02 8... 0:03:03 9. 0:03:02 9... 0:03:01 10. 0:03:02 10... 0:02:57 11. 0:03:01 11... 0:02:53 12. 0:02:56 12... 0:02:51 13. 0:02:55 13... 0:02:52 14. 0:02:49 14... 0:02:51 15. 0:02:47 15... 0:02:48 16. 0:02:48 16... 0:02:46 17. 0:02:48 17... 0:02:47 18. 0:02:48 18... 0:02:36 19. 0:02:35 19... 0:02:35,
Rated Blitz game,https://lichess.org/jGjMUAnq,2024.08.01,-,selman_drk,sh4z,0-1,2024.08.01,00:01:32,1016,967,,,B10,Caro-Kann Defense: Hillbilly Attack,180+2,Time forfeit,"1. e4 1... c6 2. Bc4 2... d5 3. exd5 3... cxd5 4. Bb5 4... Bd7 5.
Bxd7 5... Nxd7 6. d3 6... e6 7. Nf3 7... Ngf6 8. O-O 8... Bd6",1. 0:03:00 1... 0:03:00 2. 0:02:48 2... 0:02:58 3. 0:02:46 3... 0:03:00 4. 0:02:47 4... 0:03:01 5. 0:02:48 5... 0:03:02 6. 0:02:49 6... 0:02:59 7. 0:02:49 7... 0:02:42 8. 0:02:50 8... 0:02:39,
Rated Blitz game,https://lichess.org/ZZrAJ9Aj,2024.08.01,-,blue_train9,mhmoudaraby305,1-0,2024.08.01,00:02:00,2239,2310,,,D00,Queen's Pawn Game: Accelerated London System,180+2,Normal,"1. d4 1... d5 2. Bf4 2... Bf5 3. c4 3... c6 4. Nc3 4... e6 5. e3 5... Nd7 6. Qb3 6... Qb6 7. c5 7... Qxb3 8. axb3 8... a6 9. b4 9... Rc8 10. Nf3 10...
Ngf6 11. h3 11... Be7 12. Be2 12... Bd8 13.
Nh4 13... Bc2 14. Rc1 14... Bb3 15. Bg3 15...
O-O 16. f4 16... Ne8 17. Nf3 17... f6 18.
Nd2 18... Bc4 19. Nxc4 19... dxc4 20. Bxc4 20...
Nc7 21. O-O 21... Nd5 22. Rfe1 22... Re8 23. f5 23... Nc7 24. Bxc7 24...
Rxc7 25. fxe6 25... Nf8 26. e7 26... Kh8 27.
exf8=Q 27... Rxf8 28. e4 28...
Rd7 29. Rcd1 29... Bc7 30. d5 30... Re8 31.
d6 31... Bd8 32. e5 32... fxe5 33. Ne4 33...
g6 34. Rf1 34...
Kg7 35. Rf3 35... Kh6 36. Rdf1 36... Rg7 37.
Rf7 37... a5 38. Rxg7 38... Kxg7 39. Rf7 39...
Kh6 40. Rxb7 40... axb4 41. Rxb4 41... Rf8 42.
Rb8 42... Kg7 43. b4 43... h5 44. g3 44... Kh6 45. Kg2 45...
g5 46. b5 46...
Kg6 47. Bd3 47... Kf5 48. d7 48... Ke6 49.
bxc6 49... g4 50. Bc4 50... Kf5 51. Bd3 51...
Ke6 52. Ng5 52... Kd5 53. c7 53... gxh3 54. Nxh3 54... Bxc7 55.
Rxf8 55... e4 56. d8=Q 56... Bxd8 57. Rxd8 57...
Ke5 58. Be2 58... h4 59. c6 59... Ke6 60. c7 60... Kf6 61. c8=Q 61... e3 62. Re8 62... Kg7 63. Qg4 63... Kf7 64. Qe6 64... Kg7 65. Re7 65... Kf8 66. Qf7",1. 0:03:00 0. 0:03:00 1... 0:03:00 0. 0:02:58 2. 0:02:59 0. 0:02:56 2... 0:03:00 0. 0:02:55 3. 0:03:01 0. 0:02:55 3... 0:03:00 0. 0:02:56 4. 0:03:01 0. 0:02:56 4... 0:03:03 0. 0:02:58 5. 0:03:03 0. 0:02:59 5... 0:03:03 0. 0:03:00 6. 0:03:04 0. 0:03:01 6... 0:03:06 0. 0:03:01 7. 0:02:51 0. 0:02:50 7... 0:02:27 0. 0:02:43 8. 0:02:20 0. 0:02:35 8... 0:02:21 0. 0:02:24 9. 0:02:21 0. 0:02:24 9... 0:02:21 0. 0:02:15 10. 0:02:20 0. 0:02:17 10... 0:02:20 1. 0:02:09 11. 0:02:21 0. 0:02:08 11... 0:01:43 1. 0:02:08 12. 0:01:27 0. 0:01:48 12... 0:01:20 0. 0:01:50 13. 0:01:17 0. 0:01:05 13... 0:01:15 0. 0:01:06 14. 0:01:09 0. 0:01:07 14... 0:01:00 1. 0:01:07 15. 0:01:01 0. 0:01:08 15... 0:00:54 0. 0:01:06 16. 0:00:54 0. 0:01:06 16... 0:00:33 1. 0:01:05 17. 0:00:33 1. 0:00:58 17... 0:00:33 4. 0:00:55 18. 0:00:32 4. 0:00:49 18... 0:00:32 4. 0:00:49 19. 0:00:24 4. 0:00:46 19... 0:00:20 4. 0:00:46 20. 0:00:10 4. 0:00:47 20... 0:00:11 4. 0:00:48 21. 0:00:11 2. 0:00:48 21... 0:00:10 4. 0:00:48 22. 0:00:09 2. 0:00:48 22... 0:00:07 4. 0:00:49 23. 0:00:08 3. 0:00:50 23... 0:00:07 4. 0:00:49 24. 0:00:07 4. 0:00:51 24... 0:00:06 5. 0:00:51 25. 0:00:06 5. 0:00:47 25... 0:00:06 5. 0:00:48 26. 0:00:06 5. 0:00:48 26... 0:00:05 5. 0:00:45 27. 0:00:06 5. 0:00:41 27... 0:00:06 5. 0:00:40 28. 0:00:06 5. 0:00:40 28... 0:00:06 5. 0:00:40 29. 0:00:06 5. 0:00:41 29... 0:00:07 5. 0:00:41 30. 0:00:08 5. 0:00:42 30... 0:00:08 6. 0:00:43 31. 0:00:08 6. 0:00:45 31... 0:00:07 6. 0:00:46 32. 0:00:06 6. 0:00:47 32... 0:00:06 6. 0:00:48 33. 0:00:06 6. 0:00:49 33... 0:00:03,
Rated Blitz game,https://lichess.org/c5dGos7i,2024.08.01,-,Landkreuzer,neurosecond,0-1,2024.08.01,00:02:00,1423,1486,,,B01,Scandinavian Defense: Modern Variation,180+2,Normal,"1. e4 1... d5 2. exd5 2... Nf6 3. Nc3 3... Nxd5 4. Nxd5 4... Qxd5 5.
Nf3 5... Bg4 6. Be2 6... Nc6 7. O-O 7... O-O-O 8. b3 8... e5 9. Bb2 9... f5 10. c4 10...
Qd7 11. Bxe5 11... Bxf3 12. Bxf3 12... Nxe5 13. c5 13... Nxf3 14. Qxf3 14... g6 15. b4 15...
Bg7 16. Rab1 16... Qd5 17. Qg3 17... Qxd2 18. b5 18... Qd5 19. b6 19...
axb6 20. cxb6 20... Be5 21. Qb3 21... Qxb3 22.
Rxb3 22... c6 23. Re1 23... Bd4 24. Ra3 24... Bxb6 25. Re7",1. 0:03:00 1... 0:03:00 2. 0:03:01 2... 0:03:02 3. 0:03:02 3... 0:03:01 4. 0:03:04 4... 0:03:03 5. 0:03:05 5... 0:03:04 6. 0:03:06 6... 0:03:06 7. 0:03:07 7... 0:03:07 8. 0:03:09 8... 0:03:06 9. 0:03:10 9... 0:03:04 10. 0:03:03 10... 0:02:35 11. 0:02:48 11... 0:02:35 12. 0:02:45 12... 0:02:35 13. 0:02:37 13... 0:02:28 14. 0:02:38 14... 0:02:27 15. 0:02:37 15... 0:02:20 16. 0:02:33 16... 0:01:57 17. 0:02:28 17... 0:01:55 18. 0:02:25 18... 0:01:49 19. 0:02:23 19... 0:00:53 20. 0:02:25 20... 0:00:54 21. 0:02:23 21... 0:00:47 22. 0:02:19 22... 0:00:47 23. 0:02:17 23... 0:00:44 24. 0:02:08 24... 0:00:44 25. 0:02:04,
Rated Blitz game,https://lichess.org/K8Z5bnut,2024.08.01,-,quimperval,santicharpen,0-1,2024.08.01,00:02:00,1374,1404,,,C54,"Italian Game: Classical Variation, Greco Gambit, Traditional Line",180+2,Time forfeit,"1. e4 1... e5 2. Nf3 2... Nc6 3. c3 3... Nf6 4. Bc4 4... Bc5 5. d4 5... exd4 6. cxd4 6...
Bb6 7. d5 7... Ne7 8.
Bd3 8... O-O 9. O-O 9... d6 10. h3 10... c6 11. Nc3 11... cxd5 12.
exd5 12... Nexd5 13. Nxd5 13... Nxd5 14. Ng5 14... h6 15. Qh5 15... Nf6 16. Qh4 16... Bd4",1. 0:03:00 1... 0:03:00 2. 0:03:01 2... 0:03:01 3. 0:03:01 3... 0:03:00 4. 0:03:01 4... 0:03:00 5. 0:03:02 5... 0:03:01 6. 0:03:03 6... 0:03:02 7. 0:03:04 7... 0:03:01 8. 0:03:05 8... 0:03:01 9. 0:03:05 9... 0:03:02 10. 0:03:06 10... 0:03:03 11. 0:03:06 11... 0:02:59 12. 0:03:06 12... 0:02:56 13. 0:03:06 13... 0:02:56 14. 0:03:07 14... 0:02:49 15. 0:03:05 15... 0:02:38 16. 0:02:53 16... 0:01:09,
Rated Blitz game,https://lichess.org/4pWxYxhP,2024.08.01,-,Huriasterytushvigo,Odys44,1-0,2024.08.01,00:02:00,1288,1258,,,B22,Sicilian Defense: Alapin Variation,180+2,Normal,"1. e4 1... c5 2. c3 2... d6 3. d4 3... cxd4 4. cxd4 4... Nf6 5.
Nc3 5... a6 6. Nf3 6... e6 7. Be2 7... Nc6 8. O-O 8... Be7 9. Be3 9... O-O 10. e5 10...
dxe5 11. dxe5 11... Qxd1 12. Rfxd1 12... Nd7 13. Bf4 13... b5 14. Rac1 14... Rd8 15. Ne4 15... Bb7 16. Nd6 16... Bxd6 17. exd6 17... e5 18.
Be3 18... f6 19. a3 19... Nf8 20. Bc5 20... Ne6 21. Be3 21... Rd7 22.
Rd2 22... Rad8 23. Rcd1 23... Ncd4 24. Nxd4 24... Nxd4 25. Bxd4 25... exd4 26. Rxd4 26... Kf7 27.
Bg4 27... f5 28. Bxf5 28... Kf6 29. Bxd7 29... Rxd7 30. R4d2 30... Be4 31.
f3 31... Bf5 32. Rc1 32... Ke6 33. Rc7 33... g5 34. Rxd7 34... Kxd7 35. Kf2 35... Be6 36. Ke3 36... Kc6 37. Ke4 37... Bd5 38. Ke5 38... Bc4 39. d7 39... Be6 40.
d8=Q",1. 0:03:00 1... 0:03:00 2. 0:03:01 2... 0:03:01 3. 0:03:01 3... 0:03:01 4. 0:03:03 4... 0:03:02 5. 0:03:03 5... 0:03:03 6. 0:03:01 6... 0:03:04 7. 0:02:59 7... 0:03:05 8. 0:02:59 8... 0:03:06 9. 0:02:56 9... 0:03:06 10. 0:02:52 10... 0:03:06 11. 0:02:54 11... 0:03:07 12. 0:02:52 12... 0:03:04 13. 0:02:47 13... 0:02:55 14. 0:02:45 14... 0:02:56 15. 0:02:30 15... 0:02:56 16. 0:02:28 16... 0:02:50 17. 0:02:28 17... 0:02:37 18. 0:02:16 18... 0:02:33 19. 0:01:41 19... 0:02:16 20. 0:01:15 20... 0:02:16 21. 0:01:12 21... 0:02:13 22. 0:01:06 22... 0:02:04 23. 0:01:05 23... 0:02:03 24. 0:00:58 24... 0:02:03 25. 0:00:54 25... 0:02:02 26. 0:00:56 26... 0:01:58 27. 0:00:55 27... 0:01:49 28. 0:00:53 28... 0:01:44 29. 0:00:51 29... 0:01:45 30. 0:00:40 30... 0:01:41 31. 0:00:37 31... 0:01:40 32. 0:00:30 32... 0:01:40 33. 0:00:22 33... 0:01:40 34. 0:00:18 34... 0:01:42 35. 0:00:18 35... 0:01:39 36. 0:00:18 36... 0:01:40 37. 0:00:11 37... 0:01:41 38. 0:00:11 38... 0:01:41 39. 0:00:10 39... 0:01:41 40. 0:00:10,
Rated Blitz game,https://lichess.org/iSY2l4Yr,2024.08.01,-,Jeeepers,pc-biatsch,0-1,2024.08.01,00:02:00,1245,1228,,,D00,Queen's Pawn Game: Accelerated London System,180+2,Normal,"1. d4 1... d5 2. Bf4 2... Bf5 3. Nf3 3... Nc6 4. c3 4... Nf6 5. e3 5... e6 6. Bd3 6...
Bd6 7. Bg3 7... O-O 8.
Bxf5 8... exf5 9. h4 9... Ng4 10. Nbd2 10... Bxg3 11. fxg3 11... Nxe3 12. Qe2 12... Re8",1. 0:03:00 1... 0:03:00 2. 0:02:55 2... 0:02:58 3. 0:02:52 3... 0:02:58 4. 0:02:49 4... 0:02:57 5. 0:02:34 5... 0:02:51 6. 0:02:34 6... 0:02:16 7. 0:02:31 7... 0:02:14 8. 0:02:29 8... 0:02:13 9. 0:02:18 9... 0:02:06 10. 0:01:53 10... 0:01:59 11. 0:01:53 11... 0:02:00 12. 0:01:50 12... 0:01:59,
Rated Blitz game,https://lichess.org/lQaShh57,2024.08.01,-,cuznsly,ahmeddisoge,0-1,2024.08.01,00:02:00,1497,1556,,,B00,St. George Defense,180+2,Normal,"1. e4 1... a6 2. d4 2... c6 3. Nf3 3... d5 4. e5 4... Bg4 5. Be2 5... e6 6. O-O 6... c5 7. c3 7... Nc6 8. Bg5 8... Qc7 9. Qd3 9... Bxf3 10. Bxf3 10... Nge7 11. Re1 11... cxd4 12. cxd4 12... Nf5 13. Nd2 13... Nfxd4 14. Rac1 14... Nf5 15. Bxd5 15... exd5 16. e6 16... f6 17. Qxf5 17... fxg5 18. Nf3 18... Be7 19. Qf7 19... Kd8 20. Qxg7 20... Rf8 21.
Red1 21... Rxf3 22. Rxd5 22... Bd6 23. Qf8 23... Rxf8",1. 0:03:00 1... 0:03:00 2. 0:03:01 2... 0:03:02 3. 0:03:01 3... 0:03:04 4. 0:03:02 4... 0:03:05 5. 0:03:02 5... 0:03:06 6. 0:03:03 6... 0:03:07 7. 0:03:03 7... 0:03:07 8. 0:02:51 8... 0:03:03 9. 0:02:18 9... 0:02:57 10. 0:02:14 10... 0:02:45 11. 0:02:04 11... 0:02:43 12. 0:02:04 12... 0:02:44 13. 0:02:00 13... 0:02:40 14. 0:02:00 14... 0:02:37 15. 0:01:50 15... 0:02:32 16. 0:01:47 16... 0:02:28 17. 0:01:31 17... 0:02:25 18. 0:01:13 18... 0:01:45 19. 0:01:11 19... 0:01:43 20. 0:01:09 20... 0:01:40 21. 0:00:58 21... 0:01:04 22. 0:00:52 22... 0:01:03 23. 0:00:21 23... 0:01:01,
Rated Blitz game,https://lichess.org/chxRJo7t,2024.08.01,-,AndresC88,Ashraf_anwar1,0-1,2024.08.01,00:02:00,2195,2172,,,B00,Nimzowitsch Defense,180+2,Normal,"1. e4 1... Nc6 2. Nc3 2... d6 3. g3 3... e5 4. Bg2 4... Be6 5. Nge2 5... Nf6 6. d4 6...
exd4 7. Nxd4 7... Nxd4 8. Qxd4 8... Be7 9. Be3 9... O-O 10. h3 10...
Nd7 11. f4 11... Bf6 12. Qd3 12... Nc5 13. Bxc5 13... Bxc3 14. Qxc3 14... dxc5 15. Qxc5 15... b6 16. Qc3 16... c5 17.
O-O 17... Qc8 18. Kh2 18... Bd7 19. Rad1 19... Bc6 20. Rd6 20... Rd8 21.
Rfd1 21... Rxd6 22. Rxd6 22... Bb7 23. Qe5 23... g6 24. Qf6 24... c4 25. c3 25... Qe8 26.
Rd4 26... Qb5 27. Qe7 27... Bc6 28. Rd6 28... Re8 29. Rd8 29... Rxd8 30.
Qxd8 30... Kg7 31. Qd4 31... Kg8 32. f5 32...
gxf5 33. Qd8 33... Kg7 34. Qg5 34... Kf8 35.
Qxf5 35... Qxb2 36. Qc8 36... Be8 37. Qxc4 37... b5 38. Qb4 38... Qxb4 39. cxb4 39... Ke7 40.
g4 40... Kd6 41. Kg3 41... Ke5 42. Kf3 42... Bd7 43. h4 43... f6 44.
Bf1 44... a6 45. Be2 45... h6 46. Ke3 46... Be6 47. a3 47... Bd7 48.
a4 48... bxa4 49. Bxa6 49... a3 50. Bc4 50... Be6 51. Bxe6 51... Kxe6 52. b5 52... Kd6 53. Kd4 53... a2",1. 0:03:00 1... 0:03:00 2. 0:02:58 2... 0:02:59 3. 0:02:59 3... 0:03:00 4. 0:02:59 4... 0:03:01 5. 0:02:59 5... 0:03:02 6. 0:03:00 6... 0:03:03 7. 0:03:01 7... 0:03:04 8. 0:03:02 8... 0:03:04 9. 0:02:48 9... 0:03:05 10. 0:02:49 10... 0:03:05 11. 0:02:32 11... 0:02:30 12. 0:02:16 12... 0:02:17 13. 0:02:17 13... 0:02:17 14. 0:02:15 14... 0:02:18 15. 0:02:03 15... 0:02:18 16. 0:01:59 16... 0:02:11 17. 0:01:58 17... 0:02:11 18. 0:01:57 18... 0:02:11 19. 0:01:51 19... 0:02:12 20. 0:01:52 20... 0:02:11 21. 0:01:44 21... 0:02:11 22. 0:01:46 22... 0:02:05 23. 0:01:35 23... 0:02:01 24. 0:01:32 24... 0:01:59 25. 0:01:32 25... 0:01:52 26. 0:01:12 26... 0:01:48 27. 0:01:06 27... 0:01:31 28. 0:00:48 28... 0:01:20 29. 0:00:30 29... 0:01:19 30. 0:00:31 30... 0:01:20 31. 0:00:26 31... 0:01:20 32. 0:00:11 32... 0:01:15 33. 0:00:11 33... 0:01:16 34. 0:00:13 34... 0:01:15 35. 0:00:12 35... 0:01:14 36. 0:00:12 36... 0:01:16 37. 0:00:12 37... 0:01:14 38. 0:00:10 38... 0:01:14 39. 0:00:12 39... 0:01:03 40. 0:00:14 40... 0:01:04 41. 0:00:15 41... 0:01:05 42. 0:00:16 42... 0:01:05 43. 0:00:15 43... 0:00:58 44. 0:00:10 44... 0:00:57 45. 0:00:11 45... 0:00:57 46. 0:00:12 46... 0:00:57 47. 0:00:12 47... 0:00:53 48. 0:00:12 48... 0:00:52 49. 0:00:14 49... 0:00:51 50. 0:00:14 50... 0:00:53 51. 0:00:03 51... 0:00:53 52. 0:00:05 52... 0:00:53 53. 0:00:06 53... 0:00:54,
Rated Blitz game,https://lichess.org/kn2TI3P5,2024.08.01,-,Ian_Ball,MacMan4,1-0,2024.08.01,00:02:00,1203,1208,,,A46,"Queen's Pawn Game: Veresov Attack, Classical Defense",180+2,Normal,"1. d4 1... d5 2. Nf3 2... e6 3. Nc3 3... Nf6 4. Bg5 4... Bb4 5. a3 5... Be7 6. e3 6... c6 7. Ne5 7... O-O 8. Bd3 8... Nbd7 9. Nxd7 9...
Bxd7 10. O-O 10... h6 11. Bxf6 11... Bxf6 12. h3 12... b5 13. Ne2 13...
e5 14. Ng3 14... e4 15. Be2 15... Qc8 16. Bg4 16... Bxg4 17. hxg4 17... g6 18. c3 18... Kh7 19. Qc2 19... Qe6 20.
f4 20... Qxg4 21. Qf2 21... Bh4 22. Kh1 22... f5 23. Kh2 23... Rf7 24.
a4 24... a6 25. axb5 25... cxb5 26. b4 26... Rf6 27. Rg1 27... g5 28.
Rh1 28... Kg6 29. Rae1 29... Rg8 30. Re2 30... Kg7 31. Kg1 31... Rh8 32.
Rxh4 32... gxh4 33. Nh1 33... h3 34. Ng3 34...
h2 35. Kh1 35... Qh4 36. Nxf5",1. 0:03:00 1... 0:03:00 2. 0:02:53 2... 0:03:01 3. 0:02:54 3... 0:03:02 4. 0:02:53 4... 0:03:00 5. 0:02:52 5... 0:02:59 6. 0:02:47 6... 0:02:54 7. 0:02:45 7... 0:02:49 8. 0:02:44 8... 0:02:43 9. 0:02:43 9... 0:02:44 10. 0:02:44 10... 0:02:40 11. 0:02:45 11... 0:02:41 12. 0:02:46 12... 0:02:28 13. 0:02:45 13... 0:02:15 14. 0:02:45 14... 0:02:13 15. 0:02:45 15... 0:02:07 16. 0:02:34 16... 0:02:07 17. 0:02:34 17... 0:01:58 18. 0:02:34 18... 0:01:53 19. 0:02:25 19... 0:01:51 20. 0:02:23 20... 0:01:47 21. 0:02:22 21... 0:01:43 22. 0:02:00 22... 0:01:39 23. 0:01:59 23... 0:01:27 24. 0:01:52 24... 0:01:21 25. 0:01:51 25... 0:01:22 26. 0:01:51 26... 0:01:14 27. 0:01:41 27... 0:01:07 28. 0:01:39 28... 0:00:55 29. 0:01:37 29... 0:00:53 30. 0:01:32 30... 0:00:50 31. 0:01:31 31... 0:00:50 32. 0:01:23 32... 0:00:47 33. 0:01:25 33... 0:00:46 34. 0:01:18 34... 0:00:33 35. 0:01:18 35... 0:00:25 36. 0:01:16,
Rated Blitz game,https://lichess.org/kcOuW1Z5,2024.08.01,-,RogerFalafel,vinodkedaram,1-0,2024.08.01,00:02:00,1738,1818,,,B27,Sicilian Defense: Katalimov Variation,180+2,Normal,"1. e4 1... c5 2. Nf3 2... b6 3. d4 3... cxd4 4. Nxd4 4... Bb7 5.
Nc3 5... Nf6 6. f3 6... d6 7. Be3 7... Nbd7 8. Qd2 8... g6 9. Bc4 9... Bg7 10. O-O 10...
O-O 11. Rad1 11... Rc8 12. Bb3 12... a6 13. Bh6 13... b5 14. Bxg7 14... Kxg7 15. Qg5 15... Ne5 16. Nd5 16... h6 17.
Nf5 17... Kh7 18. Qxh6 18... Kg8 19. Qg7",1. 0:03:00 1... 0:03:00 2. 0:03:00 2... 0:02:59 3. 0:03:00 3... 0:03:00 4. 0:03:02 4... 0:03:01 5. 0:03:02 5... 0:02:59 6. 0:02:54 6... 0:02:59 7. 0:02:52 7... 0:02:59 8. 0:02:45 8... 0:02:59 9. 0:02:40 9... 0:02:59 10. 0:02:33 10... 0:02:59 11. 0:02:33 11... 0:02:42 12. 0:02:26 12... 0:02:41 13. 0:02:23 13... 0:02:30 14. 0:02:23 14... 0:02:30 15. 0:02:15 15... 0:02:17 16. 0:01:48 16... 0:02:06 17. 0:01:41 17... 0:02:02 18. 0:01:40 18... 0:02:02 19. 0:01:38,
Rated Blitz game,https://lichess.org/1UYk2B9T,2024.08.01,-,HandsomeHarry1982,JEMEV,0-1,2024.08.01,00:02:00,1031,1003,,,A45,Indian Defense,180+2,Normal,"1. d4 1... Nf6 2. Bf4 2... Nh5 3. e3 3... Nxf4 4. exf4 4... Nc6 5.
Bb5 5... e5 6. fxe5 6... Qh4 7. g3 7... Qe7 8. f4 8... Qb4 9. c3 9... Qxb5 10. Na3 10... Qd5 11. Nf3 11... Qe4 12. Qe2 12... Qxe2 13. Kxe2 13... d5 14. Nb5 14... Nxd4 15. Nfxd4 15... Bg4 16. Kf2 16... O-O-O 17. Nxa7 17... Kb8 18. Ndb5 18... Bc5 19. Kf1 19... c6 20. Nxc6 20... bxc6 21. Nd6 21... Bf3 22. Rg1 22... Bxg1 23.
Nxf7 23... Bxh2 24. Nxd8 24... Bxg3 25. Re1 25... Bxe1 26. Kxe1 26... Rxd8 27. Kf2 27... Be4 28.
b4 28... Bd3 29. Ke3 29... Bf5 30. a4 30... g5 31. fxg5 31... d4 32.
Kf4 32... Bh3 33. cxd4 33... Rxd4 34. Kg3 34... Bg4 35. e6 35... Bxe6 36.
Kf3 36... Rxb4 37. a5 37... h5 38. g6 38... Bg4 39. Kg3 39... Rb7 40.
a6 40... Rg7 41. Kh4 41... Rxg6 42. Kg3 42... c5 43. Kf4 43... Be2 44.
Ke3 44... Bxa6 45. Kd2 45... c4",1. 0:03:00 1... 0:03:00 2. 0:03:01 2... 0:02:57 3. 0:02:58 3... 0:02:56 4. 0:02:59 4... 0:02:57 5. 0:02:59 5... 0:02:57 6. 0:02:57 6... 0:02:54 7. 0:02:57 7... 0:02:52 8. 0:02:57 8... 0:02:48 9. 0:02:52 9... 0:02:48 10. 0:02:50 10... 0:02:46 11. 0:02:41 11... 0:02:45 12. 0:02:40 12... 0:02:42 13. 0:02:40 13... 0:02:39 14. 0:02:40 14... 0:02:21 15. 0:02:39 15... 0:02:20 16. 0:02:37 16... 0:02:22 17. 0:02:33 17... 0:02:21 18. 0:02:32 18... 0:02:20 19. 0:02:30 19... 0:02:16 20. 0:02:25 20... 0:02:16 21. 0:02:23 21... 0:02:10 22. 0:02:22 22... 0:02:07 23. 0:02:21 23... 0:02:04 24. 0:02:18 24... 0:02:01 25. 0:02:16 25... 0:02:00 26. 0:02:16 26... 0:01:59 27. 0:02:17 27... 0:01:58 28. 0:02:17 28... 0:01:58 29. 0:02:17 29... 0:01:58 30. 0:02:17 30... 0:01:59 31. 0:02:17 31... 0:02:00 32. 0:02:15 32... 0:02:00 33. 0:02:12 33... 0:02:00 34. 0:02:13 34... 0:01:57 35. 0:02:12 35... 0:01:58 36. 0:02:11 36... 0:01:58 37. 0:02:09 37... 0:01:56 38. 0:02:08 38... 0:01:56 39. 0:02:08 39... 0:01:55 40. 0:02:08 40... 0:01:55 41. 0:02:07 41... 0:01:54 42. 0:02:06 42... 0:01:54 43. 0:02:03 43... 0:01:54 44. 0:02:01 44... 0:01:54 45. 0:02:01 45... 0:01:55,
Rated Blitz game,https://lichess.org/hRJBkkzC,2024.08.01,-,Illia_kyiv,iryllr,0-1,2024.08.01,00:02:00,1853,1837,,,A00,Saragossa Opening,180+2,Time forfeit,"1. c3 1... Nf6 2. d3 2... g6 3. Qa4 3... Bg7 4. g4 4... O-O 5. h4 5... c6 6. g5 6... b5 7. Qc2 7... Nh5 8. Nd2 8... e5 9. Ne4 9... d5 10. Nf6 10... Nxf6 11. gxf6 11... Bxf6 12. h5 12... Bf5 13. e4 13...
Be6 14. hxg6 14... fxg6 15. Nh3 15... Bh4 16.
Bh6 16... Rf7 17. Rg1 17... Qf6 18. Be3 18... Nd7 19. Ng5 19... Raf8 20.
Nxf7 20... Rxf7 21. Qd2 21... d4 22. cxd4 22... exd4 23. Bg5 23... Bxg5 24. Rxg5 24... Ne5 25.
Rxe5 25... Qxe5 26. O-O-O 26... Bxa2 27. Bh3 27... Bb3 28. Rf1 28... Qc5 29. Kb1 29... Qh5 30.
Bg2 30... c5 31. Rh1 31... Qg4 32. Bh3 32... Qf3 33. Qe1 33... c4 34.
Bf1 34... cxd3 35. Qb4 35... Bc4",1. 0:03:00 1... 0:03:00 2. 0:03:02 2... 0:03:01 3. 0:03:01 3... 0:03:02 4. 0:03:03 4... 0:03:00 5. 0:03:02 5... 0:02:59 6. 0:03:02 6... 0:03:00 7. 0:03:00 7... 0:02:59 8. 0:02:59 8... 0:03:01 9. 0:02:55 9... 0:03:01 10. 0:02:49 10... 0:03:00 11. 0:02:51 11... 0:03:02 12. 0:02:51 12... 0:02:59 13. 0:02:45 13... 0:02:52 14. 0:02:46 14... 0:02:53 15. 0:02:33 15... 0:02:33 16. 0:02:15 16... 0:02:30 17. 0:02:01 17... 0:02:25 18. 0:01:29 18... 0:02:24 19. 0:01:21 19... 0:02:17 20. 0:01:21 20... 0:02:16 21. 0:01:06 21... 0:02:17 22. 0:01:06 22... 0:02:17 23. 0:00:29 23... 0:02:16 24. 0:00:28 24... 0:02:17 25. 0:00:25 25... 0:02:17 26. 0:00:24 26... 0:02:12 27. 0:00:14 27... 0:02:07 28. 0:00:12 28... 0:02:09 29. 0:00:11 29... 0:01:54 30. 0:00:10 30... 0:01:52 31. 0:00:10 31... 0:01:49 32. 0:00:10 32... 0:01:48 33. 0:00:08 33... 0:01:47 34. 0:00:04 34... 0:01:44 35. 0:00:02 35... 0:01:36,
Rated Blitz game,https://lichess.org/aN5PVSui,2024.08.01,-,hollowknight02,Gusma2020,1-0,2024.08.01,00:02:00,2148,2117,,,C43,"Russian Game: Modern Attack, Center Variation",180+2,Time forfeit,"1. e4 1... e5 2. Nf3 2... Nf6 3. d4 3... Nxe4 4. Bd3 4... d5 5. Nxe5 5... c5 6. O-O 6...
cxd4 7. Bb5 7... Nd7 8. Qxd4 8... Be7 9. Nxf7 9... Kxf7 10. Qxd5 10... Kf8 11. Qxe4 11... Nf6 12. Qd3 12... Be6 13.
Re1 13... Kf7 14. Qxd8 14... Rhxd8 15. Nc3 15... a6 16. Bd3 16... Rac8 17.
Be3 17... b5 18. Ne4 18... h6 19. h3 19... Nd5 20. Bd2",1. 0:03:00 1... 0:03:00 2. 0:03:02 2... 0:03:01 3. 0:03:03 3... 0:02:59 4. 0:03:03 4... 0:02:56 5. 0:03:05 5... 0:02:54 6. 0:02:02 6... 0:02:47 7. 0:02:02 7... 0:02:45 8. 0:02:02 8... 0:02:35 9. 0:01:48 9... 0:02:20 10. 0:01:49 10... 0:01:58 11. 0:01:50 11... 0:01:57 12. 0:01:28 12... 0:01:43 13. 0:01:22 13... 0:01:41 14. 0:00:58 14... 0:01:36 15. 0:00:59 15... 0:01:29 16. 0:00:59 16... 0:01:21 17. 0:00:41 17... 0:00:43 18. 0:00:32 18... 0:00:12 19. 0:00:27 19... 0:00:07 20. 0:00:23,
Rated Blitz game,https://lichess.org/xfl7spdl,2024.08.01,-,yeti806,Saillok,0-1,2024.08.01,00:01:45,2509,2342,,,C40,Latvian Gambit: Fraser Defense,180+2,Normal,"1. e4 1... e5 2. Nf3 2... f5 3. Nxe5 3... Nc6 4. d4 4... Nxe5 5.
dxe5 5... Qe7 6. exf5 6... Qxe5 7. Be2 7... Qxf5 8. O-O 8... Be7 9. Nc3 9... Nf6 10. Bd3 10...
Qc5 11. Be3 11... Qb4 12. a3 12... Qh4 13. g3 13... Qh3 14. Qf3 14... Ng4 15. Qg2 15... Qxg2 16. Kxg2 16... Nxe3 17. fxe3 17... d6 18. Nd5 18... Bd8 19. Bf5 19... c6 20. Bxc8 20... Rxc8 21. Nf4 21... Bf6 22.
e4 22... O-O 23. c3 23... Rfe8 24. Rae1 24... Re7 25. Re2 25... Rce8 26.
Rfe1 26... g5 27. Nd3 27... Kg7 28. Kf3 28... Kg6 29. h4 29... gxh4 30.
Nf4 30... Kf7 31. gxh4 31... Be5 32. Nd3 32... Ke6 33. Kg4 33... Rg8 34. Kh5 34... Rg6 35.
Nxe5 35... Kxe5 36. Rf1 36... Ke6 37. Rf8 37... Rf7 38. Rxf7 38... Kxf7 39. e5 39... d5 40.
Rf2 40... Ke7 41. a4 41... c5 42. b4 42... cxb4 43. cxb4 43... Ke6 44.
b5 44... d4 45. a5 45... Kxe5 46. Rf7 46... Rd6",1. 0:03:00 1... 0:03:00 2. 0:03:00 2... 0:03:02 3. 0:03:00 3... 0:03:03 4. 0:03:00 4... 0:02:57 5. 0:03:00 5... 0:02:53 6. 0:02:49 6... 0:02:54 7. 0:02:50 7... 0:02:52 8. 0:02:48 8... 0:02:53 9. 0:02:45 9... 0:02:54 10. 0:02:38 10... 0:02:45 11. 0:02:37 11... 0:02:39 12. 0:02:37 12... 0:02:40 13. 0:02:32 13... 0:02:41 14. 0:02:10 14... 0:02:12 15. 0:02:10 15... 0:02:13 16. 0:02:11 16... 0:02:15 17. 0:02:12 17... 0:02:14 18. 0:02:10 18... 0:02:06 19. 0:02:08 19... 0:02:02 20. 0:02:05 20... 0:02:03 21. 0:02:06 21... 0:02:03 22. 0:02:02 22... 0:02:02 23. 0:02:02 23... 0:02:02 24. 0:02:02 24... 0:02:00 25. 0:02:02 25... 0:02:01 26. 0:02:03 26... 0:01:53 27. 0:01:59 27... 0:01:51 28. 0:01:56 28... 0:01:50 29. 0:01:51 29... 0:01:49 30. 0:01:51 30... 0:01:31 31. 0:01:51 31... 0:01:32 32. 0:01:46 32... 0:01:29 33. 0:01:44 33... 0:01:23 34. 0:01:45 34... 0:01:18 35. 0:01:39 35... 0:01:19 36. 0:01:39 36... 0:01:13 37. 0:01:29 37... 0:01:05 38. 0:01:26 38... 0:01:07 39. 0:01:27 39... 0:01:05 40. 0:01:21 40... 0:01:02 41. 0:01:11 41... 0:00:57 42. 0:01:11 42... 0:00:51 43. 0:01:11 43... 0:00:51 44. 0:01:06 44... 0:00:48 45. 0:01:05 45... 0:00:43 46. 0:01:03 46... 0:00:44,
Rated Blitz game,https://lichess.org/CeWQ3n23,2024.08.01,-,Mhearhaek,Gusev_YV,1-0,2024.08.01,00:01:48,1940,1896,,,A01,Nimzo-Larsen Attack: Classical Variation,180+2,Normal,"1. b3 1... d5 2. Bb2 2... c6 3. e3 3... Bf5 4. f4 4... Nd7 5. Nf3 5... Ngf6 6. Bd3 6... Bxd3 7. cxd3 7... e6 8. O-O 8... Bd6 9. h3 9...
Qc7 10. Nc3 10... e5 11. fxe5 11... Nxe5 12. d4 12... Nd3 13. Qc2 13... Nb4 14. Qf5 14... Qd7 15. Ne5 15... Qxf5 16.
Rxf5 16... O-O 17. a3 17... Na6 18. Raf1 18... Nc7 19. Rxf6 19... gxf6 20. Ng4 20... Be7 21. Ne2 21... Ne8 22. Nf4 22... Rd8 23. Nh5 23... Rd6 24. a4 24... Re6 25.
Nh6 25... Kh8 26. Nf5 26... Bb4 27. Bc3 27... Bxc3 28. dxc3 28... Nd6 29.
Nxd6 29... Rxd6 30. Nxf6 30... Re6 31. Rf3 31... Kg7 32. Nh5 32... Kh6 33. Nf4 33... Re4 34.
Kf2 34... Rfe8 35. g4 35... Kg5 36. Nd3 36... Kh4 37. Ne5 37... f6 38.
Rxf6 38... Kxh3 39. Rh6",1. 0:03:00 1... 0:03:00 2. 0:03:02 2... 0:02:58 3. 0:03:04 3... 0:02:56 4. 0:03:06 4... 0:02:54 5. 0:03:08 5... 0:02:51 6. 0:03:10 6... 0:02:49 7. 0:03:10 7... 0:02:43 8. 0:03:10 8... 0:02:41 9. 0:03:11 9... 0:02:35 10. 0:03:09 10... 0:02:30 11. 0:03:07 11... 0:02:30 12. 0:03:06 12... 0:02:21 13. 0:03:06 13... 0:02:17 14. 0:03:01 14... 0:02:07 15. 0:02:53 15... 0:01:55 16. 0:02:53 16... 0:01:35 17. 0:02:52 17... 0:01:23 18. 0:02:47 18... 0:01:20 19. 0:02:45 19... 0:01:20 20. 0:02:45 20... 0:01:08 21. 0:02:41 21... 0:00:35 22. 0:02:39 22... 0:00:24 23. 0:02:34 23... 0:00:24 24. 0:02:32 24... 0:00:22 25. 0:02:17 25... 0:00:21 26. 0:02:16 26... 0:00:20 27. 0:02:14 27... 0:00:18 28. 0:02:15 28... 0:00:17 29. 0:02:09 29... 0:00:18 30. 0:02:09 30... 0:00:17 31. 0:02:09 31... 0:00:18 32. 0:02:09 32... 0:00:17 33. 0:02:10 33... 0:00:16 34. 0:02:10 34... 0:00:16 35. 0:02:11 35... 0:00:15 36. 0:02:09 36... 0:00:11 37. 0:02:02 37... 0:00:09 38. 0:01:57 38... 0:00:09 39. 0:01:55,
Rated Blitz game,https://lichess.org/12IuzXVn,2024.08.01,-,Anrg09,soumava,1-0,2024.08.01,00:01:48,1183,1215,,,D02,Queen's Pawn Game: Chigorin Variation,180+2,Normal,"1. d4 1... d5 2. Nf3 2... Nc6 3. e3 3... Bg4 4. Bb5 4... Qd6 5. Qd3 5... Nf6 6. Bxc6 6...
Qxc6 7. Qc3 7... Qxc3 8. Nxc3 8... e6 9. h3 9... Bxf3 10. gxf3 10... Bb4 11. Bd2 11... O-O-O 12. Ne2 12... Bxd2 13. Kxd2 13... Nd7 14. b4 14...
Nb6 15. Kc3 15... Na4 16. Kb3 16... b5 17. Nc3 17... Nxc3 18. Kxc3 18... c6 19. a4 19... a6 20. axb5 20... axb5 21. Ra6 21... Kb7 22. Rha1 22... Ra8 23. Rxa8 23... Rxa8 24. Rxa8 24... Kxa8 25. e4 25... dxe4 26.
fxe4 26... Kb7 27. Kd3 27... Kc7 28. Ke3 28... Kd6 29. Kf4 29... h6 30.
c3 30... g5 31. Kg4 31... e5 32. h4 32... gxh4 33. Kxh4 33... exd4 34. cxd4 34... Ke6 35. Kh5 35... f5 36. f3 36...
fxe4 37. fxe4 37... Kf6 38. Kxh6 38... Ke6 39.
Kg5 39... Kd6 40. Kf6 40... Kd7 41. e5 41... Ke8 42. Ke6",1. 0:03:00 1... 0:03:00 2. 0:03:01 2... 0:03:00 3. 0:03:03 3... 0:03:00 4. 0:03:04 4... 0:03:00 5. 0:02:59 5... 0:03:01 6. 0:02:59 6... 0:03:01 7. 0:03:01 7... 0:03:02 8. 0:03:02 8... 0:03:01 9. 0:03:03 9... 0:03:02 10. 0:03:04 10... 0:03:03 11. 0:03:03 11... 0:03:03 12. 0:03:03 12... 0:03:04 13. 0:03:05 13... 0:02:59 14. 0:03:04 14... 0:02:59 15. 0:02:59 15... 0:02:58 16. 0:03:00 16... 0:02:58 17. 0:02:58 17... 0:02:58 18. 0:03:00 18... 0:02:56 19. 0:03:02 19... 0:02:54 20. 0:03:03 20... 0:02:54 21. 0:03:04 21... 0:02:54 22. 0:03:04 22... 0:02:54 23. 0:03:05 23... 0:02:54 24. 0:03:06 24... 0:02:55 25. 0:03:08 25... 0:02:54 26. 0:03:09 26... 0:02:54 27. 0:03:11 27... 0:02:55 28. 0:03:12 28... 0:02:56 29. 0:03:14 29... 0:02:54 30. 0:03:15 30... 0:02:50 31. 0:03:15 31... 0:02:41 32. 0:03:06 32... 0:02:41 33. 0:03:07 33... 0:02:42 34. 0:03:09 34... 0:02:37 35. 0:03:09 35... 0:02:38 36. 0:03:10 36... 0:02:35 37. 0:03:11 37... 0:02:27 38. 0:03:11 38... 0:02:25 39. 0:03:12 39... 0:02:25 40. 0:03:13 40... 0:02:25 41. 0:03:14 41... 0:02:22 42. 0:03:15,
Rated Blitz game,https://lichess.org/P6Yovet9,2024.08.01,-,Hossam0055,Stortorsk,0-1,2024.08.01,00:01:48,1152,1085,,,A06,Zukertort Opening: Tennison Gambit,180+2,Time forfeit,"1. e4 1... d5 2. Nf3 2... dxe4 3. Ng5 3... Bf5 4. Nc3 4... Nf6 5. Bc4 5... e6 6. Qe2 6...
Bc5 7. Ngxe4 7... Nxe4 8. Nxe4 8... Bb6 9. O-O 9... Nc6 10. d3 10...
O-O 11. Bg5 11... Qd7 12. b3 12... a6 13. a4 13... Bd4 14. Rac1 14... Ne5 15. c3 15... Ba7 16.
d4 16... Nxc4 17. bxc4 17... Rab8 18. c5 18... b6 19. h3 19... bxc5 20.
dxc5 20... Qxa4 21. Ra1 21... Qxe4 22. Qxe4 22... Bxe4 23. Rxa6 23... Bxc5 24. Be3 24... Bxe3 25.
fxe3 25... c6 26. Ra7 26... Rb2 27. Rf4 27... Bxg2 28. Rf2 28... Rxf2 29.
Kxf2 29... Bxh3 30. Rc7 30... g5",1. 0:03:00 1... 0:03:00 2. 0:03:01 2... 0:03:01 3. 0:03:03 3... 0:02:55 4. 0:03:01 4... 0:02:53 5. 0:02:51 5... 0:02:53 6. 0:02:46 6... 0:02:37 7. 0:02:42 7... 0:02:32 8. 0:02:41 8... 0:02:21 9. 0:02:27 9... 0:02:10 10. 0:02:13 10... 0:01:57 11. 0:02:03 11... 0:01:54 12. 0:01:51 12... 0:01:46 13. 0:01:40 13... 0:01:46 14. 0:01:21 14... 0:01:46 15. 0:01:01 15... 0:01:42 16. 0:00:53 16... 0:01:41 17. 0:00:49 17... 0:01:28 18. 0:00:43 18... 0:01:21 19. 0:00:38 19... 0:01:17 20. 0:00:32 20... 0:01:16 21. 0:00:29 21... 0:01:14 22. 0:00:23 22... 0:01:16 23. 0:00:23 23... 0:01:14 24. 0:00:16 24... 0:01:14 25. 0:00:18 25... 0:01:11 26. 0:00:17 26... 0:00:59 27. 0:00:17 27... 0:00:54 28. 0:00:15 28... 0:00:53 29. 0:00:14 29... 0:00:54 30. 0:00:11 30... 0:00:38,
Rated Blitz game,https://lichess.org/igRWCkcH,2024.08.01,-,bwelch32747,PCch3ss987,0-1,2024.08.01,00:01:48,1598,1637,,,C48,"Four Knights Game: Spanish Variation, Rubinstein Variation Accepted",180+2,Normal,"1. e4 1... e5 2. Nf3 2... Nc6 3. Nc3 3... Nf6 4. Bb5 4... Nd4 5.
Nxd4 5... exd4 6. Ne2 6... Nxe4 7. d3 7... Nd6 8. Ba4 8... b5 9. Bb3 9... c5 10. a3 10...
Be7 11. O-O 11... O-O 12. Bf4 12... Bb7 13. Ng3 13... Qb6 14. Re1 14... Bf6 15. Bxd6 15... Qxd6 16. Ne4 16... Qc6 17.
Qf3 17... Be5 18. Rac1 18... Qg6 19. Qe2 19... d6 20. Rf1 20... c4 21.
dxc4 21... bxc4 22. f4 22... Bxe4 23. fxe5 23... cxb3 24. cxb3 24... d5 25.
Rf2 25... Rfe8 26. Qd2 26... d3 27. Rc7 27... Rxe5 28. Rcxf7 28... Qxf7 29. Rxf7 29... Kxf7 30. Qf4 30... Rf5 31. Qc7 31... Kg6 32. Qc6 32... Rf6 33. Qxa8 33... d2 34.
Qe8 34... Kh6 35. Qe5 35... d1=Q",1. 0:03:00 1... 0:03:00 2. 0:02:59 2... 0:03:01 3. 0:02:59 3... 0:03:00 4. 0:03:00 4... 0:02:58 5. 0:03:00 5... 0:02:59 6. 0:03:01 6... 0:02:59 7. 0:02:58 7... 0:02:54 8. 0:02:50 8... 0:02:55 9. 0:02:50 9... 0:02:55 10. 0:02:44 10... 0:02:53 11. 0:02:44 11... 0:02:53 12. 0:02:45 12... 0:02:51 13. 0:02:43 13... 0:02:38 14. 0:02:19 14... 0:02:35 15. 0:02:11 15... 0:02:36 16. 0:02:11 16... 0:02:33 17. 0:01:58 17... 0:02:26 18. 0:00:58 18... 0:02:26 19. 0:00:38 19... 0:02:18 20. 0:00:33 20... 0:02:03 21. 0:00:31 21... 0:02:03 22. 0:00:27 22... 0:01:57 23. 0:00:23 23... 0:01:55 24. 0:00:21 24... 0:01:50 25. 0:00:16 25... 0:01:48 26. 0:00:15 26... 0:01:47 27. 0:00:14 27... 0:01:44 28. 0:00:14 28... 0:01:45 29. 0:00:16 29... 0:01:47 30. 0:00:08 30... 0:01:45 31. 0:00:09 31... 0:01:45 32. 0:00:10 32... 0:01:44 33. 0:00:11 33... 0:01:44 34. 0:00:08 34... 0:01:41 35. 0:00:02 35... 0:01:39,
Rated Blitz game,https://lichess.org/sfJK5dDw,2024.08.01,-,wolfar41,DrRoojvelt,1-0,2024.08.01,00:01:48,1437,1399,,,A09,Réti Opening: Réti Accepted,180+2,Normal,"1. Nf3 1... d5 2. c4 2... dxc4 3. e4 3... b5 4. g3 4... Bb7 5. Bg2 5... Bxe4 6. Nc3 6...
Bb7 7. O-O 7... c6 8.
Nd4 8... e5 9. Ndxb5 9... cxb5 10. Bxb7 10... Nd7 11. Bxa8 11... Qxa8 12. Nxb5 12... a6 13. Nc7",1. 0:03:00 1... 0:03:00 2. 0:03:01 2... 0:03:00 3. 0:03:02 3... 0:02:59 4. 0:03:03 4... 0:02:59 5. 0:03:04 5... 0:02:57 6. 0:03:03 6... 0:02:56 7. 0:03:02 7... 0:02:50 8. 0:02:58 8... 0:02:47 9. 0:02:53 9... 0:02:45 10. 0:02:53 10... 0:02:36 11. 0:02:53 11... 0:02:36 12. 0:02:53 12... 0:02:37 13. 0:02:48,
Rated Blitz game,https://lichess.org/b1mfNwet,2024.08.01,-,RandyAndy64,YoungRubinstein2137,1-0,2024.08.01,00:01:48,2064,2010,,,B95,Sicilian Defense: Najdorf Variation,180+2,Normal,"1. e4 1... c5 2. Nf3 2... d6 3. d4 3... cxd4 4. Nxd4 4... Nf6 5.
Nc3 5... a6 6. Bg5 6... e6 7. Qe2 7... Be7 8. f4 8... h6 9. Bxf6 9... Bxf6 10. e5 10...
dxe5 11. fxe5 11... Qxd4 12. exf6 12... Qxf6 13. O-O-O 13... O-O 14. Qe4 14... Nc6 15. Bd3 15... g6 16. Rdf1 16... Qg5 17. Kb1 17... e5 18.
h4 18... Qg4 19. Qe3 19... Kg7 20. h5 20... Bf5 21. hxg6",1. 0:03:00 1... 0:03:00 2. 0:03:01 2... 0:03:01 3. 0:03:02 3... 0:03:03 4. 0:03:03 4... 0:03:03 5. 0:03:04 5... 0:03:04 6. 0:03:05 6... 0:03:03 7. 0:03:05 7... 0:03:00 8. 0:03:06 8... 0:02:37 9. 0:03:00 9... 0:02:38 10. 0:02:55 10... 0:02:28 11. 0:02:54 11... 0:02:25 12. 0:02:53 12... 0:02:26 13. 0:02:53 13... 0:02:27 14. 0:02:44 14... 0:02:02 15. 0:02:44 15... 0:02:01 16. 0:02:41 16... 0:02:02 17. 0:02:41 17... 0:01:59 18. 0:02:39 18... 0:01:55 19. 0:02:25 19... 0:01:30 20. 0:02:23 20... 0:01:20 21. 0:02:20,
Rated Blitz game,https://lichess.org/0iungw56,2024.08.01,-,kiki2310,PartyPancake,1-0,2024.08.01,00:01:48,1730,1728,,,A46,Indian Defense: Wade-Tartakower Defense,180+2,Time forfeit,"1. d4 1... Nf6 2. Nf3 2... d6 3. e3 3... Bg4 4. Be2 4... g6 5. h3 5... Bxf3 6. Bxf3 6... c6 7. c3 7... Bg7 8. Nd2 8... O-O 9. Ne4 9...
d5 10. Nxf6 10... exf6 11. O-O 11... Nd7 12.
Re1 12... Qb6 13. e4 13... dxe4 14. Bxe4 14... f5 15. Bc2 15... Rfe8 16.
b3 16... Nf6 17. Bg5 17... h6 18. Bxf6 18... Bxf6 19. Qf3 19... Qa5 20.
g4 20... Bg5 21. Rxe8 21... Rxe8 22. gxf5 22... gxf5 23. Bxf5 23... Bd2 24.
Kh1 24... Bxc3 25. Rg1 25... Kf8 26. Qh5 26... Ke7 27. Rg7 27... Qd5 28. Kg1",1. 0:03:00 1... 0:03:00 2. 0:03:01 2... 0:03:02 3. 0:03:02 3... 0:03:03 4. 0:03:03 4... 0:03:05 5. 0:03:04 5... 0:03:05 6. 0:03:04 6... 0:03:06 7. 0:03:00 7... 0:03:06 8. 0:03:00 8... 0:03:06 9. 0:02:53 9... 0:03:06 10. 0:02:54 10... 0:03:05 11. 0:02:51 11... 0:03:06 12. 0:02:48 12... 0:03:06 13. 0:02:35 13... 0:03:04 14. 0:02:36 14... 0:03:05 15. 0:02:36 15... 0:03:04 16. 0:02:18 16... 0:03:03 17. 0:02:13 17... 0:02:58 18. 0:02:09 18... 0:02:57 19. 0:02:01 19... 0:02:41 20. 0:01:56 20... 0:00:58 21. 0:01:45 21... 0:00:59 22. 0:01:45 22... 0:00:57 23. 0:01:32 23... 0:00:39 24. 0:01:06 24... 0:00:25 25. 0:00:53 25... 0:00:26 26. 0:00:41 26... 0:00:07 27. 0:00:14 27... 0:00:04 28. 0:00:12,
Rated Blitz game,https://lichess.org/dhjfHw9V,2024.08.01,-,Magnesium_calcium7,demonshic,1-0,2024.08.01,00:01:48,1749,1772,,,A13,English Opening: Agincourt Defense,180+2,Normal,"1. c4 1... e6 2. Nc3 2... d5 3. cxd5 3... exd5 4. d4 4... Be6 5. g3 5... c5 6. Bg2 6...
cxd4 7. Qxd4 7... Nc6 8. Qa4 8... Bb4 9. Bd2 9... Ne7 10. Nf3 10... h6 11.
O-O 11... O-O 12. a3 12... Ba5 13. Rac1 13...
a6 14. Rfd1 14... b5 15. Qh4 15... Bb6 16. e3 16... Nf5 17. Qxd8 17...
Raxd8 18. Nxb5 18... Na5 19. Bxa5 19... Bxa5 20.
Nbd4 20... Nxd4 21. Nxd4 21... Rd6 22. Rc6 22...
Rfd8 23. Nxe6 23... fxe6 24.
Rdc1 24... d4 25. Rc8 25...
d3 26. Rxd8 26... Rxd8 27. Rd1 27... d2 28. Kf1 28...
Rd3 29. Ke2 29... Rb3 30. Bc6 30... Rxb2 31. a4 31... Rc2 32.
Be4 32... Rc1 33.
Rxd2 33... Bxd2 34. Kxd2 34...
Rc4 35. Bc6 35... a5 36. Bb5 36... Rb4 37. Ke2 37...
Kf7 38. Kf3 38... e5 39. h4 39... Kf6 40.
Ke2 40... e4 41. Kf1 41... g5 42. Kg2 42... Ke5 43. hxg5 43... hxg5 44. Kh3 44... Rb2 45. Kg4 45...
Rxf2 46. Kxg5 46... Rf3 47. Kg4 47... Rxe3 48. Kh3 48... Rf3 49. Kg2 49...
Rf7 50. g4 50... Kf4 51. Kf2 51... e3 52.
Ke2 52... Rd7 53. Bxd7",1. 0:03:00 0. 0:03:00 1... 0:03:01 0. 0:03:01 2. 0:03:03 0. 0:03:02 2... 0:03:05 0. 0:03:03 3. 0:03:06 0. 0:03:04 3... 0:02:49 0. 0:03:04 4. 0:02:51 0. 0:03:05 4... 0:02:31 0. 0:02:48 5. 0:02:14 0. 0:02:47 5... 0:02:09 0. 0:02:47 6. 0:02:00 0. 0:02:47 6... 0:01:46 0. 0:02:47 7. 0:01:34 0. 0:02:40 7... 0:01:21 0. 0:02:23 8. 0:01:13 0. 0:02:04 8... 0:01:13 0. 0:01:58 9. 0:01:11 0. 0:01:59 9... 0:00:50 0. 0:01:43 10. 0:00:20 0. 0:01:43 10... 0:00:21 0. 0:01:32 11. 0:00:23 0. 0:01:31 11... 0:00:17 0. 0:01:29 12. 0:00:12 0. 0:01:24 12... 0:00:13 0. 0:01:18 13. 0:00:09 0. 0:01:16 13... 0:00:09 0. 0:01:17 14. 0:00:07 0. 0:01:17 14... 0:00:07 0. 0:01:08 15. 0:00:08 0. 0:01:09 15... 0:00:04 1. 0:01:08 16. 0:00:05 0. 0:01:07 16... 0:00:05 0. 0:01:08 17. 0:00:05 0. 0:01:08 17... 0:00:07 0. 0:01:00 18. 0:00:07 0. 0:01:00 18... 0:00:08 3. 0:01:01 19. 0:00:09 3. 0:01:01 19... 0:00:09 3. 0:01:02 20. 0:00:11 2. 0:01:02 20... 0:00:11 2. 0:01:01 21. 0:00:12 3. 0:01:02 21... 0:00:12 2. 0:00:53 22. 0:00:14 3. 0:00:54 22... 0:00:15 2. 0:00:50 23. 0:00:14 2. 0:00:48 23... 0:00:16 2. 0:00:49 24. 0:00:16 0. 0:00:50 24... 0:00:17 2. 0:00:49 25. 0:00:18 0. 0:00:33 25... 0:00:14 2. 0:00:33 26. 0:00:12 0. 0:00:22 26... 0:00:13 1. 0:00:22 27. 0:00:13,
Rated Blitz game,https://lichess.org/qgw3a01g,2024.08.01,-,sarayakob,ZeljkoM,1-0,2024.08.01,00:01:48,1983,1967,,,A31,"English Opening: Symmetrical Variation, Anti-Benoni Variation",180+2,Normal,"1. d4 1... Nf6 2. c4 2... c5 3. Nf3 3... e6 4. Nc3 4... g6 5. g3 5... Bg7 6. Bg2 6... O-O 7. O-O 7... cxd4 8.
Nxd4 8... Nc6 9. b3 9... a6 10. Bb2 10... d5 11. Nxc6 11... bxc6 12. Na4 12... Nd7 13. Bxg7 13... Kxg7 14. e4 14... Kg8 15. cxd5 15... cxd5 16. exd5 16... Bb7 17.
dxe6 17... Bxg2 18. exf7 18... Rxf7 19. Kxg2 19... Qf6 20. Qd5 20... Rd8 21. Rad1 21... Rf8 22.
Rd4 22... Ne5 23. Rf4 23... Qc6 24. Qxc6 24... Nxc6 25. Rxf7 25... Kxf7 26. Rd1 26... Nb4 27. Rd2 27... Rc8 28. Nb6 28... Rc6 29. Nc4 29... Re6 30. a3 30... Nc6 31.
Rd7 31... Kg8 32. Rd6 32... Kf7 33. Rxe6 33... Kxe6 34. b4 34... Kd5 35.
Ne3 35... Kd4 36. Kf3 36... Ne5 37. Kf4 37... Nd3 38. Kg5 38... Nxf2 39.
Ng4 39... Nd3 40. Kh6 40... Kc4 41. Kxh7 41... Kb3 42. Kxg6 42... Kxa3 43. h4 43... Kxb4 44. h5 44... Nc5 45. h6 45...
Nd7 46. Kf7 46... Nc5 47. h7 47... Ne4 48. h8=Q 48... Ng5 49. Kg6 49... Ne6 50. Qb8 50... Ka5 51. Kf6 51... Nc5 52.
Ne5 52... Nd7 53. Nxd7",1. 0:03:00 1... 0:03:00 2. 0:03:02 2... 0:03:01 3. 0:03:02 3... 0:03:03 4. 0:03:03 4... 0:03:05 5. 0:03:03 5... 0:03:06 6. 0:03:04 6... 0:03:07 7. 0:03:05 7... 0:02:53 8. 0:03:05 8... 0:02:54 9. 0:03:06 9... 0:02:53 10. 0:03:06 10... 0:02:48 11. 0:02:59 11... 0:02:50 12. 0:02:40 12... 0:02:48 13. 0:02:39 13... 0:02:50 14. 0:02:28 14... 0:02:38 15. 0:02:27 15... 0:02:40 16. 0:02:27 16... 0:02:27 17. 0:02:26 17... 0:02:29 18. 0:02:01 18... 0:02:31 19. 0:02:02 19... 0:02:22 20. 0:01:46 20... 0:02:10 21. 0:01:44 21... 0:02:00 22. 0:01:33 22... 0:01:53 23. 0:01:28 23... 0:01:33 24. 0:01:23 24... 0:01:35 25. 0:01:23 25... 0:01:33 26. 0:01:10 26... 0:01:25 27. 0:01:10 27... 0:01:21 28. 0:01:02 28... 0:01:19 29. 0:01:03 29... 0:01:13 30. 0:00:57 30... 0:01:09 31. 0:00:55 31... 0:01:07 32. 0:00:51 32... 0:00:59 33. 0:00:52 33... 0:01:01 34. 0:00:45 34... 0:00:59 35. 0:00:44 35... 0:00:59 36. 0:00:38 36... 0:00:59 37. 0:00:35 37... 0:01:00 38. 0:00:35 38... 0:01:01 39. 0:00:32 39... 0:00:46 40. 0:00:29 40... 0:00:34 41. 0:00:29 41... 0:00:36 42. 0:00:29 42... 0:00:37 43. 0:00:30 43... 0:00:37 44. 0:00:31 44... 0:00:27 45. 0:00:17 45... 0:00:28 46. 0:00:15 46... 0:00:21 47. 0:00:15 47... 0:00:20 48. 0:00:13 48... 0:00:22 49. 0:00:13 49... 0:00:23 50. 0:00:08 50... 0:00:21 51. 0:00:07 51... 0:00:21 52. 0:00:06 52... 0:00:22 53. 0:00:05,
Rated Blitz game,https://lichess.org/B6VxYGHm,2024.08.01,-,Mixxxa888,jakubk882,1-0,2024.08.01,00:01:48,1563,1513,,,A10,English Opening: Anglo-Scandinavian Defense,180+2,Normal,"1. c4 1... d5 2. cxd5 2... Qxd5 3. Nc3 3... Qd6 4. g3 4... e5 5. Bg2 5... Nf6 6. e3 6...
Bf5 7. Nge2 7... Nc6 8. O-O 8... Be7 9. a3 9... O-O 10. b4 10... a6 11. Re1 11... h6 12.
d4 12... e4 13. Nf4 13... g5 14. Nh5 14... Bg4 15. Nxf6 15... Qxf6 16. Qxg4",1. 0:03:00 1... 0:03:00 2. 0:03:01 2... 0:03:01 3. 0:03:01 3... 0:03:02 4. 0:03:02 4... 0:03:03 5. 0:03:03 5... 0:03:04 6. 0:03:03 6... 0:03:04 7. 0:03:04 7... 0:03:05 8. 0:03:04 8... 0:03:06 9. 0:03:01 9... 0:03:06 10. 0:03:02 10... 0:03:04 11. 0:02:51 11... 0:02:51 12. 0:02:51 12... 0:02:48 13. 0:02:41 13... 0:02:40 14. 0:02:32 14... 0:02:36 15. 0:02:30 15... 0:02:38 16. 0:02:30,
Rated Blitz game,https://lichess.org/OU1o4YgT,2024.08.01,-,hennytho,Ach-bdl_5,0-1,2024.08.01,00:01:48,697,744,,,C20,Center Game,180+2,Normal,"1. e4 1... e5 2. d4 2... Bb4 3. c3 3... Ba5 4. Nf3 4... exd4 5.
Bc4 5... dxc3 6. Bxf7 6... Kxf7 7. Ne5 7... Ke6 8. Qh5 8... Nf6 9.
Qf7 9... Kxe5 10. Bg5 10... cxb2 11. Nd2 11... bxa1=Q",1. 0:03:00 1... 0:03:00 2. 0:03:00 2... 0:02:59 3. 0:02:56 3... 0:02:53 4. 0:02:54 4... 0:02:51 5. 0:02:50 5... 0:02:48 6. 0:02:48 6... 0:02:48 7. 0:02:41 7... 0:02:45 8. 0:02:39 8... 0:02:39 9. 0:02:31 9... 0:02:36 10. 0:02:23 10... 0:02:30 11. 0:02:19 11... 0:02:28,
Rated Blitz game,https://lichess.org/wtdlia1I,2024.08.01,-,goyenechesaladillo,vladiko311,0-1,2024.08.01,00:01:22,2262,2149,,,A58,Benko Gambit Accepted: Fully Accepted Variation,180+2,Normal,"1. d4 1... Nf6 2. c4 2... c5 3. d5 3... b5 4. cxb5 4... a6 5. bxa6 5... Bxa6 6. Nc3 6...
d6 7. g3 7... Qb6 8.
Bg2 8... g6 9. Nf3 9... Bg7 10. O-O 10... Nbd7 11. Re1 11... O-O 12.
Qc2 12... Rab8 13. Nd2 13... Qb4 14. b3 14... Ng4 15. Bb2 15... Bd4 16.
e3 16... Bg7 17. Na4 17... Nge5 18. Qc3 18... Nf3 19. Bxf3 19... Bxc3 20. Bxc3 20... Qb7 21. Rad1 21... Bb5 22. Nb2 22... Qa8 23. a4 23... Ba6 24. h4 24... Bb7 25.
Nbc4 25... Bxd5 26. Bxd5 26... Qxd5 27. e4 27... Qh5 28. e5 28... d5 29. Na5 29... d4 30.
Ba1 30... Nxe5 31. Kg2 31... Nd3 32. Rf1 32... Ra8 33. Nb7 33... Qd5",1. 0:03:00 1... 0:03:00 2. 0:03:00 2... 0:03:00 3. 0:03:01 3... 0:02:58 4. 0:03:01 4... 0:02:59 5. 0:03:01 5... 0:02:59 6. 0:03:02 6... 0:02:52 7. 0:03:03 7... 0:02:52 8. 0:03:04 8... 0:02:52 9. 0:03:05 9... 0:02:53 10. 0:03:07 10... 0:02:49 11. 0:03:09 11... 0:02:49 12. 0:03:01 12... 0:02:47 13. 0:02:56 13... 0:02:38 14. 0:02:45 14... 0:02:33 15. 0:02:41 15... 0:02:33 16. 0:02:37 16... 0:02:33 17. 0:02:19 17... 0:02:24 18. 0:02:07 18... 0:02:19 19. 0:02:02 19... 0:02:19 20. 0:02:03 20... 0:02:10 21. 0:01:54 21... 0:02:07 22. 0:01:54 22... 0:01:49 23. 0:01:53 23... 0:01:48 24. 0:01:24 24... 0:01:47 25. 0:01:16 25... 0:01:41 26. 0:01:15 26... 0:01:41 27. 0:01:15 27... 0:01:36 28. 0:01:05 28... 0:01:33 29. 0:00:52 29... 0:01:31 30. 0:00:43 30... 0:01:26 31. 0:00:43 31... 0:01:25 32. 0:00:36 32... 0:01:24 33. 0:00:29 33... 0:01:24,
Rated Blitz game,https://lichess.org/URwFUCxT,2024.08.01,-,seahorseking,edixonbarrios,0-1,2024.08.01,00:02:08,2179,2188,,,D35,"Queen's Gambit Declined: Exchange Variation, Positional Variation",180+2,Normal,"1. d4 1... d5 2. c4 2... e6 3. Nc3 3... Nf6 4. cxd5 4... exd5 5.
Bg5 5... c6 6. e3 6...
Nbd7 7. Bd3 7... Qa5 8. Ne2 8... Bb4 9. O-O 9... O-O 10. a3 10... Bd6 11. b4 11... Qc7 12.
h3 12... h6 13. Bxf6 13... Nxf6 14. Nc1 14... Re8 15. Nb3 15... Be6 16.
Qd2 16... Rac8 17. Rfc1 17... Qb8 18. Nc5 18... Bxc5 19. bxc5 19... Qc7 20. Rab1 20... Rb8 21.
Rb2 21... Qd7 22. Bf1 22... Bf5 23. a4 23... Re7 24. a5 24... a6 25.
Na4 25... Rbe8 26. Qb4 26... Ne4 27. Nb6 27... Qe6 28. Rb3 28... Qg6 29.
Kh2 29... Nxf2 30. Re1 30... Ne4 31. Be2 31... Qg3 32. Kh1 32... Bxh3 33.
Bf3 33... Ng5 34. Bxd5 34... cxd5 35. gxh3 35... Qxh3 36. Kg1 36... Qg3 37.
Kf1 37... Qf3 38. Kg1 38... Re4 39. Kh2 39... Rh4 40. Kg1 40... Rg4 41.
Kh2 41... Qg2",1. 0:03:00 1... 0:03:00 2. 0:02:57 2... 0:02:59 3. 0:02:58 3... 0:02:59 4. 0:02:59 4... 0:02:59 5. 0:02:59 5... 0:03:00 6. 0:03:00 6... 0:03:00 7. 0:02:55 7... 0:02:59 8. 0:02:47 8... 0:02:59 9. 0:02:47 9... 0:03:00 10. 0:02:41 10... 0:02:58 11. 0:02:34 11... 0:02:56 12. 0:02:33 12... 0:02:56 13. 0:02:33 13... 0:02:56 14. 0:02:34 14... 0:02:53 15. 0:02:35 15... 0:02:36 16. 0:02:00 16... 0:01:39 17. 0:01:59 17... 0:01:39 18. 0:01:36 18... 0:01:39 19. 0:01:36 19... 0:01:32 20. 0:01:35 20... 0:01:32 21. 0:01:28 21... 0:01:24 22. 0:01:11 22... 0:01:16 23. 0:00:31 23... 0:01:00 24. 0:00:31 24... 0:00:59 25. 0:00:22 25... 0:00:50 26. 0:00:21 26... 0:00:42 27. 0:00:17 27... 0:00:41 28. 0:00:08 28... 0:00:33 29. 0:00:08 29... 0:00:28 30. 0:00:07 30... 0:00:26 31. 0:00:07 31... 0:00:26 32. 0:00:06 32... 0:00:23 33. 0:00:05 33... 0:00:14 34. 0:00:04 34... 0:00:13 35. 0:00:04 35... 0:00:10 36. 0:00:05 36... 0:00:11 37. 0:00:06 37... 0:00:10 38. 0:00:07 38... 0:00:11 39. 0:00:03 39... 0:00:11 40. 0:00:03 40... 0:00:11 41. 0:00:03 41... 0:00:08,
Rated Blitz game,https://lichess.org/ZDzk1ssp,2024.08.01,-,tiarnan01,freddykluger,0-1,2024.08.01,00:02:08,1493,1509,,,C11,"French Defense: Steinitz Variation, Boleslavsky Variation",180+2,Normal,"1. e4 1... e6 2. d4 2... d5 3. Nc3 3... Nf6 4. e5 4... Nfd7 5. f4 5... c5 6. Nf3 6...
Nc6 7. Be3 7... Qb6 8.
Qd2 8... Qxb2 9. Rb1 9... Qa3 10. Rb3 10... Qa5",1. 0:03:00 1... 0:03:00 2. 0:03:01 2... 0:03:01 3. 0:03:01 3... 0:02:59 4. 0:03:01 4... 0:03:00 5. 0:03:02 5... 0:03:01 6. 0:03:04 6... 0:03:02 7. 0:03:05 7... 0:03:01 8. 0:03:06 8... 0:02:58 9. 0:02:41 9... 0:02:55 10. 0:00:45 10... 0:02:48,
Rated Blitz game,https://lichess.org/d91ZlsbW,2024.08.01,-,anaksunamon,Acakic88Le,1-0,2024.08.01,00:02:08,1759,1708,,,A45,Indian Defense,180+2,Normal,"1. d4 1... Nf6 2. e3 2... g6 3. Bd3 3... Bg7 4. c4 4... d6 5. b3 5... O-O 6. Bb2 6...
Nbd7 7. Nc3 7... b6 8.
Nf3 8... Bb7 9. e4 9... e5 10. dxe5 10... dxe5 11. O-O 11... Re8 12.
Nd5 12... Nc5 13. Qe2 13... Nxd5 14. cxd5 14... c6 15. Rfd1 15... cxd5 16. exd5 16... e4 17. Bb5 17... exf3 18. Qxe8 18... Qxe8 19. Bxe8 19... Bxb2 20. Rab1 20... Rxe8 21. Rxb2 21... fxg2 22. Kxg2 22... Rd8 23. Rbd2 23... Ne4 24. Rd3 24... Nf6 25. f3 25... Nxd5 26.
Kg3 26... h5 27. h4 27... Kg7 28. Rd4 28... Rd7 29. a4 29... Bc6 30.
b4 30... a6 31. b5 31... axb5 32. axb5 32... Bxb5 33. Rxd5 33... Rxd5 34. Rxd5 34... Bc4 35. Rd4 35... b5 36. Kf4 36...
Kf6 37. Rd6 37... Ke7 38. Rb6 38... Kd7 39. Ke5 39... Kc7 40. Rf6 40... b4 41. Rd6 41... b3 42. Rd1 42... Kb6 43.
f4 43... Kc5 44. f5 44... gxf5 45. Kxf5 45... Kb4 46. Kg5 46... Be2 47.
Rd2 47... Bg4 48. Kf6 48... Kc3 49. Rf2 49... Be6 50. Kg5 50... b2 51.
Rf3 51... Kc2 52. Rf2 52... Kb3 53. Rf1 53... Ka2 54. Kxh5 54... b1=Q 55. Rxb1 55... Kxb1 56. Kg5 56... f5 57. h5 57... Bf7 58. h6 58...
f4 59. Kxf4 59... Bg6 60. Kg5 60... Kc2 61. Kxg6",1. 0:03:00 1... 0:03:00 2. 0:03:02 2... 0:03:01 3. 0:03:03 3... 0:03:03 4. 0:03:05 4... 0:03:03 5. 0:03:07 5... 0:03:04 6. 0:03:08 6... 0:03:03 7. 0:03:09 7... 0:03:03 8. 0:03:11 8... 0:03:00 9. 0:03:13 9... 0:02:58 10. 0:03:01 10... 0:02:58 11. 0:02:59 11... 0:02:53 12. 0:02:58 12... 0:02:49 13. 0:02:56 13... 0:02:16 14. 0:02:53 14... 0:02:15 15. 0:02:37 15... 0:02:08 16. 0:02:37 16... 0:01:55 17. 0:02:36 17... 0:01:45 18. 0:02:22 18... 0:01:45 19. 0:02:23 19... 0:01:41 20. 0:02:20 20... 0:01:35 21. 0:02:21 21... 0:01:34 22. 0:02:21 22... 0:01:27 23. 0:02:17 23... 0:01:21 24. 0:02:16 24... 0:01:10 25. 0:02:11 25... 0:01:05 26. 0:02:03 26... 0:01:03 27. 0:01:58 27... 0:01:00 28. 0:01:59 28... 0:00:42 29. 0:01:56 29... 0:00:34 30. 0:01:48 30... 0:00:21 31. 0:01:28 31... 0:00:20 32. 0:01:30 32... 0:00:08 33. 0:01:30 33... 0:00:07 34. 0:01:30 34... 0:00:08 35. 0:01:29 35... 0:00:09 36. 0:01:28 36... 0:00:11 37. 0:01:28 37... 0:00:11 38. 0:01:27 38... 0:00:10 39. 0:01:26 39... 0:00:11 40. 0:01:26 40... 0:00:11 41. 0:01:27 41... 0:00:10 42. 0:01:28 42... 0:00:10 43. 0:01:25 43... 0:00:10 44. 0:01:26 44... 0:00:09 45. 0:01:28 45... 0:00:10 46. 0:01:28 46... 0:00:10 47. 0:01:23 47... 0:00:11 48. 0:01:22 48... 0:00:12 49. 0:01:19 49... 0:00:12 50. 0:01:19 50... 0:00:13 51. 0:00:59 51... 0:00:12 52. 0:00:57 52... 0:00:13 53. 0:00:43 53... 0:00:13 54. 0:00:35 54... 0:00:11 55. 0:00:33 55... 0:00:13 56. 0:00:34 56... 0:00:09 57. 0:00:33 57... 0:00:08 58. 0:00:30 58... 0:00:07 59. 0:00:30 59... 0:00:08 60. 0:00:30 60... 0:00:10 61. 0:00:30,
Rated Blitz game,https://lichess.org/Qt5By3pG,2024.08.01,-,tbish,E_M_H,0-1,2024.08.01,00:02:08,1672,1665,,,B06,Modern Defense,180+2,Time forfeit,"1. e4 1... g6 2. d4 2... Bg7 3. Nf3 3... Nf6 4. Bd3 4... O-O 5. h3 5... d6 6. O-O 6... h5 7. Bg5 7... Nbd7 8. e5 8... dxe5 9. dxe5 9...
Nh7 10. Bf4 10... e6 11. Re1 11... Nc5 12. Bc4 12... Qxd1 13. Rxd1 13... Bd7 14. c3 14... Bc6 15. Nd4 15... Rfd8 16.
Na3 16... Bd5 17. Bxd5 17... Rxd5 18. Nab5 18... Rd7 19. g4 19... hxg4 20.
hxg4 20... a6 21. Na3 21... Na4 22. Rd2 22... c5 23. Nf3 23... Rxd2 24.
Nxd2 24... Nxb2 25. Rb1 25... Nd3 26. Bg3 26... b5 27. f4 27... c4 28. Ne4 28... Rc8 29.
Nc2 29... Nf8 30. a4 30... bxa4 31. Na1 31... Nd7 32. Kg2 32... Bh6 33.
g5 33... Bg7 34. Nc2 34... N7c5 35. Nxc5 35... Nxc5 36. Rb4 36... a5 37.
Rb5 37... Bf8 38. Rxa5 38... Nb3 39. Rxa4 39... Nc1 40. Ne3 40... Ne2 41.
Be1 41... Nxf4 42. Kf3 42... Nd3 43. Bd2 43... Nxe5 44. Ke4 44... Bg7 45. Nc2 45... Nd3 46.
Ne3 46... Ne5 47. Be1 47... Kf8 48. Bg3 48... Nd3 49. Rxc4 49... Rxc4 50. Nxc4 50... Nc1 51. Be1 51... Ne2 52. Kd3 52... Nf4 53. Kc2 53... Nd5 54. Kd3 54... Ke7 55.
Na3 55... Nf4 56. Ke4 56... Ne2 57. c4 57... Kd7 58. Bd2 58... Kc6 59.
Kd3 59... Ng3 60. Bf4 60... Nf5 61. Ke4 61... Kc5 62. Be5 62... Bf8 63.
Kd3 63... Kb4 64. Nb5 64... Bc5",1. 0:03:00 1... 0:03:00 2. 0:03:01 2... 0:03:01 3. 0:03:02 3... 0:03:01 4. 0:03:02 4... 0:03:02 5. 0:03:03 5... 0:03:02 6. 0:03:04 6... 0:03:01 7. 0:03:03 7... 0:02:57 8. 0:03:02 8... 0:02:57 9. 0:03:02 9... 0:02:56 10. 0:03:01 10... 0:02:55 11. 0:03:02 11... 0:02:55 12. 0:02:54 12... 0:02:54 13. 0:02:54 13... 0:02:55 14. 0:02:55 14... 0:02:55 15. 0:02:53 15... 0:02:40 16. 0:02:51 16... 0:02:37 17. 0:02:46 17... 0:02:37 18. 0:02:46 18... 0:02:31 19. 0:02:39 19... 0:02:27 20. 0:02:40 20... 0:02:27 21. 0:02:39 21... 0:02:27 22. 0:02:39 22... 0:02:27 23. 0:02:38 23... 0:02:25 24. 0:02:39 24... 0:02:25 25. 0:02:39 25... 0:02:26 26. 0:02:38 26... 0:02:26 27. 0:02:30 27... 0:02:26 28. 0:02:29 28... 0:02:09 29. 0:02:26 29... 0:02:06 30. 0:02:20 30... 0:02:03 31. 0:02:13 31... 0:02:00 32. 0:02:07 32... 0:01:53 33. 0:02:07 33... 0:01:54 34. 0:02:04 34... 0:01:51 35. 0:02:01 35... 0:01:51 36. 0:01:58 36... 0:01:48 37. 0:01:58 37... 0:01:31 38. 0:01:56 38... 0:01:31 39. 0:01:55 39... 0:01:29 40. 0:01:53 40... 0:01:26 41. 0:01:50 41... 0:01:24 42. 0:01:51 42... 0:01:21 43. 0:01:50 43... 0:01:21 44. 0:01:49 44... 0:01:16 45. 0:01:29 45... 0:01:12 46. 0:01:17 46... 0:01:01 47. 0:00:47 47... 0:00:45 48. 0:00:48 48... 0:00:38 49. 0:00:48 49... 0:00:37 50. 0:00:49 50... 0:00:34 51. 0:00:49 51... 0:00:34 52. 0:00:48 52... 0:00:33 53. 0:00:48 53... 0:00:27 54. 0:00:42 54... 0:00:27 55. 0:00:40 55... 0:00:23 56. 0:00:32 56... 0:00:22 57. 0:00:32 57... 0:00:21 58. 0:00:31 58... 0:00:21 59. 0:00:28 59... 0:00:21 60. 0:00:23 60... 0:00:21 61. 0:00:20 61... 0:00:17 62. 0:00:20 62... 0:00:15 63. 0:00:19 63... 0:00:14 64. 0:00:19 64... 0:00:08,
Rated Blitz game,https://lichess.org/6VLf2PD4,2024.08.01,-,thatoneguy04,Mdmitr1211,0-1,2024.08.01,00:02:08,2304,2341,,,B92,"Sicilian Defense: Najdorf Variation, Opocensky Variation",180+2,Normal,"1. e4 1... c5 2. Nf3 2... d6 3. d4 3... cxd4 4. Nxd4 4... Nf6 5.
Nc3 5... a6 6. Be2 6... e5 7. Nb3 7... Be7 8. Be3 8... Be6 9. Nd5 9... Bxd5 10. exd5 10... Nbd7 11. c4 11... a5 12. O-O 12... Qc7 13.
Rc1 13... b6 14. f4 14... O-O 15. f5 15... Nc5 16. Nd2 16... h6 17.
Qc2 17... Qd8 18. b3 18... Nh7 19. Bxc5 19... bxc5 20. Ne4 20... Bg5 21.
Rce1 21... Be3 22. Kh1 22... Nf6 23. Ng3 23... Bd4 24. Bd3 24... Re8 25. Qe2 25... a4 26.
Rb1 26... axb3 27. Rxb3 27... Qe7 28. Be4 28... Ra7 29. Rfb1 29... Rea8 30. Rb8 30... Kh7 31.
Rxa8 31... Rxa8 32. Nh5 32... Kg8 33. Bd3 33... Nxh5 34. Qxh5 34... e4 35. Bc2 35... Rxa2 36.
Rb8 36... Kh7 37. Qe2 37... Ra1 38. Rb1 38... Rxb1 39. Bxb1 39... Qg5 40.
h3 40... Qc1 41. Qf1 41... Qxf1",1. 0:03:00 1... 0:03:00 2. 0:03:01 2... 0:03:01 3. 0:03:02 3... 0:03:02 4. 0:03:04 4... 0:03:03 5. 0:03:05 5... 0:03:04 6. 0:03:06 6... 0:03:04 7. 0:03:07 7... 0:03:05 8. 0:03:08 8... 0:03:04 9. 0:03:09 9... 0:02:41 10. 0:03:11 10... 0:02:41 11. 0:03:11 11... 0:02:33 12. 0:03:08 12... 0:02:29 13. 0:02:57 13... 0:02:16 14. 0:02:50 14... 0:02:16 15. 0:02:51 15... 0:02:15 16. 0:02:41 16... 0:02:01 17. 0:02:21 17... 0:01:52 18. 0:02:20 18... 0:01:37 19. 0:01:37 19... 0:01:36 20. 0:01:37 20... 0:01:24 21. 0:01:33 21... 0:01:23 22. 0:01:34 22... 0:01:17 23. 0:01:19 23... 0:00:53 24. 0:01:11 24... 0:00:53 25. 0:00:54 25... 0:00:51 26. 0:00:46 26... 0:00:49 27. 0:00:48 27... 0:00:47 28. 0:00:37 28... 0:00:44 29. 0:00:34 29... 0:00:40 30. 0:00:27 30... 0:00:32 31. 0:00:24 31... 0:00:32 32. 0:00:22 32... 0:00:31 33. 0:00:13 33... 0:00:26 34. 0:00:15 34... 0:00:25 35. 0:00:12 35... 0:00:22 36. 0:00:07 36... 0:00:22 37. 0:00:05 37... 0:00:22 38. 0:00:05 38... 0:00:23 39. 0:00:07 39... 0:00:19 40. 0:00:02 40... 0:00:13 41. 0:00:03 41... 0:00:12,
Rated Blitz game,https://lichess.org/kufR7SsY,2024.08.01,-,man1825,velaskov444,1-0,2024.08.01,00:02:08,1533,1541,,,C50,Italian Game: Rousseau Gambit,180+2,Normal,"1. e4 1... e5 2. Nf3 2... Nc6 3. Bc4 3... f5 4. d3 4... f4 5. Nc3 5... Bb4 6. Bd2 6...
d6 7. Nd5 7... Bxd2 8. Qxd2 8... Bg4 9. h3 9... Bxf3 10. gxf3 10... Nd4 11. Qd1 11... Nf6 12.
c3 12... Nc6 13. Qb3 13... Na5 14. Nxf6 14... Qxf6 15. Bf7 15... Qxf7 16. Qb5 16... Nc6 17. Qxb7 17... O-O 18. Qxc6 18... Qh5 19. O-O-O 19... Qxf3 20. Qxc7 20... Qxf2 21. Rhg1 21... Rf7 22. Qxd6 22... Re8 23. Qd5 23... Qb6 24. Qb3 24... Qe3 25. Kb1 25... f3 26.
Rgf1 26... f2 27. Qc2 27... Rb8 28. Rd2 28... Rf3 29. Rdxf2 29... Rxh3 30. b4 30... Qh6 31. Qb3 31... Kh8 32. Rf8",1. 0:03:00 1... 0:03:00 2. 0:02:54 2... 0:03:01 3. 0:02:56 3... 0:03:00 4. 0:02:54 4... 0:03:01 5. 0:02:51 5... 0:03:00 6. 0:02:51 6... 0:03:00 7. 0:02:51 7... 0:02:59 8. 0:02:52 8... 0:02:58 9. 0:02:51 9... 0:02:58 10. 0:02:53 10... 0:02:58 11. 0:02:43 11... 0:02:56 12. 0:02:44 12... 0:02:39 13. 0:02:42 13... 0:02:22 14. 0:02:40 14... 0:02:23 15. 0:02:41 15... 0:02:22 16. 0:02:42 16... 0:02:20 17. 0:02:42 17... 0:02:03 18. 0:02:39 18... 0:02:01 19. 0:02:30 19... 0:01:55 20. 0:02:29 20... 0:01:55 21. 0:02:28 21... 0:01:45 22. 0:02:21 22... 0:01:29 23. 0:01:52 23... 0:01:24 24. 0:01:36 24... 0:01:21 25. 0:01:34 25... 0:01:21 26. 0:01:27 26... 0:01:13 27. 0:01:24 27... 0:01:13 28. 0:01:24 28... 0:01:06 29. 0:01:23 29... 0:00:59 30. 0:01:06 30... 0:00:49 31. 0:01:06 31... 0:00:49 32. 0:01:06,
Rated Blitz game,https://lichess.org/5LORWDK3,2024.08.01,-,LuisEnrique12,ManuelRezkalla,1-0,2024.08.01,00:02:08,1312,1207,,,C50,"Italian Game: Giuoco Pianissimo, Italian Four Knights Variation",180+2,Normal,"1. e4 1... e5 2. Nf3 2... Nc6 3. Bc4 3... Nf6 4. Nc3 4... Bc5 5. d3 5... d5 6. exd5 6...
Nxd5 7. O-O 7... Nxc3 8. bxc3 8... Bg4 9. h3 9... Bxf3 10. Qxf3 10... O-O 11. Re1 11... Na5 12.
Bd5 12... c6 13. Be4 13... b5 14. Qh5 14... g6 15. Qxe5 15... Nb7 16.
Bh6 16... Re8 17. Qg7",1. 0:03:00 1... 0:03:00 2. 0:03:01 2... 0:03:01 3. 0:03:02 3... 0:03:02 4. 0:03:03 4... 0:03:02 5. 0:03:04 5... 0:03:01 6. 0:03:05 6... 0:03:03 7. 0:03:04 7... 0:03:03 8. 0:03:04 8... 0:02:57 9. 0:03:02 9... 0:02:51 10. 0:03:03 10... 0:02:49 11. 0:02:58 11... 0:02:25 12. 0:02:47 12... 0:02:20 13. 0:02:42 13... 0:02:11 14. 0:02:41 14... 0:02:00 15. 0:02:26 15... 0:01:38 16. 0:02:25 16... 0:01:37 17. 0:02:24,
Rated Blitz game,https://lichess.org/C5p3utte,2024.08.01,-,voldemort00,P4wnQ,1-0,2024.08.01,00:02:08,1176,1206,,,D21,Queen's Gambit Accepted: Normal Variation,180+2,Time forfeit,"1. d4 1... d5 2. c4 2... dxc4 3. Nf3 3... Bg4 4. Nc3 4... Bxf3 5.
gxf3 5... c6 6. e4 6... Nd7 7. Bxc4 7... e6 8. Bd2 8... Ngf6 9.
Rg1 9... Qc7 10. f4 10... O-O-O 11. f3 11... Nh5 12. Be3 12... f5 13.
e5 13... Nb6 14. Bd3 14... Bb4 15. Qc2 15... h6 16. O-O-O 16... Be7 17. h3 17... g5 18. fxg5 18... hxg5 19. Bxg5 19... Bxg5 20. Rxg5 20... Nf4 21. Kb1 21... Rxd4 22.
h4 22... Nh3 23. Rg3 23... Rdxh4 24. Rh1 24... Qxe5 25. a3 25... Qxg3 26.
Ne2 26... Qxf3 27. Rd1 27... Nf2 28. Nd4 28... Qg4 29. Be2 29... Ne4 30.
Bxg4 30... Rxg4 31. Nxe6 31... Nc5 32. Qxf5 32... Rgg8 33. Nxc5 33... Kb8 34. Nd7 34... Nxd7 35. Qxd7 35... Rd8 36. Qg4 36... Rxd1 37. Qxd1 37... Kc8 38. Qg4 38... Kc7 39. Qf4 39... Kb6 40.
Qd4 40... Kc7 41. Qxh8 41... Kd7 42. b4 42...
Kd6 43. Qd8",1. 0:03:00 1... 0:03:00 2. 0:03:01 2... 0:03:01 3. 0:03:01 3... 0:03:01 4. 0:03:02 4... 0:02:56 5. 0:03:02 5... 0:02:58 6. 0:03:03 6... 0:02:34 7. 0:02:07 7... 0:02:22 8. 0:01:48 8... 0:02:05 9. 0:01:47 9... 0:01:31 10. 0:01:41 10... 0:01:22 11. 0:01:41 11... 0:01:12 12. 0:01:39 12... 0:01:08 13. 0:01:39 13... 0:01:01 14. 0:01:39 14... 0:00:27 15. 0:01:30 15... 0:00:19 16. 0:01:30 16... 0:00:12 17. 0:01:27 17... 0:00:10 18. 0:01:23 18... 0:00:11 19. 0:01:24 19... 0:00:11 20. 0:01:25 20... 0:00:11 21. 0:01:22 21... 0:00:12 22. 0:01:12 22... 0:00:13 23. 0:01:09 23... 0:00:11 24. 0:01:03 24... 0:00:12 25. 0:01:00 25... 0:00:13 26. 0:00:51 26... 0:00:13 27. 0:00:48 27... 0:00:13 28. 0:00:42 28... 0:00:11 29. 0:00:25 29... 0:00:09 30. 0:00:24 30... 0:00:10 31. 0:00:25 31... 0:00:09 32. 0:00:22 32... 0:00:09 33. 0:00:21 33... 0:00:07 34. 0:00:23 34... 0:00:04 35. 0:00:23 35... 0:00:06 36. 0:00:08 36... 0:00:06 37. 0:00:09 37... 0:00:05 38. 0:00:06 38... 0:00:04 39. 0:00:05 39... 0:00:04 40. 0:00:04 40... 0:00:03 41. 0:00:05 41... 0:00:03 42. 0:00:06 42... 0:00:03 43. 0:00:05,
Rated Blitz game,https://lichess.org/xQNXzib7,2024.08.01,-,hazard-draxler,Capabotvikhine,1/2-1/2,2024.08.01,00:02:08,1819,1833,,,A48,East Indian Defense,180+2,Normal,"1. d4 1... Nf6 2. Nf3 2... g6 3. e3 3... Bg7 4. Bc4 4... O-O 5. c3 5... d6 6. Qb3 6... e6 7. Nbd2 7... Nc6 8. Be2 8... Qe7 9. O-O 9...
e5 10. d5 10... Nb8 11. e4 11... Nh5 12. Nc4 12... Nf4 13. Bxf4 13... exf4 14. Rae1 14... g5 15. Nfd2 15... g4 16.
g3 16... f3 17. Bd3 17... f6 18. e5 18... fxe5 19. Qc2 19... h6 20.
Bg6 20... Nd7 21. Re4 21... Nf6 22. Rfe1 22... Nxe4 23. Rxe4 23... Qf6 24.
Bh5 24... Bf5 25. Bxg4 25... Bxe4 26. Nxe4 26... Qg6 27. Be6 27... Kh8 28.
Qb3 28... Rae8 29. Qxb7 29... Rxe6 30. dxe6 30... Qg4 31. Qxc7 31... Qh3 32. Ne3 32... h5 33.
e7 33... Rg8 34. Qd8 34... Bh6 35. Qxg8 35... Kxg8 36. e8=Q 36... Kh7 37. Nf6 37... Kg7 38. Qe7 38... Kg6 39. Qxd6 39... Bxe3 40. Nxh5 40... Kxh5 41. Qxe5 41... Bg5 42. g4 42... Kxg4 43. Qe4 43... Kh5 44. Qh7 44... Bh6 45. Qf7 45... Kg5 46. Qe7 46... Kh5 47.
Qf7 47... Kg5 48. Qe7 48... Kh5 49. Qf7",1. 0:03:00 1... 0:03:00 2. 0:03:01 2... 0:03:00 3. 0:03:03 3... 0:03:01 4. 0:03:03 4... 0:03:00 5. 0:03:04 5... 0:03:00 6. 0:03:05 6... 0:02:55 7. 0:03:06 7... 0:02:56 8. 0:02:48 8... 0:02:49 9. 0:02:42 9... 0:02:44 10. 0:02:40 10... 0:02:35 11. 0:02:40 11... 0:02:34 12. 0:02:35 12... 0:02:32 13. 0:02:34 13... 0:02:32 14. 0:02:35 14... 0:02:24 15. 0:02:33 15... 0:02:22 16. 0:01:53 16... 0:02:12 17. 0:01:52 17... 0:01:56 18. 0:01:46 18... 0:01:51 19. 0:01:47 19... 0:01:41 20. 0:01:47 20... 0:01:25 21. 0:01:32 21... 0:01:14 22. 0:01:33 22... 0:01:03 23. 0:01:35 23... 0:01:01 24. 0:01:34 24... 0:01:01 25. 0:01:32 25... 0:01:01 26. 0:01:34 26... 0:01:02 27. 0:01:33 27... 0:01:00 28. 0:01:11 28... 0:01:00 29. 0:01:11 29... 0:01:00 30. 0:01:13 30... 0:01:01 31. 0:01:10 31... 0:01:00 32. 0:01:11 32... 0:00:57 33. 0:01:08 33... 0:00:53 34. 0:01:05 34... 0:00:52 35. 0:01:06 35... 0:00:53 36. 0:01:06 36... 0:00:53 37. 0:00:59 37... 0:00:52 38. 0:00:55 38... 0:00:52 39. 0:00:24 39... 0:00:52 40. 0:00:23 40... 0:00:42 41. 0:00:24 41... 0:00:41 42. 0:00:23 42... 0:00:38 43. 0:00:20 43... 0:00:35 44. 0:00:20 44... 0:00:36 45. 0:00:18 45... 0:00:34 46. 0:00:18 46... 0:00:33 47. 0:00:19 47... 0:00:34 48. 0:00:19 48... 0:00:35 49. 0:00:19,
Rated Blitz game,https://lichess.org/zYlOwJLi,2024.08.01,-,MPerformance,Christiankadparov2,1-0,2024.08.01,00:02:08,1646,1604,,,B50,Sicilian Defense: Modern Variations,180+2,Normal,"1. e4 1... c5 2. Nf3 2... d6 3. c4 3... Nc6 4. Bd3 4... Bd7 5. a3 5... e5 6. h3 6... Be7 7. Bc2 7... Nf6 8. Nc3 8... a6 9. O-O 9... O-O 10. Ne2 10... Be6 11.
b3 11... b5 12. cxb5 12... axb5 13. Bb2 13... Nd4 14. Nexd4 14... cxd4 15. Re1 15... Rc8 16. Rc1 16... Qd7 17. Qe2 17... Bxh3 18. gxh3 18... Qxh3 19. Nh2 19... Nh5 20.
Qf3 20... Qxf3 21. Nxf3 21... Nf4 22. Kh2 22... g5 23. Rg1 23... f6 24. Nxd4 24... exd4 25. Bd1 25... Rxc1 26. Bxc1 26... Nd3 27. Be2 27... Nxf2 28. Bxb5 28... Nxe4 29. d3 29... Rb8 30.
Bc4 30... Kg7 31. dxe4 31... Ra8 32. Rd1 32... Ra5 33. Rxd4 33... f5 34. exf5 34... Rxf5 35. Kg2 35... Rf4 36. Rxf4 36... gxf4 37. Bxf4 37... Kf6 38. a4",1. 0:03:00 1... 0:03:00 2. 0:03:01 2... 0:03:01 3. 0:03:01 3... 0:02:51 4. 0:02:59 4... 0:02:51 5. 0:02:58 5... 0:02:52 6. 0:02:57 6... 0:02:52 7. 0:02:57 7... 0:02:48 8. 0:02:59 8... 0:02:42 9. 0:02:59 9... 0:02:43 10. 0:02:45 10... 0:02:42 11. 0:02:41 11... 0:02:42 12. 0:02:40 12... 0:02:43 13. 0:02:30 13... 0:02:43 14. 0:02:24 14... 0:02:41 15. 0:02:18 15... 0:02:39 16. 0:02:17 16... 0:02:29 17. 0:02:14 17... 0:02:28 18. 0:02:14 18... 0:02:28 19. 0:02:02 19... 0:02:19 20. 0:01:09 20... 0:02:10 21. 0:01:11 21... 0:02:09 22. 0:01:03 22... 0:02:06 23. 0:00:51 23... 0:01:58 24. 0:00:39 24... 0:01:40 25. 0:00:41 25... 0:01:35 26. 0:00:43 26... 0:01:29 27. 0:00:38 27... 0:01:25 28. 0:00:36 28... 0:01:19 29. 0:00:29 29... 0:01:10 30. 0:00:28 30... 0:01:03 31. 0:00:29 31... 0:00:56 32. 0:00:25 32... 0:00:47 33. 0:00:25 33... 0:00:48 34. 0:00:26 34... 0:00:47 35. 0:00:23 35... 0:00:34 36. 0:00:21 36... 0:00:34 37. 0:00:22 37... 0:00:33 38. 0:00:22,
Rated Blitz game,https://lichess.org/CTJ5ngLI,2024.08.01,-,mohamed333333,optmist,0-1,2024.08.01,00:02:08,1530,1519,,,C30,King's Gambit,180+2,Normal,"1. e4 1... e5 2. f4 2... d6 3. Nf3 3... Nc6 4. Nc3 4... h6 5. Bc4 5... Bg4 6. a3 6...
Nf6 7. fxe5 7... dxe5 8. O-O 8... Nd4 9. d3 9... Nxf3 10. gxf3 10... Bh5 11. Be3 11... a6 12.
Qd2 12... Qd7 13. f4 13... exf4 14. Bxf4 14... O-O-O 15. b4 15... Qg4 16.
Bg3 16... Bd6 17. Rf2 17... Bxg3 18. hxg3 18... Qxg3 19. Rg2 19... Qh3 20.
Rf1 20... Bg6 21. e5 21... Ng4 22. e6 22... Ne3 23. Rh2 23... Qg3 24.
Kh1 24... Nxf1 25. Rg2 25... Qh3 26. Kg1 26... Nxd2",1. 0:03:00 1... 0:03:00 2. 0:03:02 2... 0:03:00 3. 0:03:04 3... 0:03:01 4. 0:03:06 4... 0:03:01 5. 0:03:07 5... 0:03:01 6. 0:03:08 6... 0:03:01 7. 0:03:08 7... 0:03:01 8. 0:02:47 8... 0:03:00 9. 0:02:46 9... 0:02:59 10. 0:02:47 10... 0:02:37 11. 0:02:46 11... 0:02:36 12. 0:02:42 12... 0:02:26 13. 0:02:26 13... 0:01:56 14. 0:02:25 14... 0:01:54 15. 0:02:12 15... 0:01:41 16. 0:02:09 16... 0:01:41 17. 0:00:59 17... 0:01:39 18. 0:00:57 18... 0:01:38 19. 0:00:59 19... 0:01:09 20. 0:00:56 20... 0:00:42 21. 0:00:42 21... 0:00:29 22. 0:00:39 22... 0:00:16 23. 0:00:20 23... 0:00:14 24. 0:00:16 24... 0:00:12 25. 0:00:17 25... 0:00:11 26. 0:00:16 26... 0:00:11,
Rated Blitz game,https://lichess.org/UZnqz0Hm,2024.08.01,-,Muhannad2422,soulrebel2024,0-1,2024.08.01,00:02:08,1126,1124,,,C00,French Defense: Knight Variation,180+2,Normal,"1. e4 1... e6 2. Nf3 2... Nf6 3. Bc4 3... Nxe4 4. O-O 4... d5 5. c3 5... dxc4 6. d4 6...
Nc6 7. Qa4 7... Bd6 8.
Qxc4 8... O-O 9. d5 9... exd5 10. Qxd5 10... Re8 11. Bg5 11... Nxg5 12.
Nxg5 12... Bxh2 13. Kxh2 13... Qxd5 14. Nf3 14... Qd6 15. g3 15... Qd7 16. Nbd2 16... Qh3 17. Kg1 17... Ne5 18. Ng5 18... Qh6 19. Nde4 19... f5 20. Nf6 20... gxf6 21. Rae1 21... Qxg5",1. 0:03:00 1... 0:03:00 2. 0:03:02 2... 0:03:00 3. 0:03:03 3... 0:03:01 4. 0:03:05 4... 0:03:00 5. 0:03:07 5... 0:03:01 6. 0:03:09 6... 0:02:54 7. 0:03:07 7... 0:02:32 8. 0:03:07 8... 0:02:32 9. 0:03:09 9... 0:02:28 10. 0:03:08 10... 0:02:24 11. 0:03:04 11... 0:02:24 12. 0:03:05 12... 0:02:10 13. 0:03:04 13... 0:02:11 14. 0:03:01 14... 0:02:06 15. 0:03:01 15... 0:02:03 16. 0:03:00 16... 0:02:03 17. 0:03:00 17... 0:01:51 18. 0:02:59 18... 0:01:40 19. 0:02:59 19... 0:01:26 20. 0:02:44 20... 0:01:25 21. 0:02:37 21... 0:01:24,
Rated Blitz game,https://lichess.org/2JbKU4Oj,2024.08.01,-,ArmandSanzMx,farid_ptr41,0-1,2024.08.01,00:02:09,1569,1455,,,A01,Nimzo-Larsen Attack: Modern Variation,180+2,Normal,"1. b3 1... e5 2. Bb2 2... Nc6 3. g3 3... d6 4. Bg2 4... Nf6 5. Bxc6 5... bxc6 6. d4 6...
Ba6 7. dxe5 7... dxe5 8. Qxd8 8... Rxd8 9. Nd2 9... Bb4 10. Nf3 10...
Ne4 11. O-O 11... Bxd2 12. Nxe5 12... O-O 13. Nxc6 13... Rde8 14. c4 14... Nc3 15. e3 15... Ne2 16. Kg2 16... Bb7 17.
f3 17... Bxc6 18. Rf2 18... Bc3 19. Rb1 19... Bxb2 20. Rxe2 20... Ba3 21.
e4 21... f5 22. b4 22... fxe4 23. b5 23... exf3 24. Kf2 24... fxe2 25. Ke1 25... Rf1",1. 0:03:00 1... 0:03:00 2. 0:03:01 2... 0:03:00 3. 0:02:55 3... 0:02:59 4. 0:02:51 4... 0:02:59 5. 0:02:50 5... 0:02:59 6. 0:02:51 6... 0:02:54 7. 0:02:50 7... 0:02:54 8. 0:02:50 8... 0:02:55 9. 0:02:51 9... 0:02:50 10. 0:02:49 10... 0:02:48 11. 0:02:41 11... 0:02:43 12. 0:02:40 12... 0:02:33 13. 0:02:39 13... 0:02:26 14. 0:02:35 14... 0:02:20 15. 0:02:28 15... 0:02:15 16. 0:02:26 16... 0:02:13 17. 0:02:21 17... 0:02:11 18. 0:02:22 18... 0:02:04 19. 0:02:13 19... 0:01:59 20. 0:02:13 20... 0:01:57 21. 0:02:13 21... 0:01:55 22. 0:02:14 22... 0:01:53 23. 0:02:14 23... 0:01:52 24. 0:02:13 24... 0:01:52 25. 0:02:11 25... 0:01:52,
Rated Blitz game,https://lichess.org/3trGHa1f,2024.08.01,-,Choque_Alex,kaushal91,0-1,2024.08.01,00:02:35,1823,1750,,,A22,"English Opening: King's English Variation, Two Knights Variation, Smyslov System",180+2,Normal,"1. c4 1... e5 2. Nc3 2... Bb4 3. g3 3... Nf6 4. Bg2 4... O-O 5. Nf3 5... d6 6. O-O 6... c6 7. a3 7... Ba5 8. b4 8... Bc7 9. d3 9... b6 10. Bg5 10... h6 11.
Bd2 11... Bb7 12. Qc2 12... c5 13. b5 13... Nbd7 14. a4 14... d5 15.
cxd5 15... Nxd5 16. Nxd5 16... Bxd5 17. Rfc1 17... Nf6 18. a5 18... e4 19. dxe4 19... Bxe4 20. Qb3 20... Bxf3 21. Bxf3 21... Qxd2 22. Bxa8 22... Rxa8 23. axb6 23... Bxb6 24. e3 24... Ne4 25.
Rc2 25... Qd7 26. Rac1 26... Qf5 27. Qd3 27... Rd8 28. Qe2 28... Rd6 29.
f3 29... Ng5 30. f4 30... Ne6 31. e4 31... Qh3 32. e5 32... Rd8 33.
Kh1 33... Nd4 34. Qd3 34... Nxc2 35. Qxc2 35... Qe6 36. h4 36... Qh3 37.
Kg1 37... Qxg3 38. Kf1 38... Qxf4 39. Ke1",1. 0:03:00 1... 0:03:00 2. 0:03:02 2... 0:03:01 3. 0:03:03 3... 0:03:03 4. 0:03:04 4... 0:03:03 5. 0:03:06 5... 0:03:03 6. 0:03:07 6... 0:03:03 7. 0:03:09 7... 0:03:04 8. 0:03:10 8... 0:03:05 9. 0:03:12 9... 0:03:04 10. 0:03:12 10... 0:02:59 11. 0:03:12 11... 0:03:00 12. 0:03:05 12... 0:02:59 13. 0:03:05 13... 0:02:59 14. 0:03:06 14... 0:02:49 15. 0:02:30 15... 0:02:48 16. 0:02:31 16... 0:02:50 17. 0:02:32 17... 0:02:46 18. 0:02:32 18... 0:02:46 19. 0:02:32 19... 0:02:45 20. 0:02:24 20... 0:02:44 21. 0:02:15 21... 0:02:43 22. 0:02:16 22... 0:02:44 23. 0:02:17 23... 0:02:44 24. 0:02:18 24... 0:02:40 25. 0:02:13 25... 0:02:35 26. 0:02:13 26... 0:02:34 27. 0:01:47 27... 0:02:33 28. 0:01:48 28... 0:02:23 29. 0:01:26 29... 0:02:12 30. 0:01:23 30... 0:02:12 31. 0:01:20 31... 0:02:06 32. 0:01:19 32... 0:02:03 33. 0:01:15 33... 0:02:03 34. 0:01:03 34... 0:01:54 35. 0:01:05 35... 0:01:37 36. 0:00:56 36... 0:01:36 37. 0:00:55 37... 0:01:36 38. 0:00:54 38... 0:01:36 39. 0:00:55,
Rated Blitz game,https://lichess.org/BWiHIpRv,2024.08.01,-,xuculatina,takkomatt,0-1,2024.08.01,00:02:35,2299,2217,,,A03,Bird Opening: Dutch Variation,180+2,Normal,"1. f4 1... d5 2. Nf3 2... Nf6 3. b3 3... Bg4 4. e3 4... Nbd7 5. Bb2 5... e6 6. Be2 6...
Bd6 7. O-O 7... O-O 8.
Ne5 8... Bxe2 9. Qxe2 9... c6 10. d4 10... Ne4 11. Nd2 11... Ndf6 12.
Rae1 12... Nxd2 13. Qxd2 13... Ne4 14. Qe2 14... Qe7 15. Kh1 15... Bxe5 16. dxe5 16... f6 17.
c4 17... f5 18. cxd5 18... cxd5 19. Rc1 19... Rac8 20. Bd4 20... b6 21.
g3 21... Qd7 22. Kg2 22... Rxc1 23. Rxc1 23... Rc8 24. Qd1 24... Rc6 25.
Rxc6 25... Qxc6 26. Bb2 26... Qc5 27. Qc1 27... Qxc1 28. Bxc1 28... Kf7 29. Kf3 29... Ke7 30.
Ba3 30... Kd7 31. Ke2 31... Kc6 32. Kd3 32... Nf2 33. Kd4 33... Ng4 34.
Bf8 34... g6 35. h4 35... Nf2 36. Bb4 36... Ne4 37. Be1 37... a5 38.
a3 38... Nc5 39. b4 39... axb4 40. axb4 40... Ne4 41. Kd3 41... Kb5 42.
Ke2 42... Kc4 43. Kf3 43... Nc3 44. g4 44... Kxb4 45. h5 45... Kc4 46.
hxg6 46... hxg6 47. gxf5 47... gxf5 48. Kg3 48... b5 49. Kh4 49... b4 50. Kg5 50... b3",1. 0:03:00 1... 0:03:00 2. 0:02:57 2... 0:03:01 3. 0:02:58 3... 0:03:01 4. 0:02:57 4... 0:03:02 5. 0:02:48 5... 0:03:03 6. 0:02:48 6... 0:03:00 7. 0:02:48 7... 0:03:01 8. 0:02:36 8... 0:03:00 9. 0:02:36 9... 0:03:01 10. 0:02:34 10... 0:03:01 11. 0:02:34 11... 0:03:02 12. 0:02:27 12... 0:03:02 13. 0:02:27 13... 0:03:03 14. 0:02:26 14... 0:03:02 15. 0:02:19 15... 0:03:02 16. 0:02:15 16... 0:03:01 17. 0:02:09 17... 0:03:00 18. 0:02:05 18... 0:03:00 19. 0:01:59 19... 0:03:00 20. 0:01:56 20... 0:03:00 21. 0:01:48 21... 0:02:57 22. 0:01:39 22... 0:02:56 23. 0:01:39 23... 0:02:57 24. 0:01:32 24... 0:02:51 25. 0:01:04 25... 0:02:53 26. 0:00:56 26... 0:02:42 27. 0:00:56 27... 0:02:38 28. 0:00:58 28... 0:02:38 29. 0:00:55 29... 0:02:39 30. 0:00:53 30... 0:02:39 31. 0:00:51 31... 0:02:38 32. 0:00:51 32... 0:02:36 33. 0:00:48 33... 0:02:32 34. 0:00:37 34... 0:02:31 35. 0:00:32 35... 0:02:29 36. 0:00:28 36... 0:02:24 37. 0:00:25 37... 0:02:10 38. 0:00:23 38... 0:02:08 39. 0:00:21 39... 0:02:08 40. 0:00:19 40... 0:02:09 41. 0:00:16 41... 0:02:09 42. 0:00:14 42... 0:02:07 43. 0:00:14 43... 0:02:03 44. 0:00:14 44... 0:02:03 45. 0:00:15 45... 0:02:00 46. 0:00:12 46... 0:02:00 47. 0:00:12 47... 0:02:00 48. 0:00:13 48... 0:01:56 49. 0:00:13 49... 0:01:56 50. 0:00:11 50... 0:01:46,
Rated Blitz game,https://lichess.org/PkZFJYBs,2024.08.01,-,Black_kng,metinerol,1-0,2024.08.01,00:02:35,1468,1482,,,A01,Nimzo-Larsen Attack: Modern Variation,180+2,Normal,"1. e3 1... e5 2. b3 2... Nc6 3. Bb2 3... Nf6 4. Nf3 4... d6 5. Be2 5... Bf5 6. d4 6...
Qe7 7. c4 7... g6 8.
d5 8... Nd8 9. a3 9...
Bh6 10. b4 10... O-O 11. O-O 11... c6 12. dxc6 12... bxc6 13. Nbd2 13... Nb7 14. Nb3 14... Rfe8 15. Nh4 15... Be6 16.
Nd2 16... c5 17. b5 17... Na5 18. Rc1 18... a6 19. a4 19... axb5 20.
cxb5 20... Bb3 21. Nxb3",1. 0:03:00 1... 0:03:00 2. 0:03:01 2... 0:03:01 3. 0:03:02 3... 0:03:02 4. 0:03:03 4... 0:03:00 5. 0:03:03 5... 0:02:58 6. 0:03:04 6... 0:02:49 7. 0:02:59 7... 0:02:28 8. 0:02:55 8... 0:02:24 9. 0:02:53 9... 0:02:24 10. 0:02:52 10... 0:02:23 11. 0:02:37 11... 0:02:19 12. 0:02:14 12... 0:02:21 13. 0:02:06 13... 0:02:01 14. 0:02:01 14... 0:01:55 15. 0:01:52 15... 0:01:35 16. 0:01:46 16... 0:01:29 17. 0:01:45 17... 0:01:23 18. 0:01:42 18... 0:00:45 19. 0:01:40 19... 0:00:33 20. 0:01:42 20... 0:00:27 21. 0:01:40,
Rated Blitz game,https://lichess.org/70RxCo3X,2024.08.01,-,Albaggar,failicious,0-1,2024.08.01,00:02:35,1030,1048,,,D02,Queen's Pawn Game: London System,180+2,Normal,"1. d4 1... d5 2. Nf3 2... Nf6 3. Bf4 3... e6 4. e3 4... Bd6 5. Bg3 5... b6 6. Bd3 6...
Bxg3 7. hxg3 7... Ng4 8. c4 8... f5 9. cxd5 9... Qxd5 10. Ne5 10... Qa5 11. Nc3 11... Nxe5 12.
dxe5 12... Qxe5 13. Qe2 13... Bb7 14. f3 14...
Nc6 15. O-O-O 15... O-O-O 16. Ba6 16... Rxd1 17. Nxd1 17... Nb4 18. Bxb7 18... Kxb7 19. f4 19... Qc5 20. Nc3 20... Rd8 21. Rd1 21... Rxd1 22. Qxd1 22... Qxe3 23. Qd2 23... Qg1 24. Nd1 24... Qc5 25. Qc3 25... Nxa2",1. 0:03:00 1... 0:03:00 2. 0:03:01 2... 0:03:01 3. 0:03:02 3... 0:03:02 4. 0:03:03 4... 0:03:02 5. 0:03:03 5... 0:03:01 6. 0:03:04 6... 0:03:01 7. 0:03:04 7... 0:03:00 8. 0:03:01 8... 0:02:59 9. 0:02:56 9... 0:02:52 10. 0:02:53 10... 0:02:46 11. 0:02:47 11... 0:02:42 12. 0:02:47 12... 0:02:41 13. 0:02:37 13... 0:02:40 14. 0:02:31 14... 0:02:27 15. 0:02:31 15... 0:02:23 16. 0:02:25 16... 0:02:18 17. 0:02:24 17... 0:02:12 18. 0:02:13 18... 0:02:10 19. 0:02:08 19... 0:02:06 20. 0:02:08 20... 0:02:00 21. 0:02:06 21... 0:01:55 22. 0:02:06 22... 0:01:49 23. 0:02:05 23... 0:01:47 24. 0:01:58 24... 0:01:42 25. 0:01:57 25... 0:01:40,
Rated Blitz game,https://lichess.org/GzWvg4Wh,2024.08.01,-,wagnerdouglas,rigor_22,1-0,2024.08.01,00:02:35,1396,1379,,,C41,Philidor Defense,180+2,Normal,"1. e4 1... e5 2. Nf3 2... d6 3. Bc4 3... Nf6 4. d3 4... h6 5. Nc3 5... Nc6 6. Be3 6...
Bg4 7. Qd2 7... Bxf3 8. gxf3 8... Be7 9. O-O-O 9... O-O 10. Kb1 10...
a6 11. Rdg1 11... Na5 12. Bxh6 12... g6 13. Rxg6 13... Kh7 14. Rg7 14... Kh8 15. Qg5 15... Nh7 16. Qh5 16... Rg8 17.
Rxf7 17... Nxc4 18. dxc4 18... Rg2 19. Be3 19... Bf8 20. Qxh7",1. 0:03:00 1... 0:03:00 2. 0:03:00 2... 0:03:01 3. 0:03:00 3... 0:03:02 4. 0:03:00 4... 0:03:03 5. 0:03:00 5... 0:03:05 6. 0:02:58 6... 0:03:05 7. 0:02:58 7... 0:03:05 8. 0:02:59 8... 0:03:04 9. 0:02:57 9... 0:03:02 10. 0:02:57 10... 0:03:03 11. 0:02:46 11... 0:03:04 12. 0:02:45 12... 0:03:04 13. 0:02:43 13... 0:02:59 14. 0:02:42 14... 0:02:59 15. 0:02:29 15... 0:02:55 16. 0:02:18 16... 0:02:55 17. 0:01:57 17... 0:02:42 18. 0:01:38 18... 0:02:11 19. 0:01:28 19... 0:01:57 20. 0:01:25,
Rated Blitz game,https://lichess.org/0JwiPrr7,2024.08.01,-,antenor1326,ebrahimsharshira,0-1,2024.08.01,00:02:35,1974,1996,,,C64,Ruy Lopez: Classical Variation,180+2,Normal,"1. e4 1... e5 2. Nf3 2... Nc6 3. Bb5 3... Bc5 4. O-O 4... Nge7 5. c3 5... a6 6. Bxc6 6...
Nxc6 7. d4 7... exd4 8. cxd4 8... Bb6 9. d5 9... Ne7 10. Nc3 10... d6 11. h3 11... h6 12. b3 12... O-O 13. Bb2 13... Ng6 14. Nd4 14... Nf4 15. Qd2 15... Qg5 16.
Nf3 16... Qxg2",1. 0:03:00 1... 0:03:00 2. 0:03:01 2... 0:03:02 3. 0:02:59 3... 0:03:03 4. 0:02:59 4... 0:03:03 5. 0:02:58 5... 0:03:03 6. 0:02:51 6... 0:03:05 7. 0:02:51 7... 0:03:05 8. 0:02:52 8... 0:03:07 9. 0:02:50 9... 0:03:07 10. 0:02:41 10... 0:03:08 11. 0:02:35 11... 0:03:08 12. 0:02:23 12... 0:02:56 13. 0:02:24 13... 0:02:57 14. 0:02:18 14... 0:02:56 15. 0:01:54 15... 0:02:55 16. 0:01:30 16... 0:02:52,
Rated Blitz game,https://lichess.org/tIVuTFFE,2024.08.01,-,pvp_man,evgen2004,0-1,2024.08.01,00:02:35,807,759,,,A40,Horwitz Defense,180+2,Time forfeit,"1. d4 1... e6 2.
c4 2... Qf6 3. Nf3 3... Bb4 4. Bd2 4...
Bxd2 5. Nbxd2 5... d5 6. cxd5 6... exd5 7. e3 7... Ne7 8. e4 8... c6 9.
exd5 9... cxd5 10. Ne5 10...
Nf5 11. Qa4 11... Bd7 12. Bb5 12... Nd6 13. Bxd7 13... Nxd7 14. Qxd7 14...
Kf8 15. O-O 15... Rd8 16. Qxb7 16... Nxb7 17. Rfe1 17... Nd6 18. Nc6 18... Rd7 19. Nb8 19... Re7 20.
Nc6 20... Rxe1 21. Rxe1 21... a6 22. Re7 22... a5 23.
Rc7 23... a4 24. Rc8 24... Ne8",1. 0:03:00 0. 0:03:00 1... 0:02:56 0. 0:03:00 2. 0:02:50 0. 0:02:54 2... 0:02:45 0. 0:02:54 3. 0:02:44 0. 0:02:52 3... 0:02:38 0. 0:02:53 4. 0:02:28 0. 0:02:53 4... 0:02:17 0. 0:02:41 5. 0:01:41 0. 0:02:42 5... 0:01:36 0. 0:02:30 6. 0:01:18 0. 0:02:25 6... 0:01:16 0. 0:02:16 7. 0:01:14 0. 0:02:13 7... 0:01:02 0. 0:02:09 8. 0:00:19 0. 0:02:04 8... 0:00:13 0. 0:02:01 9. 0:00:12 0. 0:01:57 9... 0:00:09 0. 0:01:46 10. 0:00:06 0. 0:01:39 10... 0:00:03 0. 0:01:37 11. 0:00:05 0. 0:01:25 11... 0:00:03 0. 0:01:23 12. 0:00:02 0. 0:01:14 12... 0:00:03 5. 0:01:12,
Rated Blitz game,https://lichess.org/Br2Smvs0,2024.08.01,-,ElTrenLokote473,GabrielDeCarlo,0-1,2024.08.01,00:02:35,1153,1119,,,B56,Sicilian Defense: Classical Variation,180+2,Normal,"1. e4 1... c5 2. Nf3 2... d6 3. d4 3... cxd4 4. Nxd4 4... Nc6 5.
Nc3 5... Nf6 6. Bb5 6... Bd7 7. Nxc6 7... bxc6 8. Ba6 8... Qb6 9. Qe2 9... Bc8 10. Bxc8 10... Rxc8 11. Bg5 11... Qd4 12. Bxf6 12... Qxf6 13. O-O 13... e5 14. Qa6 14... Qe6 15. Qxc6 15... Rxc6 16. Nb5 16... Qd7 17. Rac1",1. 0:03:00 1... 0:03:00 2. 0:03:01 2... 0:03:01 3. 0:03:02 3... 0:03:02 4. 0:03:04 4... 0:03:03 5. 0:03:03 5... 0:02:59 6. 0:03:03 6... 0:02:59 7. 0:02:59 7... 0:02:57 8. 0:02:59 8... 0:02:54 9. 0:02:51 9... 0:02:38 10. 0:02:51 10... 0:02:40 11. 0:02:51 11... 0:02:29 12. 0:02:47 12... 0:02:29 13. 0:02:47 13... 0:02:29 14. 0:02:45 14... 0:01:58 15. 0:02:43 15... 0:01:58 16. 0:02:36 16... 0:01:48 17. 0:02:26,
Rated Blitz game,https://lichess.org/QtHG3IMW,2024.08.01,-,ojsed,agi33,1-0,2024.08.01,00:02:35,1631,1639,,,B32,Sicilian Defense: Godiva Variation,180+2,Normal,"1. e4 1... c5 2. Nf3 2... Nc6 3. d4 3... cxd4 4. Nxd4 4... Qb6 5.
Nxc6 5... Qxc6 6. Be2 6... Qxe4 7. O-O 7... Nf6 8. Re1 8... Qd5 9. Bd2 9... g6 10. Bf3 10...
Qb5 11. Nc3 11... Qa6 12. Rb1 12... Bg7 13. b3 13... O-O 14. a4 14...
e6 15. Be3 15... d5 16. Bd4 16... Qd6 17. Be5 17... Qd7 18. Nb5 18... Ne8 19. Bxg7 19... Kxg7 20. Qd4 20... Kg8 21.
Qh4 21... f5 22. Rbd1 22... a6 23. Nd4 23... Qd6 24. Nxe6 24... Bxe6 25. Rxe6 25... Qc5 26. Bxd5 26... Rf7 27. Bc4 27... b5 28. axb5 28... axb5 29. Bd3 29... Nc7 30.
Rf6 30... Raf8 31. Rxf7 31... Rxf7 32. Qd8 32... Qf8 33. Qxf8 33... Rxf8 34. g3 34... b4 35.
Bc4 35... Kg7 36. Rd7 36... Rf7 37. Rxf7 37... Kg8 38. Rxc7",1. 0:03:00 1... 0:03:00 2. 0:03:00 2... 0:03:01 3. 0:03:01 3... 0:03:02 4. 0:03:03 4... 0:03:00 5. 0:03:04 5... 0:03:01 6. 0:03:06 6... 0:03:00 7. 0:03:07 7... 0:02:54 8. 0:03:07 8... 0:02:44 9. 0:03:05 9... 0:02:38 10. 0:03:05 10... 0:02:27 11. 0:02:50 11... 0:02:13 12. 0:02:43 12... 0:02:13 13. 0:02:32 13... 0:02:07 14. 0:02:32 14... 0:02:01 15. 0:02:29 15... 0:01:58 16. 0:02:25 16... 0:01:48 17. 0:02:22 17... 0:01:48 18. 0:02:17 18... 0:01:42 19. 0:02:14 19... 0:01:42 20. 0:02:07 20... 0:01:43 21. 0:01:56 21... 0:01:41 22. 0:01:41 22... 0:01:38 23. 0:01:41 23... 0:01:24 24. 0:01:24 24... 0:01:22 25. 0:01:25 25... 0:01:00 26. 0:01:19 26... 0:00:42 27. 0:01:09 27... 0:00:37 28. 0:01:10 28... 0:00:37 29. 0:01:09 29... 0:00:27 30. 0:00:57 30... 0:00:23 31. 0:00:53 31... 0:00:24 32. 0:00:39 32... 0:00:20 33. 0:00:40 33... 0:00:20 34. 0:00:38 34... 0:00:14 35. 0:00:35 35... 0:00:15 36. 0:00:36 36... 0:00:15 37. 0:00:37 37... 0:00:11 38. 0:00:37,
Rated Blitz game,https://lichess.org/7fUN8Jqa,2024.08.01,-,abnermorana,infants,1-0,2024.08.01,00:02:35,1948,1901,,,A45,Indian Defense,180+2,Time forfeit,"1. d4 1... Nf6 2. e3 2... g6 3. Bd3 3... Bg7 4. f4 4... d6 5. c3 5... a6 6. Nf3 6... b5 7. Nbd2 7... c5 8. O-O 8... c4 9. Bc2 9...
Bb7 10. e4 10... O-O 11. e5 11... Ng4 12. Qe2 12... dxe5 13. fxe5 13... Qb6 14. Kh1 14... Nh6 15. Ne4 15... Nd7 16.
Be3 16... Ng4 17. Bg5 17... f6 18. h3 18... Nh6 19. Be3 19... Nf5 20.
e6 20... Qxe6 21. Nfd2 21... b4 22. Bg1 22... b3 23. axb3 23... cxb3 24. Bxb3 24... Bd5 25. c4 25... Nb6 26. cxd5 26... Nxd5 27. Nxf6",1. 0:03:00 1... 0:03:00 2. 0:03:01 2... 0:03:01 3. 0:03:02 3... 0:03:01 4. 0:03:04 4... 0:03:02 5. 0:03:05 5... 0:03:00 6. 0:03:07 6... 0:03:00 7. 0:03:08 7... 0:03:00 8. 0:03:10 8... 0:02:59 9. 0:03:10 9... 0:02:58 10. 0:03:11 10... 0:02:56 11. 0:03:12 11... 0:02:37 12. 0:03:10 12... 0:02:25 13. 0:03:10 13... 0:02:18 14. 0:03:05 14... 0:02:06 15. 0:02:58 15... 0:01:57 16. 0:02:46 16... 0:01:51 17. 0:02:34 17... 0:01:43 18. 0:02:21 18... 0:01:17 19. 0:01:48 19... 0:01:14 20. 0:01:43 20... 0:00:59 21. 0:01:22 21... 0:00:18 22. 0:01:02 22... 0:00:11 23. 0:01:01 23... 0:00:11 24. 0:01:01 24... 0:00:03 25. 0:00:47 25... 0:00:03 26. 0:00:47 26... 0:00:03 27. 0:00:28,
Rated Blitz game,https://lichess.org/3zojV619,2024.08.01,-,pcm83,washin,0-1,2024.08.01,00:02:35,2016,2020,,,C10,"French Defense: Classical Variation, Svenonius Variation",180+2,Normal,"1. e4 1... Nc6 2. Nc3 2... e6 3. d4 3... d5 4. exd5 4... exd5 5. Be3 5... Nf6 6. Nf3 6...
Bg4 7. Be2 7... Be7 8.
O-O 8... O-O 9. Qd2 9... Re8 10. Rad1 10... a6 11. Ne5 11... Bf5 12.
Nxc6 12... bxc6 13. Bg5 13... Rb8 14. b3 14...
h6 15. Bxf6 15... Bxf6 16. Qf4 16... Bxc2 17. Rc1 17... Bg6 18. Qg3 18... Bxd4 19. Na4 19... Be5 20. f4 20... Bd4 21.
Kh1 21... Rxe2 22. Rxc6 22... Be4 23. Rf3 23... Bxf3 24. gxf3 24... Qe7 25. Rc1 25... Bf2 26.
Qg4 26... Re1 27. Rxe1 27... Qxe1 28. Kg2 28... Qg1 29. Kh3 29... Qf1 30. Qg2 30... Qxg2 31. Kxg2 31... Bd4 32. Kf1 32... c5 33. Ke2 33...
f5 34. h3 34... Kf7 35. Kd3 35... Ke6 36. Ke2 36... Rb4 37. Kd3 37... Kd6 38. Kc2 38... Rxa4 39. bxa4 39... Be3 40.
Kd3 40... Bxf4 41. Kc3 41... g5 42. Kd3 42... h5 43. Ke2 43... Ke5 44.
Kd3 44... c4 45. Kc2 45... Kd4 46. Kd1 46... Kd3 47. a5 47... d4 48. a4 48... c3 49. h4 49...
g4 50. fxg4 50... c2 51. Ke1 51... c1=Q 52. Kf2 52... Qe3 53. Kg2 53... Qg3 54. Kf1 54... Ke3 55. gxf5 55... Qf2",1. 0:03:00 1... 0:03:00 2. 0:03:02 2... 0:03:00 3. 0:03:02 3... 0:03:01 4. 0:03:03 4... 0:03:02 5. 0:03:05 5... 0:03:02 6. 0:03:04 6... 0:03:02 7. 0:03:05 7... 0:03:03 8. 0:03:07 8... 0:03:04 9. 0:03:06 9... 0:03:03 10. 0:03:06 10... 0:02:48 11. 0:03:04 11... 0:02:34 12. 0:03:05 12... 0:02:35 13. 0:03:03 13... 0:02:28 14. 0:03:00 14... 0:02:07 15. 0:03:01 15... 0:02:07 16. 0:02:59 16... 0:02:05 17. 0:03:00 17... 0:01:48 18. 0:02:55 18... 0:01:42 19. 0:02:55 19... 0:01:35 20. 0:02:54 20... 0:01:35 21. 0:02:52 21... 0:01:35 22. 0:02:52 22... 0:01:28 23. 0:02:42 23... 0:01:25 24. 0:02:41 24... 0:01:19 25. 0:02:41 25... 0:01:14 26. 0:02:26 26... 0:01:09 27. 0:02:18 27... 0:01:10 28. 0:02:20 28... 0:01:10 29. 0:02:21 29... 0:01:07 30. 0:02:22 30... 0:01:08 31. 0:02:23 31... 0:01:07 32. 0:02:24 32... 0:01:07 33. 0:02:25 33... 0:01:07 34. 0:02:25 34... 0:01:07 35. 0:02:25 35... 0:01:07 36. 0:02:23 36... 0:01:07 37. 0:02:24 37... 0:01:03 38. 0:02:22 38... 0:00:59 39. 0:02:22 39... 0:01:00 40. 0:02:23 40... 0:01:01 41. 0:02:23 41... 0:01:02 42. 0:02:24 42... 0:01:03 43. 0:02:23 43... 0:01:03 44. 0:02:24 44... 0:01:04 45. 0:02:23 45... 0:01:04 46. 0:02:23 46... 0:01:05 47. 0:02:23 47... 0:01:05 48. 0:02:22 48... 0:01:05 49. 0:02:20 49... 0:01:05 50. 0:02:20 50... 0:01:06 51. 0:02:20 51... 0:01:06 52. 0:02:22 52... 0:01:07 53. 0:02:23 53... 0:01:06 54. 0:02:24 54... 0:01:04 55. 0:02:23 55... 0:01:02,
Rated Blitz game,https://lichess.org/izNgUBkZ,2024.08.01,-,Escaleno,uniqueldrich,0-1,2024.08.01,00:02:37,1623,1611,,,B10,Caro-Kann Defense,180+2,Normal,"1. e4 1... c6 2. Nf3 2... d5 3. exd5 3... cxd5 4. d4 4... Bg4 5. Be2 5... e6 6. Bf4 6...
Bb4 7. c3 7... Ba5 8.
Nbd2 8... a6 9. O-O 9... Nd7 10. h3 10... Bf5 11. Ne5 11... Rc8 12.
Ndf3 12... Ngf6 13. g4 13... Bg6 14. Nxg6 14... hxg6 15. Ne5 15... Rxh3 16.
Kg2 16... Rh7 17. Rh1 17... Ke7 18. Rxh7 18... Nxh7 19. Qh1 19... Nhf6 20.
f3 20... Bc7 21. Qh2 21... Nxe5 22. dxe5 22... Nd7 23. Bg5 23... f6 24.
exf6 24... Nxf6 25. Qh7 25... Kf7 26. Bxf6 26... Qxf6 27. Bd3 27... Bf4 28. Rh1 28... d4 29.
c4 29... b5 30. b3 30... bxc4 31. bxc4 31... Rb8 32. Rh6 32... Rb2 33.
Kf1 33... Be3 34. Bxg6 34... Ke7 35. Qg8 35... Qxf3",1. 0:03:00 1... 0:03:00 2. 0:03:01 2... 0:03:01 3. 0:03:02 3... 0:03:03 4. 0:03:04 4... 0:03:02 5. 0:03:04 5... 0:03:03 6. 0:03:05 6... 0:03:02 7. 0:03:05 7... 0:03:04 8. 0:03:07 8... 0:03:05 9. 0:03:07 9... 0:03:06 10. 0:03:06 10... 0:03:06 11. 0:03:07 11... 0:03:04 12. 0:03:04 12... 0:02:51 13. 0:02:49 13... 0:02:37 14. 0:02:39 14... 0:02:39 15. 0:02:39 15... 0:02:36 16. 0:02:34 16... 0:02:11 17. 0:02:34 17... 0:02:08 18. 0:02:14 18... 0:02:07 19. 0:02:15 19... 0:01:55 20. 0:02:11 20... 0:01:44 21. 0:01:47 21... 0:01:43 22. 0:01:44 22... 0:01:36 23. 0:01:29 23... 0:01:35 24. 0:01:29 24... 0:01:23 25. 0:01:20 25... 0:01:19 26. 0:01:20 26... 0:01:20 27. 0:01:06 27... 0:01:11 28. 0:00:59 28... 0:01:06 29. 0:00:56 29... 0:01:04 30. 0:00:56 30... 0:01:05 31. 0:00:53 31... 0:01:07 32. 0:00:29 32... 0:01:05 33. 0:00:30 33... 0:00:43 34. 0:00:24 34... 0:00:38 35. 0:00:21 35... 0:00:38,
Rated Blitz game,https://lichess.org/6ropUEs6,2024.08.01,-,sergeyskarpov,Rasool69,1-0,2024.08.01,00:02:18,2071,2059,,,A40,Horwitz Defense,180+2,Normal,"1. d4 1... e6 2. Nf3 2... c5 3. c3 3... Qa5 4. e3 4... cxd4 5. exd4 5... Nc6 6. Bd3 6...
Qc7 7. Nbd2 7... Nf6 8. O-O 8... a6 9. a4 9... b6 10. Qe2 10... Bb7 11. Ne4 11... Ng4 12.
Re1 12... f5 13. Ng3 13... O-O-O 14. h3 14... Nf6 15. Bxa6 15... Bd6 16.
Bxb7 16... Kxb7 17. Ne5 17... Bxe5 18. dxe5 18... Nd5 19. Nf1 19... g5 20. Ne3 20... Nf4 21.
Qb5 21... g4 22. Nc4 22... Nd5 23. a5 23... Na7 24. axb6 24... Nxb6 25. Nd6 25... Kb8 26. Qb3 26... gxh3 27. Be3 27... Rhg8 28. Qxb6 28... Qxb6 29. Bxb6 29... Rxg2 30. Kh1 30... Rdg8 31. Bxa7 31... Kc7 32. Be3 32... h2 33. f3 33... f4 34. Bd4 34... R2g3 35.
Rf1 35... h5 36. Ne4 36... Rg2 37. b4 37... h4 38. b5 38... h3 39.
Ra7 39... Kd8 40. Ra8 40... Ke7 41. Rxg8 41... Rxg8 42. b6 42... Rb8 43. Rb1 43... d5 44.
Ng5 44... Rb7 45. Nxh3 45... Kf7 46. Nxf4",1. 0:03:00 1... 0:03:00 2. 0:03:01 2... 0:03:01 3. 0:03:01 3... 0:03:02 4. 0:03:00 4... 0:03:02 5. 0:03:01 5... 0:03:03 6. 0:03:02 6... 0:03:04 7. 0:03:02 7... 0:03:05 8. 0:03:03 8... 0:03:05 9. 0:03:01 9... 0:03:06 10. 0:03:02 10... 0:03:07 11. 0:03:02 11... 0:03:05 12. 0:02:49 12... 0:03:04 13. 0:02:49 13... 0:02:54 14. 0:02:37 14... 0:02:47 15. 0:02:36 15... 0:02:45 16. 0:02:35 16... 0:02:45 17. 0:02:35 17... 0:02:25 18. 0:02:35 18... 0:02:19 19. 0:02:19 19... 0:02:11 20. 0:02:19 20... 0:02:09 21. 0:02:15 21... 0:02:02 22. 0:02:14 22... 0:01:55 23. 0:02:07 23... 0:01:54 24. 0:02:01 24... 0:01:46 25. 0:01:54 25... 0:01:41 26. 0:01:18 26... 0:01:40 27. 0:01:16 27... 0:01:23 28. 0:00:56 28... 0:01:24 29. 0:00:57 29... 0:01:23 30. 0:00:52 30... 0:01:15 31. 0:00:52 31... 0:01:16 32. 0:00:52 32... 0:01:13 33. 0:00:41 33... 0:01:00 34. 0:00:38 34... 0:00:48 35. 0:00:39 35... 0:00:43 36. 0:00:38 36... 0:00:41 37. 0:00:24 37... 0:00:34 38. 0:00:25 38... 0:00:35 39. 0:00:23 39... 0:00:30 40. 0:00:23 40... 0:00:30 41. 0:00:24 41... 0:00:30 42. 0:00:25 42... 0:00:29 43. 0:00:24 43... 0:00:28 44. 0:00:21 44... 0:00:27 45. 0:00:21 45... 0:00:28 46. 0:00:22,
Rated Blitz game,https://lichess.org/BvPTCv2Q,2024.08.01,-,Ajaja12345,Poil2patate,1-0,2024.08.01,00:02:19,1381,1300,,,C20,Portuguese Opening,180+2,Normal,"1. e4 1... e5 2. Bb5 2... Nc6 3. d3 3... a6 4. Ba4 4... b5 5. Bb3 5... Bb7 6. a3 6... d6 7. f4 7... exf4 8. Bxf4 8... Be7 9. Nf3 9...
Nf6 10. O-O 10... O-O 11. Ng5 11... Ne5 12. Bxe5 12... dxe5 13. Nc3 13... c6 14. Qe2 14... Qd4 15. Qf2 15... Bc5 16.
Qxd4 16... Bxd4 17. Kh1 17... Bc8 18. Rab1 18... Be6 19. Bxe6 19... fxe6 20. Nxe6 20... Rf7 21.
Nxd4 21... exd4 22. Ne2 22... Raf8 23. Nxd4 23... Ng4 24. Rxf7 24... Rxf7 25. Nxc6 25... Nf2 26. Kg1 26... Ng4",1. 0:03:00 1... 0:03:00 2. 0:03:01 2... 0:02:59 3. 0:03:01 3... 0:02:59 4. 0:03:02 4... 0:02:59 5. 0:03:03 5... 0:03:00 6. 0:03:01 6... 0:02:47 7. 0:03:02 7... 0:02:45 8. 0:03:04 8... 0:02:44 9. 0:03:04 9... 0:02:37 10. 0:03:03 10... 0:02:36 11. 0:02:46 11... 0:02:27 12. 0:02:23 12... 0:02:27 13. 0:02:23 13... 0:02:14 14. 0:02:15 14... 0:02:13 15. 0:02:01 15... 0:01:55 16. 0:01:53 16... 0:01:56 17. 0:01:54 17... 0:01:37 18. 0:01:52 18... 0:01:27 19. 0:01:50 19... 0:01:26 20. 0:01:50 20... 0:01:09 21. 0:01:35 21... 0:01:10 22. 0:01:36 22... 0:01:08 23. 0:01:37 23... 0:00:50 24. 0:01:27 24... 0:00:51 25. 0:01:29 25... 0:00:41 26. 0:01:28 26... 0:00:35,
Rated Blitz game,https://lichess.org/PPa9TyGy,2024.08.01,-,shady303,endurance-man,0-1,2024.08.01,00:02:33,1858,1820,,,B06,Modern Defense,180+2,Time forfeit,"1. d4 1... g6 2. e4 2... Bg7 3. Be3 3... d6 4. Bd3 4... c6 5. Nc3 5... Nd7 6. Qd2 6...
b5 7. O-O-O 7... a5 8.
h4 8... h5 9. g4 9...
hxg4 10. h5 10... gxh5 11. f3 11... Ndf6 12. fxg4 12... Nxg4 13. Be2 13... Nxe3 14. Qxe3 14... Bh6 15. Qxh6 15... Rxh6 16. Bxh5 16... Nf6 17. Bxf7 17... Kxf7 18. Rxh6 18... Bg4 19. Rf1 19... Kg7 20. Rh2 20... e5 21.
Rg2 21... Qd7 22. dxe5 22... dxe5 23. Rd1 23... Qe6 24. Rf1 24... Kf7 25.
Kb1 25... Ke7 26. Rgf2 26... Nh5 27. Nge2 27... Bxe2 28. Nxe2 28... Rd8 29.
b3 29... Qg4 30. Rf7 30... Ke6 31. Nc3 31... Nf4 32. Rc7 32... Rd6 33.
Kb2 33... Qg2 34. Rd1 34... Rxd1 35. Nxd1 35... Kd6 36. Ra7 36... Qd2 37.
Nc3 37... Qd4 38. Rxa5 38... Ne2 39. a4 39... Qxc3 40. Ka2 40... bxa4 41.
Rxa4 41... Qxc2 42. Ka3 42... Nc3 43. Rc4 43... Nb5 44. Kb4 44... Qd2",1. 0:03:00 1... 0:03:00 2. 0:03:00 2... 0:03:01 3. 0:03:01 3... 0:03:02 4. 0:03:01 4... 0:03:04 5. 0:03:01 5... 0:03:05 6. 0:02:58 6... 0:03:05 7. 0:02:55 7... 0:03:06 8. 0:02:54 8... 0:03:06 9. 0:02:53 9... 0:03:04 10. 0:02:53 10... 0:02:55 11. 0:02:46 11... 0:02:52 12. 0:02:45 12... 0:02:52 13. 0:02:42 13... 0:02:52 14. 0:02:42 14... 0:02:52 15. 0:02:34 15... 0:02:53 16. 0:02:36 16... 0:02:53 17. 0:02:35 17... 0:02:54 18. 0:02:37 18... 0:02:47 19. 0:02:34 19... 0:02:25 20. 0:02:28 20... 0:02:18 21. 0:02:21 21... 0:02:14 22. 0:02:13 22... 0:02:14 23. 0:02:13 23... 0:02:10 24. 0:02:08 24... 0:01:39 25. 0:02:04 25... 0:01:39 26. 0:02:01 26... 0:01:14 27. 0:01:44 27... 0:01:08 28. 0:01:43 28... 0:01:07 29. 0:01:41 29... 0:00:58 30. 0:01:36 30... 0:00:56 31. 0:01:29 31... 0:00:50 32. 0:01:22 32... 0:00:42 33. 0:01:20 33... 0:00:39 34. 0:00:39 34... 0:00:38 35. 0:00:40 35... 0:00:33 36. 0:00:38 36... 0:00:29 37. 0:00:19 37... 0:00:29 38. 0:00:11 38... 0:00:28 39. 0:00:06 39... 0:00:28 40. 0:00:06 40... 0:00:28 41. 0:00:05 41... 0:00:28 42. 0:00:05 42... 0:00:25 43. 0:00:03 43... 0:00:22 44. 0:00:03 44... 0:00:22,
Rated Blitz tournament https://lichess.org/tournament/tDlXPK50,https://lichess.org/LOL7wXle,2024.08.01,-,alandominguezv,Humbertini2015,0-1,2024.08.01,00:02:14,1118,1206,,,D00,Queen's Pawn Game: Accelerated London System,180+2,Time forfeit,"1. d4 1... d5 2. Bf4 2... Bf5 3. e3 3... c5 4. dxc5 4... e6 5. Nf3 5...
Nc6 6. c3 6...
Bxc5 7. Nbd2 7... Nf6 8. Be2 8... O-O 9.
O-O 9... e5 10. Bxe5 10... Nxe5 11. Nxe5 11...
Ne4 12. Bd3 12... Nxd2 13. Bxf5 13... Nxf1 14. Qxf1 14...
f6 15. Ng4 15... g6 16.
Bb1 16... f5 17. Nh6 17... Kg7 18. Nxf5 18... Rxf5 19. Bxf5 19... gxf5 20. g3 20... Rc8 21. Qd1 21... b5 22. b4 22... Bb6 23. a4 23...
bxa4 24. Rxa4 24... Rxc3 25.
Qd2 25... Qc8 26. Kg2 26... Rc2 27. Qxd5 27... Rc3 28. Qe5 28... Kg8 29. Qe6 29... Kf8",1. 0:03:00 0. 0:03:00 1... 0:02:51 0. 0:03:00 2. 0:02:51 0. 0:03:01 2... 0:02:46 0. 0:03:01 3. 0:02:43 0. 0:03:02 3... 0:02:42 0. 0:03:01 4. 0:02:39 0. 0:03:02 4... 0:02:32 0. 0:03:03 5. 0:02:32 0. 0:02:57 5... 0:02:25 0. 0:02:57 6. 0:02:27 0. 0:02:50 6... 0:02:06 0. 0:02:45 7. 0:02:03 0. 0:02:46 7... 0:02:00 0. 0:02:43 8. 0:01:54 0. 0:02:40 8... 0:01:48 0. 0:02:36 9. 0:01:38 0. 0:02:33 9... 0:01:25 1. 0:02:33 10. 0:01:27 0. 0:02:34 10... 0:01:04 0. 0:02:28 11. 0:00:36 0. 0:02:22 11... 0:00:31 1. 0:02:15 12. 0:00:26 0. 0:02:16 12... 0:00:25 1. 0:02:13 13. 0:00:15 0. 0:02:10 13... 0:00:15 0. 0:02:10 14. 0:00:10 0. 0:01:52 14... 0:00:09 3. 0:01:51 15. 0:00:04 1. 0:01:51,
Rated Blitz tournament https://lichess.org/tournament/tDlXPK50,https://lichess.org/KlRKp24s,2024.08.01,-,Gerardo_Mtz_Salinas,Ruschito,0-1,2024.08.01,00:02:14,1488,1443,,,B34,"Sicilian Defense: Accelerated Dragon, Exchange Variation",180+2,Normal,"1. e4 1... c5 2. Nf3 2... Nc6 3. d4 3... cxd4 4. Nxd4 4... g6 5.
Nxc6 5... bxc6 6. Nc3 6... Bg7 7. Bc4 7... Qa5 8. Bd2 8... Ba6 9. Qe2 9... Bxc4 10. Qxc4 10... Nf6 11. O-O 11... Qe5 12. f3 12... O-O 13.
Be3 13... Rab8 14. Rab1 14... Rfd8 15. Bxa7 15... Rb7 16. Bd4 16... Qe6 17. Qxe6 17... dxe6 18. Rfd1 18... Rbd7 19. Bxf6 19... Bxf6 20. Rxd7 20... Rxd7 21. Re1 21... Bxc3 22. bxc3 22... Rd2 23.
Rc1 23... Kg7 24. Kf1 24... Kf6 25. f4 25... e5 26. fxe5 26... Kxe5 27. h4 27... Kxe4 28. Re1 28... Kd5 29. Rxe7 29... Rxc2 30. Rxf7 30... Rxa2 31. Rxh7 31... Rc2 32.
Rd7 32... Ke6 33. Rg7 33... Kf6 34. Rd7 34... Rxc3 35. Rd2 35... Rc4 36.
g3 36... Kf5 37. Kg2 37... g5 38. hxg5 38... Kxg5 39. Kh3 39... Kg6 40.
Re2 40... c5 41. Re6 41... Kg5 42. Re8 42... Rc1 43. Rg8 43... Kf5 44.
g4 44... Kf6 45. Rf8 45... Kg7 46. Rf4 46... c4 47. g5 47... c3 48.
Kg4 48... c2 49. Rc4 49... Rg1 50. Kf3 50... c1=Q 51. Rxc1 51... Rxc1 52. Kf4 52... Rg1 53. Kf5 53... Rg2 54. Kf4 54... Kg6 55. Ke5 55... Rxg5 56. Ke4 56... Kf6 57.
Kf4 57... Kg6 58. Ke4 58... Rf5 59. Kd4 59... Kf6 60. Ke4 60... Ke6 61.
Kd4 61... Re5 62. Kc4 62... Kd6 63. Kd4 63... Ke6 64. Kc4 64... Rd5 65.
Kb4 65... Kd6 66. Kc4 66... Kc6 67. Kc3 67... Kc5 68. Kb3 68... Rd4 69.
Kc2 69... Kc4 70. Kb2 70... Rd3 71. Kc2 71... Kd4 72. Kb2 72... Rc3 73.
Kb1 73... Kd3 74. Kb2 74... Kc4 75. Kb1 75... Kb3 76. Ka1 76... Rc1",1. 0:03:00 1... 0:03:00 2. 0:03:00 2... 0:03:00 3. 0:03:02 3... 0:03:00 4. 0:03:03 4... 0:02:59 5. 0:03:04 5... 0:02:59 6. 0:03:06 6... 0:02:59 7. 0:03:07 7... 0:02:58 8. 0:03:07 8... 0:02:55 9. 0:03:03 9... 0:02:51 10. 0:03:05 10... 0:02:46 11. 0:03:01 11... 0:02:44 12. 0:02:54 12... 0:02:42 13. 0:02:48 13... 0:02:27 14. 0:02:46 14... 0:02:01 15. 0:02:47 15... 0:01:58 16. 0:02:44 16... 0:01:51 17. 0:02:42 17... 0:01:52 18. 0:02:40 18... 0:01:45 19. 0:02:38 19... 0:01:40 20. 0:02:36 20... 0:01:41 21. 0:02:35 21... 0:01:41 22. 0:02:35 22... 0:01:42 23. 0:02:36 23... 0:01:42 24. 0:02:36 24... 0:01:41 25. 0:02:35 25... 0:01:40 26. 0:02:36 26... 0:01:40 27. 0:02:27 27... 0:01:40 28. 0:02:26 28... 0:01:39 29. 0:02:28 29... 0:01:38 30. 0:02:28 30... 0:01:38 31. 0:02:27 31... 0:01:38 32. 0:02:28 32... 0:01:36 33. 0:02:26 33... 0:01:33 34. 0:02:20 34... 0:01:32 35. 0:02:20 35... 0:01:31 36. 0:02:17 36... 0:01:23 37. 0:02:08 37... 0:01:07 38. 0:01:57 38... 0:01:07 39. 0:01:57 39... 0:01:02 40. 0:01:57 40... 0:01:00 41. 0:01:58 41... 0:01:01 42. 0:01:57 42... 0:00:58 43. 0:01:58 43... 0:00:59 44. 0:01:58 44... 0:00:55 45. 0:01:51 45... 0:00:54 46. 0:01:50 46... 0:00:53 47. 0:01:48 47... 0:00:51 48. 0:01:40 48... 0:00:49 49. 0:01:34 49... 0:00:48 50. 0:01:34 50... 0:00:45 51. 0:01:31 51... 0:00:47 52. 0:01:33 52... 0:00:47 53. 0:01:32 53... 0:00:46 54. 0:01:31 54... 0:00:47 55. 0:01:32 55... 0:00:48 56. 0:01:33 56... 0:00:49 57. 0:01:34 57... 0:00:49 58. 0:01:35 58... 0:00:49 59. 0:01:36 59... 0:00:51 60. 0:01:38 60... 0:00:51 61. 0:01:39 61... 0:00:52 62. 0:01:40 62... 0:00:52 63. 0:01:41 63... 0:00:53 64. 0:01:42 64... 0:00:54 65. 0:01:43 65... 0:00:55 66. 0:01:44 66... 0:00:53 67. 0:01:43 67... 0:00:49 68. 0:01:42 68... 0:00:49 69. 0:01:43 69... 0:00:49 70. 0:01:44 70... 0:00:48 71. 0:01:44 71... 0:00:49 72. 0:01:43 72... 0:00:49 73. 0:01:41 73... 0:00:27 74. 0:01:40 74... 0:00:27 75. 0:01:39 75... 0:00:26 76. 0:01:38 76... 0:00:26,
Rated Blitz game,https://lichess.org/G3dx9lM6,2024.08.01,-,ForzaBelgrano,LzKingDl,1-0,2024.08.01,00:02:14,2036,2041,,,E12,Queen's Indian Defense: Kasparov Variation,180+2,Normal,"1. d4 1... Nf6 2. c4 2... e6 3. Nf3 3... b6 4. Nc3 4... Bb7 5. Qc2 5... Bb4 6. Bg5 6... h6 7. Bh4 7... g5 8. Bg3 8... Ne4 9. Rc1 9...
f5 10. h4 10... f4 11. Bh2 11... g4 12. Ne5 12... g3 13. fxg3 13... fxg3 14. Bg1 14... O-O 15.
Nf3 15... d6 16. e3 16... Nd7 17. Bd3 17...
Ndf6 18. a3 18... Bxc3 19. bxc3 19... Qe7 20.
Rh3 20... e5 21. d5 21... Nc5 22. Rxg3 22... Kh8 23.
Bf5 23... e4 24. Nd4 24... Nd3 25. Ke2 25...
Nxc1 26. Qxc1 26... Bc8 27.
Kd2 27... Bxf5 28. Nxf5 28...
Qh7 29. Nd4 29... Nh5 30.
Rg4 30... Rg8 31. Qd1 31... Raf8 32. Ne6 32... Rf6 33. Rxg8 33... Kxg8 34. Qxh5 34... Qf5 35. Qxf5 35...
Rxf5 36. Nxc7 36... Rf1 37. Bh2 37... Ra1 38.
Bxd6 38... Kf7 39. Nb5 39... Kg6 40. g3 40... Kh5 41. Nxa7 41...
Kg4 42. Nb5 42... Kf3 43. Bc7 43... Ra2 44.
Kc1 44... Rh2 45. Bxb6 45... Kxg3 46. a4 46...
Kxh4 47. Kb1 47... Kg4 48. a5 48... Rf2 49. d6 49... Rf8 50.
d7 50... h5 51.
d8=Q",1. 0:03:00 0. 0:03:00 1... 0:03:01 0. 0:03:00 2. 0:03:02 0. 0:02:57 2... 0:03:03 0. 0:02:58 3. 0:03:03 0. 0:02:58 3... 0:03:03 0. 0:02:58 4. 0:03:01 0. 0:02:59 4... 0:03:02 0. 0:02:59 5. 0:02:59 0. 0:02:57 5... 0:02:53 0. 0:02:38 6. 0:02:45 0. 0:02:26 6... 0:02:45 0. 0:02:12 7. 0:02:44 0. 0:02:14 7... 0:02:42 0. 0:01:45 8. 0:02:38 0. 0:01:07 8... 0:02:31 0. 0:01:03 9. 0:02:31 0. 0:00:47 9... 0:02:23 0. 0:00:37 10. 0:02:23 1. 0:00:19 10... 0:02:06 0. 0:00:18 11. 0:02:03 0. 0:00:18 11... 0:01:55 1. 0:00:19 12. 0:01:42 3. 0:00:19 12... 0:01:36 1. 0:00:20 13. 0:01:35 1. 0:00:22 13... 0:01:34 1. 0:00:22 14. 0:01:01 1. 0:00:15 14... 0:01:01 1. 0:00:16 15. 0:00:53 1. 0:00:15 15... 0:00:47 1. 0:00:14 16. 0:00:45 1. 0:00:10 16... 0:00:42 1. 0:00:10 17. 0:00:41 1. 0:00:10 17... 0:00:41 1. 0:00:08 18. 0:00:23 1. 0:00:10 18... 0:00:23 1. 0:00:11 19. 0:00:23 1. 0:00:12 19... 0:00:23 1. 0:00:13 20. 0:00:24 2. 0:00:13 20... 0:00:24 1. 0:00:15 21. 0:00:23 3. 0:00:17 21... 0:00:21 2. 0:00:18 22. 0:00:20 2. 0:00:19 22... 0:00:21 2. 0:00:19 23. 0:00:22 2. 0:00:20 23... 0:00:22 2. 0:00:21 24. 0:00:22 2. 0:00:21 24... 0:00:23 2. 0:00:19 25. 0:00:24 3. 0:00:20 25... 0:00:25 3. 0:00:22 26. 0:00:25,
Rated Blitz game,https://lichess.org/e3MHxY1t,2024.08.01,-,xiuxiuarvingagvigos,jagp,1-0,2024.08.01,00:02:14,1552,1611,,,B21,"Sicilian Defense: Smith-Morra Gambit Accepted, Fianchetto Defense",180+2,Normal,"1. e4 1... c5 2. d4 2... cxd4 3. Nf3 3... Nc6 4. c3 4... dxc3 5.
Nxc3 5... g6 6. Bc4 6... Bg7 7. Bg5 7... e6 8. Bxd8",1. 0:03:00 1... 0:03:00 2. 0:03:01 2... 0:03:01 3. 0:03:01 3... 0:03:01 4. 0:03:03 4... 0:03:00 5. 0:03:05 5... 0:03:01 6. 0:03:06 6... 0:03:02 7. 0:03:07 7... 0:03:04 8. 0:03:05,
Rated Blitz game,https://lichess.org/dtm5Wj7h,2024.08.01,-,spacefly33,aghmour,1-0,2024.08.01,00:02:14,1157,1098,,,D00,Queen's Pawn Game: Accelerated London System,180+2,Normal,"1. d4 1... d5 2. Bf4 2... Nc6 3. Nf3 3... Nf6 4. e3 4... e6 5. Bd3 5... Bd6 6. Bg3 6...
Bxg3 7. hxg3 7... O-O 8. Nbd2 8... Nb4 9. Be2 9... b6 10. Ne5 10...
c5 11. Bb5 11... Nd7 12. Nxd7 12... Bxd7 13. Qh5 13... Bxb5 14. Qxh7",1. 0:03:00 1... 0:03:00 2. 0:03:01 2... 0:03:01 3. 0:03:02 3... 0:03:02 4. 0:03:03 4... 0:03:01 5. 0:03:04 5... 0:03:01 6. 0:03:04 6... 0:03:02 7. 0:03:05 7... 0:02:58 8. 0:03:06 8... 0:02:57 9. 0:03:01 9... 0:02:48 10. 0:03:02 10... 0:02:44 11. 0:02:53 11... 0:02:40 12. 0:02:52 12... 0:02:40 13. 0:02:47 13... 0:02:40 14. 0:02:39,
Rated Blitz game,https://lichess.org/WueXUJcr,2024.08.01,-,GennadiyTarasov_46,skiskipassilla,1-0,2024.08.01,00:02:14,1318,1305,,,C30,King's Gambit Declined: Queen's Knight Defense,180+2,Time forfeit,"1. e4 1... e5 2. f4 2... Nc6 3. fxe5 3... Nxe5 4. Nf3 4... d6 5. Nxe5 5... dxe5 6. d3 6...
Nf6 7. Be3 7... Be7 8.
Nc3 8... O-O 9. Be2 9... Bd7 10. O-O 10... b6 11. Bg5 11... c5 12.
Bxf6 12... Bxf6 13. Nd5 13... Be6 14. c4 14...
Bxd5 15. cxd5 15... a5 16. a4 16... Rb8 17. Qb3 17... Bg5 18. Rf3 18... Bf4 19. g3 19... Qg5 20. Kf2 20... Bd2 21.
Qc2 21... Bb4 22. Qc1 22... Qh6 23. Qxh6 23... gxh6 24. Kg2 24... Kg7 25.
Raf1 25... Rb7 26. Rf6 26... Rg8 27. Bh5 27... Rf8 28. g4 28... Bd2 29.
Rc6 29... Bf4 30. h4 30... f6 31. Kf3",1. 0:03:00 1... 0:03:00 2. 0:03:00 2... 0:03:02 3. 0:02:59 3... 0:03:02 4. 0:03:00 4... 0:03:00 5. 0:03:00 5... 0:03:02 6. 0:02:34 6... 0:03:00 7. 0:02:34 7... 0:03:01 8. 0:02:33 8... 0:03:01 9. 0:02:31 9... 0:03:00 10. 0:02:30 10... 0:03:01 11. 0:02:22 11... 0:03:01 12. 0:02:21 12... 0:03:02 13. 0:02:19 13... 0:02:43 14. 0:02:16 14... 0:02:39 15. 0:02:11 15... 0:02:31 16. 0:02:00 16... 0:02:29 17. 0:01:52 17... 0:02:25 18. 0:01:46 18... 0:02:19 19. 0:01:44 19... 0:02:17 20. 0:01:39 20... 0:01:32 21. 0:01:36 21... 0:01:32 22. 0:01:33 22... 0:01:23 23. 0:01:26 23... 0:01:23 24. 0:01:18 24... 0:01:20 25. 0:01:16 25... 0:01:15 26. 0:01:13 26... 0:01:15 27. 0:00:58 27... 0:00:56 28. 0:00:46 28... 0:00:39 29. 0:00:31 29... 0:00:34 30. 0:00:29 30... 0:00:21 31. 0:00:26,
Rated Blitz game,https://lichess.org/fMUHNbe2,2024.08.01,-,Andersito2020,OsCel,1/2-1/2,2024.08.01,00:02:14,1533,1594,,,A01,Nimzo-Larsen Attack: Modern Variation,180+2,Normal,"1. b3 1... e5 2. Bb2 2... Nc6 3. e4 3... f6 4. Nf3 4... Bc5 5. Be2 5... d6 6. O-O 6... Nh6 7. d4 7... exd4 8.
Nxd4 8... Bxd4 9. Bxd4 9... Qe7 10. Bb5 10... Bd7 11. Bxc6 11... Bxc6 12. Re1 12... O-O-O 13. Nd2 13... Kb8 14. f3 14...
d5 15. e5 15... Qb4 16. c3 16... Qf8 17. e6 17... Qe7 18. Qe2 18... Nf5 19. Bf2 19... h5 20. b4 20... g5 21. b5 21... Be8 22. a4 22...
d4 23. cxd4 23... Nxd4 24. Bxd4 24... Rxd4 25. a5 25... Rb4 26. Rab1 26... Bxb5 27. Qf2 27... Rd8 28. Ne4 28... Rxb1 29.
Rxb1 29... Ba6 30. h3 30... Qxe6 31. Nc5 31... Qc6 32. Nxa6 32... Qxa6 33. Qb2 33... Rd6 34. Qb3 34... b6 35. axb6 35... axb6 36. Qg8 36... Kb7 37. Qg6 37... h4 38.
Rc1 38... Qa3 39. Qe4 39... Kb8 40. Qe8 40... Kb7 41. Qe4 41... Kb8 42.
Qe8 42... Kb7 43. Qe4",1. 0:03:00 1... 0:03:00 2. 0:03:02 2... 0:03:01 3. 0:03:03 3... 0:03:01 4. 0:03:05 4... 0:02:59 5. 0:03:06 5... 0:02:57 6. 0:03:07 6... 0:02:56 7. 0:03:07 7... 0:02:56 8. 0:03:07 8... 0:02:57 9. 0:03:09 9... 0:02:54 10. 0:03:11 10... 0:02:53 11. 0:03:11 11... 0:02:52 12. 0:03:10 12... 0:02:50 13. 0:03:09 13... 0:02:43 14. 0:03:08 14... 0:02:42 15. 0:03:06 15... 0:02:24 16. 0:03:02 16... 0:02:15 17. 0:02:51 17... 0:02:11 18. 0:02:34 18... 0:02:07 19. 0:02:16 19... 0:01:57 20. 0:02:10 20... 0:01:46 21. 0:02:06 21... 0:01:41 22. 0:02:00 22... 0:01:39 23. 0:01:57 23... 0:01:39 24. 0:01:58 24... 0:01:38 25. 0:01:49 25... 0:01:31 26. 0:01:46 26... 0:01:28 27. 0:01:33 27... 0:01:15 28. 0:01:31 28... 0:01:11 29. 0:01:32 29... 0:01:06 30. 0:01:18 30... 0:01:02 31. 0:01:19 31... 0:00:54 32. 0:01:09 32... 0:00:54 33. 0:01:01 33... 0:00:31 34. 0:00:55 34... 0:00:30 35. 0:00:54 35... 0:00:29 36. 0:00:55 36... 0:00:29 37. 0:00:52 37... 0:00:28 38. 0:00:48 38... 0:00:23 39. 0:00:43 39... 0:00:18 40. 0:00:40 40... 0:00:18 41. 0:00:38 41... 0:00:18 42. 0:00:39 42... 0:00:19 43. 0:00:20,
Rated Blitz game,https://lichess.org/8WU5cxm3,2024.08.01,-,maurcs,Weison7,0-1,2024.08.01,00:02:14,965,870,,,C40,Elephant Gambit,180+2,Time forfeit,"1. e4 1... e5 2. Nf3 2... d5 3. exd5 3... Qxd5 4. Nc3 4... Qd6 5. d4 5... exd4 6. Nxd4 6...
Ne7 7. Ne4 7... Qe5 8.
f3 8... c5 9. Nb3 9...
Be6 10. Bd3 10... g6 11. O-O 11... Bg7 12. Re1 12... O-O 13. Nexc5 13... Qf6 14. Nxe6 14... fxe6 15. Nc5 15... Na6 16.
Nd7 16... Nb4 17. Nxf6 17... Rxf6 18. Rxe6 18... Rxe6 19. Bd2 19... Nxd3 20. cxd3 20... Bxb2 21. Rb1 21... Bg7 22. Rxb7 22... Rc8 23. Qb3 23... Rc6 24. Rxa7 24... Kf7 25. Bb4 25... Kf6 26.
Qb2 26... Kf7 27. Bxe7 27... Bxb2 28. Kf2 28... Bd4 29. Kg3 29... Be5 30. f4 30... Bd4 31.
Bh4 31... Ke8 32. Rxh7 32... Rc2 33. Rh6 33... Rxa2 34. f5 34... Re3 35. Kf4 35... Rxg2 36.
f6 36... Rxh2 37. Bf2 37... Rxf2 38. Kg4 38... Rxf6 39. Kg5 39... Rf5 40.
Kxg6 40... Rf1 41. Rh8 41... Ke7 42. Rh4 42... Rg1 43. Kf5 43... Rxd3 44. Ke4 44... Rgg3 45.
Rf4 45... Rge3 46. Kf5 46... Re5 47. Kg4 47... Rd1 48. Kg3 48... Rg1 49. Kf3 49... Re3",1. 0:03:00 1... 0:03:00 2. 0:03:01 2... 0:02:54 3. 0:02:59 3... 0:02:54 4. 0:03:00 4... 0:02:51 5. 0:02:45 5... 0:02:50 6. 0:02:45 6... 0:02:44 7. 0:02:44 7... 0:02:42 8. 0:02:39 8... 0:02:40 9. 0:02:20 9... 0:02:34 10. 0:01:50 10... 0:02:32 11. 0:01:51 11... 0:02:33 12. 0:01:50 12... 0:02:33 13. 0:01:49 13... 0:02:07 14. 0:01:22 14... 0:02:03 15. 0:01:22 15... 0:01:59 16. 0:01:22 16... 0:01:54 17. 0:01:19 17... 0:01:53 18. 0:01:14 18... 0:01:53 19. 0:01:02 19... 0:01:50 20. 0:01:03 20... 0:01:47 21. 0:01:03 21... 0:01:42 22. 0:01:03 22... 0:01:37 23. 0:01:01 23... 0:01:30 24. 0:00:58 24... 0:01:30 25. 0:00:51 25... 0:01:26 26. 0:00:35 26... 0:01:24 27. 0:00:27 27... 0:01:23 28. 0:00:25 28... 0:01:21 29. 0:00:25 29... 0:01:20 30. 0:00:24 30... 0:01:19 31. 0:00:21 31... 0:01:15 32. 0:00:20 32... 0:01:10 33. 0:00:20 33... 0:01:08 34. 0:00:19 34... 0:01:06 35. 0:00:19 35... 0:01:01 36. 0:00:19 36... 0:01:01 37. 0:00:17 37... 0:01:00 38. 0:00:15 38... 0:01:00 39. 0:00:12 39... 0:00:59 40. 0:00:12 40... 0:00:54 41. 0:00:11 41... 0:00:52 42. 0:00:07 42... 0:00:52 43. 0:00:07 43... 0:00:50 44. 0:00:05 44... 0:00:43 45. 0:00:04 45... 0:00:41 46. 0:00:04 46... 0:00:40 47. 0:00:04 47... 0:00:36 48. 0:00:03 48... 0:00:32 49. 0:00:02 49... 0:00:33,
Rated Blitz game,https://lichess.org/BZfN36JQ,2024.08.01,-,AAashraf,Umut1900,0-1,2024.08.01,00:02:14,1465,1372,,,C41,Philidor Defense,180+2,Normal,"1. e4 1... e5 2. Nf3 2... d6 3. Bc4 3... h6 4. d4 4... exd4 5. Qxd4 5... a6 6. Qd5 6...
Be6 7. Qxb7 7... Nd7 8. Bxe6 8... Nc5 9. Qc6 9... Ke7 10. Bd5 10...
Nf6 11. b4 11... Nxd5 12. bxc5 12... Nb4 13. cxd6 13... cxd6 14. Qb7 14... Ke6 15. Qxb4 15... d5 16. Qb3 16... a5 17.
exd5 17... Qxd5 18. Nd4 18... Kd6 19. Qb6 19... Ke5 20. f4 20... Ke4 21. O-O 21... Qxd4 22. Kh1 22... Qxb6 23. Nc3 23... Kf5 24. g4 24... Kxg4 25. Rg1 25... Kf5 26. Nd5 26... Qc6 27.
c4 27... Bc5 28. Re1 28... Rhe8 29. Rxe8 29... Rxe8 30. Bb2 30... f6 31.
h3 31... g5 32. fxg5 32... hxg5 33. Rf1 33... Kg6 34. Rxf6 34... Qxf6 35. Nxf6 35... Re1 36. Kg2 36... Re2 37. Kf3 37... Rxb2 38. Ne4 38... Bb4 39. c5 39... Rc2 40.
Ke3 40... Bxc5 41. Kd3 41... Rxa2 42. Nxc5 42... Ra3 43. Kc4 43... Rxh3 44. Nb3 44... a4 45.
Nc1 45... a3 46. Kb4 46... g4 47. Nb3 47... Rxb3 48. Kxb3 48... g3 49.
Kxa3 49... g2 50. Kb2 50... g1=Q 51. Kc3 51... Qd1 52. Kb2 52... Kf5 53.
Kc3 53... Ke4 54. Kc4 54... Qd3 55. Kc5 55... Qd5 56. Kb4 56... Qc6 57.
Kb3 57... Kd4 58. Kb2 58... Kd3 59. Kb3 59... Qb6 60. Ka4 60... Kc4 61.
Ka3 61... Qb3",1. 0:03:00 1... 0:03:00 2. 0:03:01 2... 0:03:01 3. 0:03:02 3... 0:03:01 4. 0:03:03 4... 0:03:01 5. 0:03:04 5... 0:02:58 6. 0:03:01 6... 0:02:50 7. 0:03:01 7... 0:02:42 8. 0:02:59 8... 0:02:35 9. 0:02:57 9... 0:02:33 10. 0:02:54 10... 0:02:28 11. 0:02:40 11... 0:02:22 12. 0:02:36 12... 0:02:18 13. 0:02:35 13... 0:02:16 14. 0:02:33 14... 0:02:09 15. 0:02:32 15... 0:02:10 16. 0:02:29 16... 0:02:04 17. 0:02:29 17... 0:02:04 18. 0:02:27 18... 0:02:03 19. 0:02:21 19... 0:02:01 20. 0:02:19 20... 0:01:58 21. 0:02:10 21... 0:01:53 22. 0:02:11 22... 0:01:54 23. 0:02:08 23... 0:01:53 24. 0:02:07 24... 0:01:52 25. 0:01:49 25... 0:01:52 26. 0:01:31 26... 0:01:49 27. 0:01:27 27... 0:01:39 28. 0:01:12 28... 0:01:37 29. 0:00:51 29... 0:01:37 30. 0:00:52 30... 0:01:30 31. 0:00:45 31... 0:01:30 32. 0:00:44 32... 0:01:29 33. 0:00:45 33... 0:01:28 34. 0:00:44 34... 0:01:28 35. 0:00:44 35... 0:01:24 36. 0:00:43 36... 0:01:25 37. 0:00:44 37... 0:01:26 38. 0:00:40 38... 0:01:22 39. 0:00:39 39... 0:01:16 40. 0:00:36 40... 0:01:16 41. 0:00:38 41... 0:01:13 42. 0:00:38 42... 0:01:14 43. 0:00:38 43... 0:01:16 44. 0:00:38 44... 0:01:15 45. 0:00:33 45... 0:01:16 46. 0:00:33 46... 0:01:15 47. 0:00:34 47... 0:01:11 48. 0:00:32 48... 0:01:11 49. 0:00:33 49... 0:01:13 50. 0:00:32 50... 0:01:15 51. 0:00:32 51... 0:01:16 52. 0:00:32 52... 0:01:14 53. 0:00:24 53... 0:01:14 54. 0:00:25 54... 0:01:14 55. 0:00:25 55... 0:01:14 56. 0:00:25 56... 0:01:13 57. 0:00:26 57... 0:01:13 58. 0:00:26 58... 0:01:13 59. 0:00:27 59... 0:01:13 60. 0:00:27 60... 0:01:11 61. 0:00:25 61... 0:01:09,
Rated Blitz game,https://lichess.org/qogMEZUM,2024.08.01,-,Sagace555,darkknight-2077,1/2-1/2,2024.08.01,00:02:14,1716,1719,,,E90,"King's Indian Defense: Normal Variation, Rare Defenses",180+2,Normal,"1. d4 1... d6 2. c4 2... Nf6 3. Nc3 3... g6 4. Nf3 4... Bg7 5. e4 5... O-O 6. Bd3 6...
Nbd7 7. Qc2 7... b6 8.
Be3 8... Bb7 9. h3 9... a6 10. O-O 10... c5 11. d5 11... Ne8 12.
a3 12... Ne5 13. Nxe5 13... Bxe5 14. f4 14... Bg7 15. Rae1 15... e5 16.
dxe6 16... fxe6 17. f5 17... exf5 18. exf5 18... gxf5 19. Bxf5 19... Nf6 20.
Bg5 20... Qc7 21. Be6 21... Kh8 22. Bxf6 22... Bxf6 23. Qe2 23... Qg7 24.
Nd5 24... Bd4 25. Kh1 25... Rxf1 26. Rxf1 26... Rf8 27. Rxf8 27... Qxf8 28. Nxb6 28... Qf2 29. Qxf2 29... Bxf2 30. Nc8 30... Bxc8 31. Bxc8 31... Bd4 32. b3 32... a5 33. b4 33... axb4 34. axb4 34... cxb4 35. Bf5 35... Bc5 36. Bc2 36... Kg7 37.
Kh2 37... h6 38. Kg3 38... Kf6 39. Kf4 39... Ke6 40. g4 40... Kf6 41.
h4 41... Kg7 42. g5 42... hxg5 43. hxg5 43... Kf7 44. Kf5 44... Kg7 45.
g6 45... Be3 46. Bb3 46... Bc5 47. Bc2 47... Bd4 48. Ke6 48... Bc5 49.
Kd5 49... b3 50. Bb1 50... b2 51. Ke6 51... Bb4 52. Kd5 52... Bc5 53.
Kc6 53... Kf6 54. Kb5 54... Kg7 55. Ka4 55... Bd4 56. Kb3 56... Be5 57.
Kb4 57... Kh6 58. Kb5 58... Kg5 59. Kc6 59... Kf4 60. Kd5 60... Ke3 61.
g7 61... Bxg7 62. Kxd6 62... Kd2 63. c5 63... Bh6 64. c6 64... Kc1 65.
Bf5 65... Bf4 66. Kd7 66... Bh2 67. c7 67... Bxc7 68. Kxc7 68... b1=Q 69. Bxb1",1. 0:03:00 1... 0:03:00 2. 0:02:43 2... 0:02:58 3. 0:02:44 3... 0:02:51 4. 0:02:46 4... 0:02:53 5. 0:02:47 5... 0:02:53 6. 0:02:48 6... 0:02:36 7. 0:02:47 7... 0:02:34 8. 0:02:42 8... 0:02:35 9. 0:02:43 9... 0:02:03 10. 0:02:44 10... 0:01:56 11. 0:02:45 11... 0:01:48 12. 0:02:45 12... 0:01:44 13. 0:02:45 13... 0:01:45 14. 0:02:45 14... 0:01:33 15. 0:02:33 15... 0:01:28 16. 0:02:32 16... 0:01:27 17. 0:02:31 17... 0:01:24 18. 0:02:31 18... 0:00:47 19. 0:02:29 19... 0:00:47 20. 0:02:28 20... 0:00:16 21. 0:02:26 21... 0:00:10 22. 0:02:25 22... 0:00:09 23. 0:02:16 23... 0:00:09 24. 0:02:11 24... 0:00:09 25. 0:02:09 25... 0:00:09 26. 0:02:09 26... 0:00:10 27. 0:02:09 27... 0:00:10 28. 0:02:00 28... 0:00:10 29. 0:02:01 29... 0:00:11 30. 0:01:50 30... 0:00:11 31. 0:01:50 31... 0:00:12 32. 0:01:51 32... 0:00:12 33. 0:01:47 33... 0:00:13 34. 0:01:48 34... 0:00:14 35. 0:01:46 35... 0:00:15 36. 0:01:46 36... 0:00:16 37. 0:01:46 37... 0:00:18 38. 0:01:47 38... 0:00:18 39. 0:01:48 39... 0:00:10 40. 0:01:49 40... 0:00:11 41. 0:01:49 41... 0:00:11 42. 0:01:50 42... 0:00:11 43. 0:01:51 43... 0:00:11 44. 0:01:52 44... 0:00:12 45. 0:01:51 45... 0:00:10 46. 0:01:49 46... 0:00:12 47. 0:01:49 47... 0:00:13 48. 0:01:50 48... 0:00:14 49. 0:01:51 49... 0:00:12 50. 0:01:51 50... 0:00:12 51. 0:01:52 51... 0:00:12 52. 0:01:48 52... 0:00:12 53. 0:01:46 53... 0:00:12 54. 0:01:45 54... 0:00:13 55. 0:01:46 55... 0:00:13 56. 0:01:44 56... 0:00:14 57. 0:01:45 57... 0:00:14 58. 0:01:45 58... 0:00:15 59. 0:01:46 59... 0:00:16 60. 0:01:47 60... 0:00:15 61. 0:01:46 61... 0:00:15 62. 0:01:47 62... 0:00:13 63. 0:01:48 63... 0:00:10 64. 0:01:49 64... 0:00:10 65. 0:01:47 65... 0:00:10 66. 0:01:47 66... 0:00:11 67. 0:01:48 67... 0:00:11 68. 0:01:49 68... 0:00:12 69. 0:01:47,
Rated Blitz game,https://lichess.org/BPLiUMSH,2024.08.01,-,TxavengerxT,vahid1990,1-0,2024.08.01,00:02:14,1997,2009,,,C58,"Italian Game: Two Knights Defense, Polerio Defense, Bishop Check Line",180+2,Normal,"1. e4 1... e5 2. Bc4 2... Nf6 3. Nf3 3... Nc6 4. Ng5 4... d5 5. exd5 5... Na5 6. Bb5 6... c6 7. dxc6 7...
bxc6 8. Bd3 8... h6 9. Ne4 9... Nxe4 10.
Bxe4 10... f5 11. Bf3 11... Qf6 12. O-O 12... Bd6 13.
Nc3 13... O-O 14. d3 14... Bb7 15. a3 15... c5 16. Bxb7 16... Nxb7 17.
Re1 17... Rad8 18. Qe2 18... Rfe8 19. Nb5 19... Bb8 20. Bd2 20... e4 21. Bc3 21... Qg5 22. dxe4 22... Rxe4 23. Qf3 23...
Rh4 24. g3 24... f4 25. Qxb7 25... fxg3 26.
hxg3 26... Bxg3 27. Qxg7 27... Qxg7 28. Bxg7 28...
Bh2 29. Kg2 29... Kxg7 30. Re7 30... Kf6 31.
Rxa7 31... Rg8 32. Kf3 32... Rf4 33. Ke3 33...
Re8 34. Kd3 34... Rxf2 35. Nc3 35... Rd8 36.
Kc4 36... Rxc2 37. Rf1 37... Kg6 38. Kb3 38...
Rg2 39. Ra6 39... Kg5 40. Ne4 40... Kh5 41.
Nf6 41... Kh4 42. Ne4 42... Rb8 43. Ka4 43...
Rg4 44. Rxh6",1. 0:03:00 0. 0:03:00 1... 0:03:01 0. 0:03:00 2. 0:03:01 0. 0:03:01 2... 0:03:01 0. 0:03:02 3. 0:03:03 0. 0:03:03 3... 0:03:04 0. 0:03:03 4. 0:03:06 0. 0:03:04 4... 0:03:07 0. 0:02:55 5. 0:03:08 0. 0:02:52 5... 0:03:07 0. 0:02:53 6. 0:02:59 0. 0:02:45 6... 0:02:44 0. 0:02:30 7. 0:02:38 0. 0:02:29 7... 0:02:39 0. 0:02:14 8. 0:02:37 0. 0:02:14 8... 0:02:17 0. 0:02:16 9. 0:02:08 0. 0:02:12 9... 0:02:08 0. 0:02:09 10. 0:01:57 0. 0:02:05 10... 0:01:55 3. 0:02:03 11. 0:01:44 1. 0:01:54 11... 0:01:38 1. 0:01:46 12. 0:01:39 1. 0:01:37 12... 0:01:33 1. 0:01:31 13. 0:01:27 0. 0:01:22 13... 0:01:02 0. 0:01:19 14. 0:00:38 0. 0:01:18 14... 0:00:40 1. 0:01:19 15. 0:00:39 0. 0:01:19 15... 0:00:33 1. 0:01:17 16. 0:00:28 1. 0:01:17 16... 0:00:28 1. 0:01:12 17. 0:00:13 0. 0:01:13 17... 0:00:12 1. 0:01:01 18. 0:00:09 0. 0:00:52 18... 0:00:10 1. 0:00:52 19. 0:00:10 0. 0:00:49 19... 0:00:10 0. 0:00:44 20. 0:00:09 0. 0:00:44 20... 0:00:10 0. 0:00:43 21. 0:00:07 0. 0:00:42 21... 0:00:06 0. 0:00:41 22. 0:00:06 1. 0:00:41 22... 0:00:04,
Rated Blitz game,https://lichess.org/AXo6CAO7,2024.08.01,-,Kuhle_Swana,juderhen2020,0-1,2024.08.01,00:02:14,1700,1689,,,D00,Queen's Pawn Game: Accelerated London System,180+2,Time forfeit,"1. d4 1... d5 2. Bf4 2... Bf5 3. e3 3... e6 4. Bd3 4... Bd6 5. Bg3 5... Bg6 6. Nf3 6... Nf6 7. Ne5 7... Bxe5 8.
dxe5 8... Ne4 9. f3 9... Nc5 10. Bxg6 10... fxg6 11. Nc3 11... Nc6 12.
Qe2 12... Qe7 13. O-O-O 13... O-O-O 14. e4 14... d4 15. Nb1 15... Nb4 16. Na3 16... Nca6 17.
Kb1 17... Qc5 18. Qc4 18... Qa5 19. Rxd4 19... Rxd4 20. Qxd4 20... Rd8 21.
Qc3 21... Qb6 22. Nc4 22... Qb5 23. a3 23... Nc6 24. Ne3 24... Nc5 25.
Bf2 25... Na5 26. b4 26... Na4 27. Qb3 27... Nc6 28. c4 28... Nd4 29.
cxb5 29... Nxb3 30. Rd1 30... Nc3 31. Kc2 31... Nxd1 32. Nxd1 32... Nd2 33. Be3 33... Nc4 34.
Kb3 34... Nxe5 35. Nc3 35... Rd3 36. Bf4 36... Nd7 37. Kc2 37... Rd4 38.
Na4 38... e5 39. Be3 39... Rd6 40. Nc5 40... Nxc5 41. bxc5 41... Re6 42.
a4 42... b6 43. c6 43... h5 44. Bg5 44... Rd6 45. h4 45... Re6 46.
g3 46... Rd6 47. Kc3 47... Rd1 48. f4 48... exf4 49. Bxf4 49... Re1 50.
e5 50... Ra1 51. Kb3 51... Kd8",1. 0:03:00 1... 0:03:00 2. 0:03:01 2... 0:03:01 3. 0:03:02 3... 0:03:01 4. 0:03:03 4... 0:02:58 5. 0:03:02 5... 0:02:59 6. 0:03:02 6... 0:02:58 7. 0:03:02 7... 0:02:54 8. 0:02:59 8... 0:02:54 9. 0:02:38 9... 0:02:46 10. 0:02:36 10... 0:02:45 11. 0:02:36 11... 0:02:41 12. 0:02:34 12... 0:02:32 13. 0:02:33 13... 0:02:32 14. 0:02:31 14... 0:02:26 15. 0:02:26 15... 0:02:18 16. 0:02:21 16... 0:02:17 17. 0:02:18 17... 0:02:17 18. 0:02:17 18... 0:02:12 19. 0:02:12 19... 0:02:11 20. 0:02:13 20... 0:02:10 21. 0:02:12 21... 0:01:56 22. 0:02:09 22... 0:01:51 23. 0:02:05 23... 0:01:47 24. 0:02:00 24... 0:01:46 25. 0:01:53 25... 0:01:41 26. 0:01:48 26... 0:01:42 27. 0:01:47 27... 0:01:41 28. 0:01:22 28... 0:01:23 29. 0:01:10 29... 0:01:20 30. 0:01:01 30... 0:01:17 31. 0:01:00 31... 0:01:16 32. 0:01:02 32... 0:01:09 33. 0:00:57 33... 0:01:09 34. 0:00:51 34... 0:01:10 35. 0:00:50 35... 0:01:02 36. 0:00:36 36... 0:00:57 37. 0:00:35 37... 0:00:50 38. 0:00:32 38... 0:00:49 39. 0:00:29 39... 0:00:42 40. 0:00:29 40... 0:00:40 41. 0:00:23 41... 0:00:40 42. 0:00:24 42... 0:00:38 43. 0:00:23 43... 0:00:35 44. 0:00:22 44... 0:00:34 45. 0:00:20 45... 0:00:33 46. 0:00:19 46... 0:00:32 47. 0:00:14 47... 0:00:31 48. 0:00:13 48... 0:00:30 49. 0:00:11 49... 0:00:29 50. 0:00:11 50... 0:00:27 51. 0:00:10 51... 0:00:26,
Rated Blitz game,https://lichess.org/inQ26cX3,2024.08.01,-,atthetop90,vickychaudhary,1-0,2024.08.01,00:02:14,1465,1495,,,D30,Queen's Gambit Declined,180+2,Time forfeit,"1. d4 1... d5 2. c4 2... e6 3. a3 3... dxc4 4. e3 4... Nc6 5. Bxc4 5... a6 6. Qd3 6... b5 7. Ba2 7... Na5 8. Nc3 8... Nc4 9. Bxc4 9...
bxc4 10. Qxc4 10... Bb7 11. f3 11... Nf6 12.
Nge2 12... Bd6 13. e4 13... Nd7 14. O-O",1. 0:03:00 1... 0:03:00 2. 0:03:00 2... 0:03:02 3. 0:03:01 3... 0:03:03 4. 0:03:01 4... 0:02:59 5. 0:03:01 5... 0:02:58 6. 0:02:59 6... 0:02:59 7. 0:03:00 7... 0:02:58 8. 0:02:59 8... 0:02:59 9. 0:02:59 9... 0:03:01 10. 0:03:00 10... 0:02:59 11. 0:03:00 11... 0:03:00 12. 0:02:58 12... 0:02:59 13. 0:02:56 13... 0:02:48 14. 0:02:52,
Rated Blitz game,https://lichess.org/8eklhwCJ,2024.08.01,-,kiffy69,DimitriBermuda,1-0,2024.08.01,00:02:14,1798,1876,,,B43,"Sicilian Defense: Kan Variation, Knight Variation",180+2,Normal,"1. Nf3 1... c5 2. e4 2... e6 3. d4 3... cxd4 4. Nxd4 4... a6 5. Nc3 5... Qc7 6. a4 6...
Nf6 7. Bg5 7... Bb4 8.
Qd3 8... d5 9. Bxf6 9... dxe4 10. Qg3 10... gxf6",1. 0:03:00 1... 0:03:00 2. 0:03:01 2... 0:03:00 3. 0:03:02 3... 0:03:01 4. 0:03:04 4... 0:03:03 5. 0:03:05 5... 0:03:04 6. 0:03:02 6... 0:03:04 7. 0:02:58 7... 0:02:56 8. 0:02:56 8... 0:02:46 9. 0:02:52 9... 0:02:45 10. 0:02:38 10... 0:02:42,
Rated Blitz game,https://lichess.org/PT7wPy3B,2024.08.01,-,XadrezFacilBrasil,mateomata57,1-0,2024.08.01,00:02:14,2152,2170,,,A06,Zukertort Opening: Tennison Gambit,180+2,Normal,"1. e4 1... d5 2. Nf3 2... Nf6 3. e5 3... Nfd7 4. e6 4... fxe6 5. d4 5... c5 6. c3 6... Nc6 7. Bf4 7... e5 8. dxe5 8... e6 9. Bd3 9...
Be7 10. Qc2 10... Qb6 11. Bxh7 11... Kd8 12. Bd3 12... c4 13. Be2 13...
a5 14. a4 14... Nc5 15. Nbd2 15... Ra6 16. O-O 16... Bd7 17. Rfb1 17... Qc7 18. b4 18... cxb3 19. Nxb3 19... Nxb3 20. Qxb3 20... Rb6 21. Qxb6",1. 0:03:00 1... 0:03:00 2. 0:02:59 2... 0:02:57 3. 0:02:57 3... 0:02:57 4. 0:02:58 4... 0:02:55 5. 0:02:59 5... 0:02:41 6. 0:03:00 6... 0:02:41 7. 0:02:58 7... 0:02:37 8. 0:02:57 8... 0:02:38 9. 0:02:52 9... 0:02:35 10. 0:02:51 10... 0:02:23 11. 0:02:45 11... 0:02:03 12. 0:02:35 12... 0:02:01 13. 0:02:30 13... 0:01:41 14. 0:02:20 14... 0:01:37 15. 0:02:18 15... 0:01:32 16. 0:02:09 16... 0:01:31 17. 0:02:07 17... 0:01:29 18. 0:02:00 18... 0:01:25 19. 0:01:59 19... 0:01:24 20. 0:01:59 20... 0:01:24 21. 0:01:59,
Rated Blitz game,https://lichess.org/hBdJxxXk,2024.08.01,-,Ramiro1911,Amadocfg,0-1,2024.08.01,00:02:14,1736,1727,,,A50,Indian Defense: Normal Variation,180+2,Normal,"1. d4 1... Nf6 2. c4 2... e6 3. Nc3 3... Be7 4. Nf3 4... O-O 5. Bf4 5... c6 6. e4 6... d5 7. cxd5 7... exd5 8.
e5 8... Ne8 9. Bd3 9... g6 10. Bh6 10... Ng7 11. h4 11... Re8 12.
Bxg7 12... Kxg7 13. h5 13... Bg4 14. h6 14... Kg8 15. Qe2 15... b5 16.
a3 16... a5 17. b4 17... axb4 18. axb4 18... Rxa1 19. Nb1 19... Bxb4 20. Kd1 20... Qa5 21. Qb2 21... Bc3 22. Qb3 22... Bxd4 23. Kc2 23... Bxf3 24. gxf3 24... Ra2 25. Kc1 25... Bxf2 26. Rh2 26... Be3",1. 0:03:00 1... 0:03:00 2. 0:03:02 2... 0:03:01 3. 0:03:03 3... 0:03:01 4. 0:03:05 4... 0:03:02 5. 0:03:06 5... 0:03:03 6. 0:03:07 6... 0:03:04 7. 0:03:07 7... 0:03:04 8. 0:03:08 8... 0:03:04 9. 0:03:08 9... 0:03:04 10. 0:03:08 10... 0:03:05 11. 0:03:02 11... 0:03:03 12. 0:03:01 12... 0:03:02 13. 0:03:02 13... 0:03:03 14. 0:03:01 14... 0:03:00 15. 0:02:55 15... 0:02:57 16. 0:02:55 16... 0:02:57 17. 0:02:49 17... 0:02:56 18. 0:02:49 18... 0:02:55 19. 0:02:45 19... 0:02:53 20. 0:02:43 20... 0:02:46 21. 0:02:34 21... 0:02:34 22. 0:02:25 22... 0:02:31 23. 0:02:18 23... 0:02:25 24. 0:02:17 24... 0:02:25 25. 0:02:17 25... 0:02:19 26. 0:02:13 26... 0:02:19,
Rated Blitz game,https://lichess.org/pmRO46Jz,2024.08.01,-,dimazx83,pipatgab,0-1,2024.08.01,00:02:25,1367,1354,,,C44,Ponziani Opening,180+2,Normal,"1. e4 1... e5 2. Nf3 2... Nc6 3. c3 3... a6 4. d4 4... exd4 5. cxd4 5... d5 6. exd5 6...
Qxd5 7. Nc3 7... Bb4 8. Bf4 8... Bxc3 9. bxc3 9... Qa5 10. Qb3 10...
Nf6 11. Ng5 11... O-O 12. Qc2 12... g6 13. Be2 13... Nd5 14. Bg3 14... Nxc3 15. O-O 15... Nxd4 16. Qb2 16... Ndxe2",1. 0:03:00 1... 0:03:00 2. 0:03:01 2... 0:03:01 3. 0:03:01 3... 0:03:00 4. 0:03:01 4... 0:03:01 5. 0:03:02 5... 0:03:00 6. 0:03:02 6... 0:03:02 7. 0:02:59 7... 0:03:02 8. 0:02:45 8... 0:02:57 9. 0:02:45 9... 0:02:44 10. 0:02:35 10... 0:02:42 11. 0:02:27 11... 0:02:38 12. 0:02:23 12... 0:02:35 13. 0:02:10 13... 0:02:34 14. 0:02:01 14... 0:02:31 15. 0:01:59 15... 0:02:21 16. 0:01:44 16... 0:02:19,
Rated Blitz game,https://lichess.org/k6lJ2tBM,2024.08.01,-,theeprofessor,SIEJ,0-1,2024.08.01,00:02:25,1092,1104,,,C50,Italian Game: Blackburne-Kostić Gambit,180+2,Time forfeit,"1. e4 1... e5 2. Nf3 2... Nc6 3. Bc4 3... Nd4 4. Nxd4 4... exd4 5.
d3 5... Qe7 6. Bf4 6... d6 7. c3 7... Be6 8. Bxe6 8... fxe6 9. cxd4 9... O-O-O 10. Nc3 10... g6 11. Qe2 11... Bh6 12. Bxh6 12... Nxh6 13. h3 13... d5 14. exd5 14... exd5 15. Qxe7 15... Nf5 16. Qe6 16... Kb8 17. Nxd5 17... Rde8 18. Qxe8 18... Rxe8 19. Ne3 19... Nxd4 20. O-O 20... Ne2 21. Kh1 21... Nf4 22. d4 22... b6 23. d5 23... g5 24. g3 24...
Nxh3 25. a3 25... g4 26. Nxg4 26... Ng5 27. Kg2 27... h5 28. Nf6 28...
Re5 29. Rad1 29... Nf7 30. Nd7 30... Kb7 31. Nxe5 31... Nxe5 32. f4 32... Nc4 33. b3 33... Ne3 34. Kf2 34... Nc2 35.
Rc1 35... Nxa3 36. f5 36... Nb5 37. f6 37... Nd6 38. Kg2 38... Nf7 39.
Rce1 39... a5 40. Re7 40... Nh6 41. f7 41... Nxf7 42. Rexf7 42... Ka6 43. Rxc7 43... b5 44. d6 44... Kb6 45. Rh7 45... Kc6 46. d7 46... Kc7",1. 0:03:00 1... 0:03:00 2. 0:03:01 2... 0:02:58 3. 0:03:02 3... 0:02:59 4. 0:03:03 4... 0:02:58 5. 0:03:01 5... 0:02:54 6. 0:03:01 6... 0:02:54 7. 0:02:58 7... 0:02:53 8. 0:02:54 8... 0:02:51 9. 0:02:54 9... 0:02:51 10. 0:02:52 10... 0:02:52 11. 0:02:47 11... 0:02:52 12. 0:02:41 12... 0:02:52 13. 0:02:42 13... 0:02:53 14. 0:02:39 14... 0:02:53 15. 0:02:39 15... 0:02:52 16. 0:02:33 16... 0:02:50 17. 0:02:31 17... 0:02:49 18. 0:02:29 18... 0:02:48 19. 0:02:30 19... 0:02:49 20. 0:02:27 20... 0:02:47 21. 0:02:25 21... 0:02:44 22. 0:02:05 22... 0:02:42 23. 0:02:03 23... 0:02:39 24. 0:02:04 24... 0:02:37 25. 0:00:40 25... 0:02:22 26. 0:00:37 26... 0:02:21 27. 0:00:33 27... 0:02:18 28. 0:00:23 28... 0:02:15 29. 0:00:20 29... 0:02:07 30. 0:00:19 30... 0:02:06 31. 0:00:20 31... 0:02:08 32. 0:00:17 32... 0:02:06 33. 0:00:16 33... 0:02:04 34. 0:00:16 34... 0:02:02 35. 0:00:15 35... 0:02:02 36. 0:00:13 36... 0:02:02 37. 0:00:14 37... 0:02:00 38. 0:00:15 38... 0:02:00 39. 0:00:11 39... 0:01:57 40. 0:00:12 40... 0:01:35 41. 0:00:12 41... 0:01:31 42. 0:00:14 42... 0:01:30 43. 0:00:13 43... 0:01:31 44. 0:00:12 44... 0:01:31 45. 0:00:10 45... 0:01:32 46. 0:00:11 46... 0:01:32,
Rated Blitz game,https://lichess.org/lUSYH6zy,2024.08.01,-,Sirmod,mihail_sl,1-0,2024.08.01,00:02:25,1801,1702,,,A20,English Opening: King's English Variation,180+2,Normal,"1. c4 1... e5 2. g3 2... Bc5 3. Bg2 3... Qf6 4. e3 4... Nc6 5. Nc3 5... Nge7 6. Ne4 6...
Qe6 7. Nxc5 7... Qxc4 8. Nb3 8... b6 9. Ne2 9... Ba6 10. d3 10... Qxd3 11. Qxd3 11... Bxd3 12. Nc3 12... O-O 13. Bd2 13... Rab8 14. O-O-O 14... f5 15. Nd5 15... Nxd5 16. Bxd5 16... Kh8 17. Bc3 17... Rfe8 18. Rxd3 18... a5 19. Bxc6 19... dxc6 20. Rhd1 20... a4 21. Nd2 21... b5 22.
Rd7 22... b4 23. Bxe5 23... Rxe5 24. Rxc7 24... Rc5 25. Kb1 25... b3 26.
a3 26... Rd5 27. Rxc6 27... Rbd8 28. Kc1 28... h6 29. Rc4 29... g5 30.
Rxa4 30... Kg7 31. Rd4 31... Rc5 32. Kb1 32... Rxd4 33. exd4 33... Rc2 34.
Nxb3 34... Rxf2 35. h4 35... gxh4 36. gxh4 36... Kf7 37. d5 37... Ke7 38.
d6 38... Kd7 39. Nc5 39... Kd8 40. d7 40... Rf4 41. Ne6 41... Ke7 42.
Nxf4",1. 0:03:00 1... 0:03:00 2. 0:03:01 2... 0:03:01 3. 0:03:02 3... 0:03:01 4. 0:02:49 4... 0:03:02 5. 0:02:48 5... 0:03:00 6. 0:02:46 6... 0:02:38 7. 0:02:45 7... 0:02:40 8. 0:02:29 8... 0:02:40 9. 0:02:26 9... 0:02:40 10. 0:01:53 10... 0:02:39 11. 0:01:53 11... 0:02:40 12. 0:01:45 12... 0:02:36 13. 0:01:42 13... 0:02:36 14. 0:01:42 14... 0:02:29 15. 0:01:40 15... 0:02:28 16. 0:01:40 16... 0:02:29 17. 0:01:34 17... 0:02:24 18. 0:01:31 18... 0:02:25 19. 0:01:27 19... 0:02:26 20. 0:01:28 20... 0:02:27 21. 0:01:26 21... 0:02:27 22. 0:01:19 22... 0:02:28 23. 0:00:59 23... 0:02:29 24. 0:00:56 24... 0:02:28 25. 0:00:56 25... 0:02:29 26. 0:00:52 26... 0:02:29 27. 0:00:40 27... 0:02:31 28. 0:00:35 28... 0:02:28 29. 0:00:30 29... 0:02:24 30. 0:00:31 30... 0:02:23 31. 0:00:29 31... 0:02:23 32. 0:00:25 32... 0:02:23 33. 0:00:24 33... 0:02:25 34. 0:00:23 34... 0:02:25 35. 0:00:24 35... 0:02:25 36. 0:00:24 36... 0:02:21 37. 0:00:25 37... 0:02:20 38. 0:00:26 38... 0:02:22 39. 0:00:26 39... 0:02:21 40. 0:00:26 40... 0:02:21 41. 0:00:26 41... 0:02:20 42. 0:00:27,
Rated Blitz game,https://lichess.org/u93HbCzt,2024.08.01,-,Bhavyakukreja,chess_STM,0-1,2024.08.01,00:02:25,1462,1552,,,B50,Sicilian Defense: Modern Variations,180+2,Normal,"1. e4 1... c5 2. Nf3 2... d6 3. h3 3... Nc6 4. Nc3 4... e6 5. d3 5... a6 6. Be3 6... Nf6 7. Be2 7... Be7 8. Qd2 8... O-O 9. O-O 9...
Qc7 10. Rac1 10... e5 11. Nd5 11... Qd8 12. c4 12... Nd4 13. Nxd4 13... exd4 14. Bg5 14... Nxd5 15. Bxe7 15... Nxe7",1. 0:03:00 1... 0:03:00 2. 0:03:01 2... 0:03:01 3. 0:03:01 3... 0:03:02 4. 0:03:03 4... 0:03:03 5. 0:03:04 5... 0:03:04 6. 0:03:05 6... 0:03:05 7. 0:03:07 7... 0:03:06 8. 0:03:08 8... 0:03:06 9. 0:03:08 9... 0:03:08 10. 0:02:49 10... 0:03:07 11. 0:02:44 11... 0:02:54 12. 0:02:41 12... 0:02:36 13. 0:02:41 13... 0:02:35 14. 0:02:42 14... 0:02:35 15. 0:02:41 15... 0:02:36,
Rated Blitz game,https://lichess.org/gvBnyEA3,2024.08.01,-,yarikatashiranai,codenamejay,1-0,2024.08.01,00:02:25,1913,1913,,,C50,Italian Game: Hungarian Defense,180+2,Time forfeit,"1. e4 1... e5 2. Nf3 2... Nc6 3. Bc4 3... Be7 4. O-O 4... Nf6 5. d3 5... O-O 6. c3 6... h6 7. b4 7... d6 8. Be3 8... Re8 9. h3 9...
Bf8 10. Nh2 10... Be6 11. Bxe6 11... Rxe6 12. f4 12... d5 13. f5 13...
Re8 14. Qf3 14... dxe4 15. dxe4 15... Qd3 16. Ng4 16... Nxe4 17. Rd1 17... Qc4 18. f6 18... Nxf6 19. Nxf6 19... gxf6 20. Qxf6 20... Qe6 21. Qh4 21... Bg7 22. Nd2 22... f5 23. Nb3 23... Qf6 24. Qxf6 24... Bxf6 25. Bxh6 25... b6 26. Rac1 26... Kf7 27. Be3 27... Rad8 28. Rxd8 28... Rxd8 29. Nd2 29... f4 30.
Bxf4 30... exf4 31. Ne4 31... Ke6 32. Re1 32... Kf5 33. Nf2 33... Bxc3 34. Rc1 34... Nxb4 35.
Rxc3 35... c5 36. a3 36... Nd5 37. Rc1 37... Re8 38. a4 38... a5 39.
Ng4 39... Re4 40. Rd1 40... Ke6 41. Nf2 41... Rxa4 42. Re1 42... Kf5 43.
Ng4 43... Ne3 44. Nh6 44... Ke4 45. Nf7 45... c4 46. g3 46... c3 47.
gxf4 47... Kxf4 48. Nd6 48... Ra2 49. Nb5 49... Rg2 50. Kh1 50... c2 51. Nd4 51... Rd2 52.
Nb3 52... Rd1 53. Rxd1 53... cxd1=Q 54. Kh2 54... Qe2 55. Kg1 55... Qf2 56.
Kxf2",1. 0:03:00 1... 0:03:00 2. 0:03:01 2... 0:03:01 3. 0:03:03 3... 0:03:02 4. 0:03:03 4... 0:03:03 5. 0:03:05 5... 0:03:03 6. 0:03:06 6... 0:03:04 7. 0:03:07 7... 0:03:05 8. 0:03:08 8... 0:02:55 9. 0:03:09 9... 0:02:56 10. 0:03:10 10... 0:02:57 11. 0:03:11 11... 0:02:58 12. 0:03:13 12... 0:02:37 13. 0:03:13 13... 0:02:38 14. 0:03:13 14... 0:02:36 15. 0:03:15 15... 0:02:31 16. 0:03:15 16... 0:02:06 17. 0:03:04 17... 0:01:57 18. 0:02:53 18... 0:01:30 19. 0:02:55 19... 0:01:31 20. 0:02:48 20... 0:01:31 21. 0:02:43 21... 0:01:19 22. 0:02:43 22... 0:01:16 23. 0:02:35 23... 0:01:07 24. 0:02:28 24... 0:01:08 25. 0:02:28 25... 0:01:00 26. 0:02:29 26... 0:01:00 27. 0:02:29 27... 0:00:54 28. 0:02:28 28... 0:00:56 29. 0:02:25 29... 0:00:56 30. 0:02:22 30... 0:00:57 31. 0:02:23 31... 0:00:46 32. 0:02:19 32... 0:00:47 33. 0:02:13 33... 0:00:48 34. 0:02:14 34... 0:00:35 35. 0:02:14 35... 0:00:37 36. 0:02:15 36... 0:00:38 37. 0:02:09 37... 0:00:35 38. 0:02:10 38... 0:00:31 39. 0:02:08 39... 0:00:24 40. 0:02:08 40... 0:00:22 41. 0:02:04 41... 0:00:23 42. 0:02:00 42... 0:00:23 43. 0:02:00 43... 0:00:24 44. 0:01:59 44... 0:00:23 45. 0:01:58 45... 0:00:22 46. 0:01:51 46... 0:00:21 47. 0:01:51 47... 0:00:14 48. 0:01:49 48... 0:00:06 49. 0:01:47 49... 0:00:06 50. 0:01:48 50... 0:00:05 51. 0:01:39 51... 0:00:03 52. 0:01:33 52... 0:00:04 53. 0:01:26 53... 0:00:04 54. 0:01:26 54... 0:00:05 55. 0:01:27 55... 0:00:06 56. 0:01:28,
Rated Blitz game,https://lichess.org/2Uf8aTc6,2024.08.01,-,JSBach93,Ilya_tiunov,1-0,2024.08.01,00:02:25,1448,1404,,,B12,"Caro-Kann Defense: Advance Variation, Short Variation",180+2,Time forfeit,"1. e4 1... c6 2. d4 2... d5 3.
e5 3... Bf5 4.
Nf3 4... e6 5.
Bd3 5... Bxd3 6.
Qxd3 6... c5 7.
c4 7... Nc6 8.
cxd5 8... Qxd5 9. Nc3 9... Nb4 10. Qb5 10... Qc6 11. Qxc6 11... Nxc6 12.
dxc5 12... Bxc5 13. Bf4 13... Nge7 14. O-O 14...
Ng6 15. Bg3 15... h5 16. h3 16... h4 17.
Bh2 17... O-O-O 18. Ng5 18...
Ncxe5 19. Rfe1 19... Be7 20. Bxe5 20... Bxg5 21. Bxg7 21...
Rh7 22. Be5 22... Bd2 23. Re2 23... Rh5 24.
Bh2 24... f5 25. Rd1 25... Bxc3 26. Rxd8 26... Kxd8 27.
bxc3 27... Ke7 28. Rb2 28... b6 29. Bb8 29... a5 30. Ba7 30... f4 31. Bxb6 31... a4 32.
Rb4 32... Re5 33. Bc7 33... Re1 34. Kh2 34... Rf1 35. Bxf4 35... Nxf4 36. Rxf4 36...
Rc1 37. Rxa4 37... Rxc3 38. Rxh4 38... Rc2 39.
Rf4 39... Rxa2 40. Kg3 40... e5 41. Re4 41...
Ke6 42. h4 42... Kf5 43. Kf3 43... Ra3 44.
Re3 44... Ra4 45. g3 45... e4 46. Kg2 46... Ra2 47. Rb3 47...
Ke5 48. h5 48... Kf6 49. Kh3 49... Rxf2 50.
Rb6 50... Kg5 51. g4 51... e3 52. Re6 52...
e2 53. Kg3 53... e1=Q 54. Rxe1 54... Rf6 55.
Re5 55... Kh6 56. g5 56... Kxh5 57. gxf6",1. 0:03:00 0. 0:03:00 1... 0:03:01 0. 0:03:01 2. 0:02:57 0. 0:02:59 2... 0:02:55 0. 0:02:59 3. 0:02:53 0. 0:02:58 3... 0:02:55 0. 0:02:58 4. 0:02:30 0. 0:02:52 4... 0:02:27 0. 0:02:48 5. 0:02:21 0. 0:02:29 5... 0:02:14 0. 0:02:24 6. 0:02:04 0. 0:02:21 6... 0:02:01 0. 0:02:21 7. 0:01:47 0. 0:02:15 7... 0:01:44 0. 0:02:15 8. 0:01:44 0. 0:02:08 8... 0:01:39 0. 0:01:53 9. 0:01:38 0. 0:01:42 9... 0:01:31 1. 0:01:37 10. 0:01:14 0. 0:01:22 10... 0:01:08 0. 0:00:58 11. 0:01:09 0. 0:00:55 11... 0:01:04 0. 0:00:52 12. 0:00:48 0. 0:00:31 12... 0:00:43 0. 0:00:28 13. 0:00:43 0. 0:00:23 13... 0:00:43 0. 0:00:22 14. 0:00:45 0. 0:00:14 14... 0:00:39 0. 0:00:15 15. 0:00:39 0. 0:00:15 15... 0:00:39 0. 0:00:10 16. 0:00:37 0. 0:00:11 16... 0:00:36 0. 0:00:11 17. 0:00:34 0. 0:00:11 17... 0:00:35 0. 0:00:11 18. 0:00:30 0. 0:00:11 18... 0:00:31 0. 0:00:09 19. 0:00:32 0. 0:00:10 19... 0:00:33 0. 0:00:11 20. 0:00:34 0. 0:00:12 20... 0:00:33 0. 0:00:12 21. 0:00:33 0. 0:00:13 21... 0:00:33 0. 0:00:13 22. 0:00:32 0. 0:00:13 22... 0:00:33 0. 0:00:12 23. 0:00:27 0. 0:00:13 23... 0:00:27 0. 0:00:13 24. 0:00:25 0. 0:00:10 24... 0:00:24 1. 0:00:10 25. 0:00:25 0. 0:00:09 25... 0:00:22 0. 0:00:09 26. 0:00:20 0. 0:00:10 26... 0:00:19 0. 0:00:11 27. 0:00:19 0. 0:00:03 27... 0:00:19 0. 0:00:03 28. 0:00:19 0. 0:00:04 28... 0:00:19 0. 0:00:03 29. 0:00:21,
Rated Blitz game,https://lichess.org/DszWXIiK,2024.08.01,-,TvuTToomm,dimistor737,0-1,2024.08.01,00:02:25,2068,2105,,,D02,Queen's Pawn Game: London System,180+2,Normal,"1. d4 1... d5 2. Bf4 2... Nf6 3. Nf3 3... c5 4. e3 4... Nc6 5. c3 5... Bg4 6. Nbd2 6...
Qb6 7. Qb3 7... c4 8.
Qc2 8... e6 9. e4 9...
Nxe4 10. Nxe4 10... Bf5 11. Nfd2 11... e5 12.
dxe5 12... Bc5 13. Nd6 13... Bxd6 14. Qxf5 14... Bc5 15. Bg3 15... Qxb2 16. Rb1 16... Qxc3 17.
Be2 17... Bb4 18. Bf4 18... Nd4 19. Qh3 19... Qxh3 20. gxh3 20... c3 21.
Bb5 21... Ke7 22. Bg5 22... f6 23. exf6 23... gxf6 24. O-O 24... fxg5 25. Rxb4 25... Nxb5 26. Rxb5 26... cxd2 27. Rxb7 27... Kd6 28. Rd1 28... Rhc8 29. Rb2 29... Rc1 30. Rxd2 30... Rxd1 31. Rxd1 31... Ke5 32. Kg2 32... Rc8 33. Kg3 33... Rc4 34. Re1 34... Kd6 35. Re8 35... d4 36.
Rd8 36... Ke5 37. Rh8 37... d3 38. Rxh7 38... Rd4 39. Re7 39... Kd5 40.
Re1 40... d2 41. Rd1 41... Kc4 42. Kf3 42... Kc3 43. Ke2 43... Re4 44.
Kf3 44... Re1",1. 0:03:00 1... 0:03:00 2. 0:02:53 2... 0:03:01 3. 0:02:41 3... 0:03:02 4. 0:02:42 4... 0:03:03 5. 0:02:43 5... 0:03:02 6. 0:02:43 6... 0:03:03 7. 0:02:42 7... 0:03:04 8. 0:02:43 8... 0:02:59 9. 0:02:41 9... 0:02:50 10. 0:02:41 10... 0:02:49 11. 0:02:35 11... 0:02:40 12. 0:02:33 12... 0:02:41 13. 0:02:29 13... 0:02:38 14. 0:02:30 14... 0:02:39 15. 0:02:30 15... 0:02:31 16. 0:02:26 16... 0:02:32 17. 0:02:24 17... 0:02:28 18. 0:02:18 18... 0:02:25 19. 0:02:05 19... 0:00:20 20. 0:02:07 20... 0:00:21 21. 0:01:47 21... 0:00:08 22. 0:01:46 22... 0:00:09 23. 0:01:47 23... 0:00:11 24. 0:01:35 24... 0:00:12 25. 0:01:36 25... 0:00:11 26. 0:01:36 26... 0:00:12 27. 0:01:37 27... 0:00:11 28. 0:01:38 28... 0:00:07 29. 0:01:39 29... 0:00:06 30. 0:01:40 30... 0:00:08 31. 0:01:42 31... 0:00:09 32. 0:01:43 32... 0:00:10 33. 0:01:43 33... 0:00:12 34. 0:01:42 34... 0:00:10 35. 0:01:42 35... 0:00:11 36. 0:01:43 36... 0:00:12 37. 0:01:45 37... 0:00:13 38. 0:01:47 38... 0:00:14 39. 0:01:48 39... 0:00:13 40. 0:01:49 40... 0:00:14 41. 0:01:51 41... 0:00:15 42. 0:01:52 42... 0:00:17 43. 0:01:54 43... 0:00:18 44. 0:01:55 44... 0:00:18,
Rated Blitz game,https://lichess.org/ywvWQ96u,2024.08.01,-,mandraque578,The_Clansman,0-1,2024.08.01,00:02:25,1936,1934,,,A43,Benoni Defense: French Benoni,180+2,Time forfeit,"1. e4 1... e6 2. d4 2... c5 3. d5 3... exd5 4. exd5 4... d6 5. c4 5... g6 6. Nf3 6...
Bg7 7. Bd3 7... Nf6 8.
O-O 8... O-O 9. Re1 9... Nbd7 10. Bg5 10... Re8 11. Nc3 11... a6 12.
Qc2 12... Rb8 13. Rxe8 13... Qxe8 14. Re1 14... Qf8 15. b3 15... h6 16. Bh4 16... Kh7 17.
h3 17... Nh5 18. Bg3 18... Nxg3 19. fxg3 19... Ne5 20. Nxe5 20... Bxe5 21. Ne2 21... Qg7 22. Nf4 22... Bd7 23. Nh5 23... Qh8 24. Rf1 24... Rf8 25. Kh2 25... b5 26.
Nf4 26... Qg7 27. Nh5 27... Qh8 28. Qf2 28... f5 29. Nf4 29... Bxf4 30.
Qxf4 30... Qf6 31. Re1 31... Kg7 32. cxb5 32... axb5 33. Qf1 33... b4 34.
Bc4 34... Rf7 35. Re2 35... f4 36. g4 36... f3 37. gxf3 37... Qxf3 38. Qxf3 38... Rxf3 39. Re7 39... Rf7 40. Re3 40... Rf2 41. Kg3 41... Rf7 42. h4 42... g5 43. h5 43... Rf4 44. Bd3 44... Rxg4 45. Kf3 45... Rf4 46. Ke2 46... Rf7 47.
Bg6 47... Bg4 48. Kd2 48... Ra7 49. Kd3 49... Kf6 50. Kc4 50... Rxa2 51.
Kb5 51... Bf5",1. 0:03:00 1... 0:03:00 2. 0:03:01 2... 0:02:50 3. 0:02:53 3... 0:02:49 4. 0:02:52 4... 0:02:51 5. 0:02:52 5... 0:02:51 6. 0:02:51 6... 0:02:52 7. 0:02:50 7... 0:02:53 8. 0:02:51 8... 0:02:53 9. 0:02:52 9... 0:02:54 10. 0:02:54 10... 0:02:52 11. 0:02:54 11... 0:02:50 12. 0:02:52 12... 0:02:43 13. 0:02:42 13... 0:02:44 14. 0:02:41 14... 0:02:45 15. 0:02:34 15... 0:02:32 16. 0:02:34 16... 0:02:20 17. 0:02:29 17... 0:01:52 18. 0:02:23 18... 0:01:51 19. 0:02:23 19... 0:01:52 20. 0:02:07 20... 0:01:51 21. 0:02:06 21... 0:01:43 22. 0:02:06 22... 0:01:40 23. 0:02:04 23... 0:01:38 24. 0:01:59 24... 0:01:11 25. 0:01:48 25... 0:01:10 26. 0:01:43 26... 0:00:43 27. 0:01:38 27... 0:00:43 28. 0:01:17 28... 0:00:39 29. 0:01:15 29... 0:00:35 30. 0:01:12 30... 0:00:34 31. 0:01:09 31... 0:00:31 32. 0:01:08 32... 0:00:32 33. 0:01:02 33... 0:00:21 34. 0:00:53 34... 0:00:20 35. 0:00:43 35... 0:00:21 36. 0:00:41 36... 0:00:21 37. 0:00:39 37... 0:00:23 38. 0:00:39 38... 0:00:25 39. 0:00:39 39... 0:00:25 40. 0:00:31 40... 0:00:23 41. 0:00:31 41... 0:00:23 42. 0:00:26 42... 0:00:24 43. 0:00:23 43... 0:00:22 44. 0:00:21 44... 0:00:21 45. 0:00:20 45... 0:00:23 46. 0:00:21 46... 0:00:25 47. 0:00:21 47... 0:00:25 48. 0:00:20 48... 0:00:27 49. 0:00:16 49... 0:00:25 50. 0:00:10 50... 0:00:23 51. 0:00:08 51... 0:00:22,
Rated Blitz game,https://lichess.org/y9sP52ii,2024.08.01,-,AaFfBb98,fluffytailme,0-1,2024.08.01,00:02:25,1958,1994,,,A58,Benko Gambit Accepted: Fully Accepted Variation,180+2,Normal,"1. d4 1... Nf6 2. c4 2... c5 3. d5 3... b5 4. cxb5 4... a6 5. bxa6 5... g6 6. Nc3 6... Bg7 7. e4 7... d6 8. Bd3 8... O-O 9. Nge2 9... Qa5 10. O-O 10...
Bxa6 11. a3 11... Bxd3 12. Qxd3 12... Nbd7 13.
f4 13... Rfb8 14. Bd2 14... Qb6 15. Rfb1 15... Ng4 16. h3 16... c4",1. 0:03:00 0. 0:03:00 1... 0:03:01 0. 0:03:01 2. 0:03:02 0. 0:03:01 2... 0:03:02 0. 0:03:01 3. 0:03:03 0. 0:03:01 3... 0:03:05 0. 0:03:01 4. 0:03:05 0. 0:03:02 4... 0:03:04 0. 0:03:02 5. 0:03:05 0. 0:03:03 5... 0:03:02 0. 0:03:03 6. 0:02:35 0. 0:03:03 6... 0:02:36 0. 0:03:04 7. 0:02:36 0. 0:03:03 7... 0:02:25 0. 0:03:04 8. 0:01:48 0. 0:02:54 8... 0:01:45 0. 0:02:52,
Rated Blitz game,https://lichess.org/4DAipgAN,2024.08.01,-,Lexer22,felipemaria1,0-1,2024.08.01,00:02:25,2111,2112,,,C00,French Defense: Chigorin Variation,180+2,Normal,"1. e4 1... e6 2. Qe2 2... d5 3. e5 3... c5 4. Nf3 4... Nc6 5. g3 5... Bd7 6. Bg2 6... Nge7 7. O-O 7... Ng6 8. Re1 8... Qc7 9. d3 9...
Be7 10. c3 10... O-O 11. Nbd2 11... Rad8 12. Nf1 12... b5 13. h4 13...
f6 14. h5 14... Nh8 15. Bf4 15... fxe5 16. Nxe5 16... Nxe5 17. Bxe5 17... Bd6 18. Nh2 18... Nf7 19. Bxd6 19... Qxd6 20. f4 20... Rde8 21. Ng4 21... a5 22. Ne5 22...
Bc8 23. Nxf7 23... Rxf7 24. Qe5 24... Qxe5 25.
Rxe5 25... Rf5 26. Rae1 26... Rxe5 27. Rxe5 27... Kf7 28. Kf2 28... Kf6 29. g4 29... Bd7 30.
Kg3 30... Bc6 31. g5 31... Kf7 32. Kf2 32... b4 33. c4 33... Rd8 34.
Ke2 34... Ba8 35. Bh3 35... Rd6 36. Bg2 36... Bc6 37. Kd2 37... a4 38.
Ke2 38... dxc4 39. Bxc6 39... cxd3 40. Kd2 40... Rxc6 41. Kxd3 41... c4 42. Kc2 42... c3 43.
Rb5 43... cxb2 44. Kxb2 44... Rc4 45. f5 45...
Re4 46. Rb7 46... Kf8 47. g6 47... hxg6 48. fxg6 48... Rh4 49. Rb8 49... Ke7 50. Rh8 50... Rh2 51. Kb1 51... a3 52.
Rg8 52... Kf6 53. Rh8 53... e5 54. Rf8 54... Kg5 55. Re8 55... Re2 56.
Rg8 56... Kxh5 57. Rxg7 57... Kh6 58. Rg8 58... e4 59. Rb8 59... Rb2 60. Ka1 60... e3 61.
Re8 61... e2 62. Re6 62... Rd2 63. Kb1 63... Rd1 64. Kc2 64... e1=Q 65.
Rxe1 65... Rxe1 66. Kb3 66... Rb1",1. 0:03:00 1... 0:03:00 2. 0:03:00 2... 0:03:00 3. 0:03:01 3... 0:02:59 4. 0:03:02 4... 0:03:00 5. 0:03:04 5... 0:03:01 6. 0:03:05 6... 0:03:00 7. 0:03:06 7... 0:02:59 8. 0:03:08 8... 0:02:59 9. 0:03:06 9... 0:03:00 10. 0:03:06 10... 0:03:01 11. 0:03:07 11... 0:02:50 12. 0:03:08 12... 0:02:50 13. 0:03:08 13... 0:02:28 14. 0:03:04 14... 0:02:27 15. 0:03:00 15... 0:02:17 16. 0:02:57 16... 0:02:08 17. 0:02:57 17... 0:02:08 18. 0:02:51 18... 0:02:07 19. 0:02:42 19... 0:02:07 20. 0:02:41 20... 0:02:05 21. 0:02:35 21... 0:01:47 22. 0:02:35 22... 0:01:40 23. 0:02:36 23... 0:01:39 24. 0:02:38 24... 0:01:25 25. 0:02:38 25... 0:01:25 26. 0:02:36 26... 0:01:26 27. 0:02:37 27... 0:01:27 28. 0:02:25 28... 0:01:25 29. 0:02:19 29... 0:01:20 30. 0:02:18 30... 0:01:17 31. 0:02:05 31... 0:01:16 32. 0:01:45 32... 0:01:13 33. 0:01:35 33... 0:01:05 34. 0:01:06 34... 0:00:59 35. 0:01:03 35... 0:00:51 36. 0:00:57 36... 0:00:49 37. 0:00:54 37... 0:00:30 38. 0:00:52 38... 0:00:29 39. 0:00:51 39... 0:00:30 40. 0:00:52 40... 0:00:25 41. 0:00:54 41... 0:00:23 42. 0:00:54 42... 0:00:22 43. 0:00:49 43... 0:00:21 44. 0:00:50 44... 0:00:22 45. 0:00:47 45... 0:00:16 46. 0:00:42 46... 0:00:16 47. 0:00:38 47... 0:00:15 48. 0:00:35 48... 0:00:14 49. 0:00:32 49... 0:00:13 50. 0:00:22 50... 0:00:12 51. 0:00:23 51... 0:00:12 52. 0:00:13 52... 0:00:11 53. 0:00:14 53... 0:00:09 54. 0:00:10 54... 0:00:09 55. 0:00:11 55... 0:00:08 56. 0:00:11 56... 0:00:07 57. 0:00:12 57... 0:00:07 58. 0:00:12 58... 0:00:08 59. 0:00:10 59... 0:00:08 60. 0:00:10 60... 0:00:09 61. 0:00:10 61... 0:00:09 62. 0:00:09 62... 0:00:08 63. 0:00:10 63... 0:00:07 64. 0:00:10 64... 0:00:08 65. 0:00:11 65... 0:00:09 66. 0:00:13 66... 0:00:09,
Rated Blitz game,https://lichess.org/JGtfUzRr,2024.08.01,-,Valen_Dreth,TonyelToro,0-1,2024.08.01,00:02:25,1890,1899,,,B27,Sicilian Defense: Hyperaccelerated Dragon,180+2,Normal,"1. e4 1... c5 2. Nf3 2... g6 3. c3 3... d5 4. exd5 4... Qxd5 5. d4 5... Bg7 6. Be2 6...
Nf6 7. O-O 7... O-O 8.
dxc5 8... Qxc5 9. Nbd2 9... b6 10. Nb3 10... Qc7 11. Nbd4 11... a6 12.
Re1 12... Bb7 13. Bd3 13... Re8 14. Qb3 14... e5 15. Nc2 15... e4 16.
Qa4 16... b5 17. Bxb5 17... axb5 18. Qxb5 18... Bc6",1. 0:03:00 1... 0:03:00 2. 0:03:01 2... 0:02:57 3. 0:03:02 3... 0:02:58 4. 0:03:02 4... 0:02:58 5. 0:03:04 5... 0:02:55 6. 0:02:55 6... 0:02:52 7. 0:02:55 7... 0:02:51 8. 0:02:52 8... 0:02:50 9. 0:02:42 9... 0:02:45 10. 0:02:43 10... 0:02:44 11. 0:02:38 11... 0:02:37 12. 0:02:35 12... 0:02:37 13. 0:02:15 13... 0:02:02 14. 0:02:14 14... 0:01:59 15. 0:01:23 15... 0:01:57 16. 0:01:12 16... 0:01:43 17. 0:01:13 17... 0:01:40 18. 0:01:15 18... 0:01:36,
Rated Blitz game,https://lichess.org/Og3RtxX8,2024.08.01,-,andres122345667892,saeedbagheri,1-0,2024.08.01,00:02:25,2015,2032,,,C05,"French Defense: Tarrasch Variation, Closed Variation",180+2,Normal,"1. e4 1... e6 2. d4 2... d5 3. Nd2 3... Nf6 4. e5 4... Nfd7 5. Bd3 5... c5 6. c3 6... Nc6 7. Ne2 7... Be7 8. O-O 8... f6 9. exf6 9...
Bxf6 10. Nf3 10... cxd4 11. cxd4 11... O-O 12.
a3 12... Qb6 13. Rb1 13... Kh8 14. Bc2 14... e5 15. dxe5 15... Ndxe5 16. Nxe5 16... Nxe5 17. Be3 17... Qd8 18. h3 18...
Nc4 19. Qd3 19... g6 20. Bd4 20... Bf5 21. Qc3 21... Bxc2 22. Qxc2 22... Rc8 23. Qd3 23... Ne5 24. Qg3 24... Nf3 25.
gxf3 25... Bxd4 26. Nxd4 26... Rc4 27. Ne6",1. 0:03:00 1... 0:03:00 2. 0:03:01 2... 0:03:02 3. 0:03:02 3... 0:03:01 4. 0:03:03 4... 0:03:03 5. 0:03:00 5... 0:03:04 6. 0:03:02 6... 0:03:05 7. 0:03:03 7... 0:03:00 8. 0:03:03 8... 0:03:01 9. 0:03:03 9... 0:03:02 10. 0:03:00 10... 0:03:00 11. 0:02:59 11... 0:03:00 12. 0:02:49 12... 0:02:59 13. 0:02:35 13... 0:02:59 14. 0:02:19 14... 0:02:49 15. 0:02:18 15... 0:02:48 16. 0:02:15 16... 0:02:40 17. 0:02:11 17... 0:02:28 18. 0:02:09 18... 0:02:17 19. 0:01:58 19... 0:02:07 20. 0:01:16 20... 0:01:58 21. 0:01:00 21... 0:01:49 22. 0:00:32 22... 0:01:48 23. 0:00:23 23... 0:01:31 24. 0:00:07 24... 0:01:21 25. 0:00:07 25... 0:01:22 26. 0:00:09 26... 0:01:18 27. 0:00:10,
Rated Blitz game,https://lichess.org/T0QDQ1gH,2024.08.01,-,malteof,YOURSISTERBOYFRIEND,0-1,2024.08.01,00:02:25,1779,1767,,,A40,Queen's Pawn Game: Modern Defense,180+2,Time forfeit,1. d4 1... g6,1. 0:03:00 1... 0:03:00,
Rated Blitz game,https://lichess.org/un3KEhtL,2024.08.01,-,sengon2018,dhrit1569,0-1,2024.08.01,00:02:43,1497,1528,,,A04,Zukertort Opening: Queenside Fianchetto Variation,180+2,Normal,"1. Nf3 1... b6 2. d4 2... Bb7 3. Nc3 3... g6 4. e4 4... Bg7 5. Be3 5... d6 6. Bc4 6... e6 7. h4 7... Nf6 8. Bg5 8... Qc8 9. d5 9...
exd5 10. Bxf6 10... Bxf6 11. exd5 11... O-O 12.
O-O 12... Qg4 13. Be2 13... Bxh4 14. Nxh4 14... Qxh4 15. f3 15... Nd7 16.
Qe1 16... Qd4 17. Rf2 17... Nf6 18. Rd1 18... Qc5 19. Qd2 19... Rfe8 20.
Kf1 20... Re5 21. a3 21... Nxd5 22. Nxd5 22... Rxd5 23. Qh6 23... Rxd1 24. Bxd1 24... Re8 25. c3 25... Ba6 26. Be2 26... Bxe2 27. Rxe2 27... Qc4 28. Qd2 28... Rxe2 29.
Qxe2 29... Qxe2 30. Kxe2 30... f5 31. Ke3 31...
Kf7 32. Kf4 32... h6 33. g4 33... fxg4 34. Kxg4 34... c5 35. b3 35...
Kf6 36. c4 36... Ke5 37. f4 37... Kd4 38. Kf3 38... Kc3 39. Ke4 39... Kxb3 40. Kd5 40... Kxa3 41. Kxd6 41... Kb4 42.
Kd5 42... h5 43. Ke5 43... Kxc4 44. Kf6 44... h4 45. Kxg6 45... h3 46.
f5 46... h2 47. f6 47... h1=Q 48. f7 48... Qf3 49. f8=Q 49... Qxf8",1. 0:03:00 1... 0:03:00 2. 0:02:59 2... 0:03:01 3. 0:02:50 3... 0:03:01 4. 0:02:50 4... 0:03:01 5. 0:02:48 5... 0:03:02 6. 0:02:48 6... 0:03:03 7. 0:02:45 7... 0:03:03 8. 0:02:43 8... 0:03:02 9. 0:02:22 9... 0:02:59 10. 0:02:17 10... 0:02:58 11. 0:02:15 11... 0:02:51 12. 0:02:09 12... 0:02:51 13. 0:01:54 13... 0:02:43 14. 0:01:51 14... 0:02:44 15. 0:01:48 15... 0:02:42 16. 0:01:45 16... 0:02:35 17. 0:01:39 17... 0:02:34 18. 0:01:37 18... 0:02:34 19. 0:01:15 19... 0:02:29 20. 0:01:14 20... 0:02:29 21. 0:01:08 21... 0:02:30 22. 0:01:06 22... 0:02:27 23. 0:01:06 23... 0:02:27 24. 0:01:07 24... 0:02:15 25. 0:01:06 25... 0:02:09 26. 0:01:01 26... 0:02:08 27. 0:01:01 27... 0:02:06 28. 0:00:59 28... 0:02:06 29. 0:00:59 29... 0:02:06 30. 0:01:00 30... 0:02:06 31. 0:01:01 31... 0:02:07 32. 0:01:02 32... 0:02:05 33. 0:00:58 33... 0:02:03 34. 0:00:59 34... 0:02:01 35. 0:00:59 35... 0:02:02 36. 0:01:00 36... 0:02:02 37. 0:00:45 37... 0:02:00 38. 0:00:43 38... 0:01:59 39. 0:00:41 39... 0:02:00 40. 0:00:43 40... 0:01:59 41. 0:00:44 41... 0:02:00 42. 0:00:44 42... 0:01:57 43. 0:00:44 43... 0:01:58 44. 0:00:45 44... 0:01:58 45. 0:00:46 45... 0:01:59 46. 0:00:48 46... 0:02:00 47. 0:00:50 47... 0:02:01 48. 0:00:52 48... 0:01:59 49. 0:00:54 49... 0:02:00,
Rated Blitz game,https://lichess.org/VT5Ha985,2024.08.01,-,cus-cus,Janette_Fuatai,1-0,2024.08.01,00:02:43,2053,2100,,,D00,"Blackmar-Diemer Gambit Accepted: Bogoljubow Defense, Studier Attack",180+2,Normal,"1. d4 1... Nf6 2. Nc3 2... d5 3. e4 3... dxe4 4. f3 4... exf3 5.
Nxf3 5... g6 6. Bc4 6... Bg7 7. O-O 7... O-O 8. Qe1 8... Bg4 9. Qh4 9... Bxf3 10. Rxf3 10... Nc6 11. Ne2 11... a6 12. c3 12... b5 13.
Bb3 13... Na5 14. Bc2 14... Nc4 15. Rh3 15... c5 16. Bg5 16... h5 17.
Ng3 17... cxd4 18. cxd4 18... Ng4 19. Ne2 19... Qd5 20. Rf3 20... e5 21. h3 21... e4 22.
Rf4 22... Bxd4 23. Nxd4 23... Qxd4 24. Kh1 24... Nge5 25. Bf6 25... Qe3 26. Rxe4 26... Qd2 27.
Rxe5 27... Nxe5 28. Bxe5 28... f6 29. Bb3 29... Kg7 30. Bg3 30... Qd4 31. Qxd4",1. 0:03:00 1... 0:03:00 2. 0:03:01 2... 0:03:00 3. 0:03:01 3... 0:03:00 4. 0:03:02 4... 0:03:01 5. 0:03:04 5... 0:03:02 6. 0:03:02 6... 0:03:02 7. 0:03:04 7... 0:03:03 8. 0:03:05 8... 0:02:57 9. 0:03:03 9... 0:02:29 10. 0:03:03 10... 0:02:12 11. 0:03:02 11... 0:02:09 12. 0:03:03 12... 0:02:10 13. 0:03:02 13... 0:02:10 14. 0:03:02 14... 0:02:10 15. 0:03:01 15... 0:02:01 16. 0:02:59 16... 0:02:00 17. 0:02:27 17... 0:01:41 18. 0:02:27 18... 0:01:16 19. 0:01:37 19... 0:00:48 20. 0:01:24 20... 0:00:32 21. 0:01:19 21... 0:00:26 22. 0:00:45 22... 0:00:22 23. 0:00:38 23... 0:00:23 24. 0:00:39 24... 0:00:13 25. 0:00:35 25... 0:00:10 26. 0:00:32 26... 0:00:10 27. 0:00:28 27... 0:00:09 28. 0:00:28 28... 0:00:03 29. 0:00:23 29... 0:00:03 30. 0:00:22 30... 0:00:03 31. 0:00:22,
Rated Blitz game,https://lichess.org/0bjwzBbm,2024.08.01,-,irina319,isandoqa2,0-1,2024.08.01,00:02:43,2005,2017,,,A40,Englund Gambit Complex: Stockholm Variation,180+2,Time forfeit,"1. d4 1... e5 2. dxe5 2... Nc6 3. Nf3 3... Qe7 4. Qd5 4... f6 5. exf6 5... Nxf6 6. Qd1 6...
d5 7. e3 7... Bg4 8.
Be2 8... O-O-O 9. h3 9... Bh5 10. O-O 10... Ne4 11. Nbd2 11... g5 12.
Nxe4 12... dxe4 13. Nd4 13... Bxe2 14. Qxe2 14... Nxd4 15. exd4 15... Rxd4 16. Qg4 16... Kb8 17.
Bxg5 17... Qd6 18. Be3 18... Rd5 19. Rad1 19... h5 20. Qe2 20... Bg7 21.
Rxd5 21... Qxd5 22. Rd1 22... Qxa2 23. b3 23... Re8 24. Rd7 24... Qa1 25. Kh2 25... Be5",1. 0:03:00 1... 0:03:00 2. 0:02:54 2... 0:03:01 3. 0:02:51 3... 0:03:03 4. 0:02:49 4... 0:03:03 5. 0:02:45 5... 0:03:05 6. 0:02:35 6... 0:03:07 7. 0:02:33 7... 0:03:03 8. 0:02:29 8... 0:03:04 9. 0:02:26 9... 0:03:05 10. 0:02:17 10... 0:03:01 11. 0:02:04 11... 0:02:52 12. 0:01:58 12... 0:02:52 13. 0:01:56 13... 0:02:42 14. 0:01:47 14... 0:02:42 15. 0:01:45 15... 0:02:44 16. 0:01:45 16... 0:02:41 17. 0:01:45 17... 0:02:31 18. 0:01:26 18... 0:02:30 19. 0:01:20 19... 0:02:21 20. 0:00:47 20... 0:02:17 21. 0:00:41 21... 0:02:17 22. 0:00:41 22... 0:02:14 23. 0:00:30 23... 0:02:01 24. 0:00:24 24... 0:01:39 25. 0:00:21 25... 0:01:33,
Rated Blitz game,https://lichess.org/SgrO0mpB,2024.08.01,-,s243,trashben,0-1,2024.08.01,00:02:43,1485,1454,,,C30,King's Gambit,180+2,Normal,"1. e4 1... e5 2. f4 2... d6 3. Nf3 3... Nc6 4. fxe5 4... Nxe5 5.
d4 5... Ng6 6. Bc4 6... Bg4 7. O-O 7... Qd7 8. Bb5 8... c6 9. Bc4 9... O-O-O 10. d5 10... Ne5 11. dxc6 11... bxc6 12. Qd4 12... Nf6 13.
Qxa7 13... Qxa7 14. Kh1 14... Nxc4 15. b3 15... Ne5 16. Nxe5 16... dxe5 17. a4 17... Bc5 18.
Nd2 18... Be6 19. Nf3 19... Nxe4 20. Nxe5 20... Bd4 21. Nxc6 21... Qc7 22.
Nxd8 22... Bxa1 23. Nxe6 23... fxe6 24. Bf4 24... Qf7 25. Rxa1 25... Qxf4 26. a5 26... Rf8 27.
h3 27... Nf2 28. Kg1 28... Qd4 29. Ra4 29... Qd1 30. Kh2 30... Qh1 31.
Kg3 31... Qe1 32. a6 32... Nd3 33. Kh2 33... Nc5 34. a7 34... Kb7 35.
a8=Q 35... Rxa8 36. Rxa8 36... Kxa8 37. b4 37... Qxb4 38. c3 38... Qxc3 39. h4 39... Qf6 40.
g3 40... e5 41. Kh3 41... e4 42. Kg4 42... e3 43. h5 43... e2 44. h6 44... e1=Q 45. hxg7 45... Qg6 46. Kf3 46... Qexg3 47. Ke2 47... Q6d3",1. 0:03:00 1... 0:03:00 2. 0:03:01 2... 0:03:00 3. 0:03:02 3... 0:03:01 4. 0:03:02 4... 0:03:01 5. 0:03:00 5... 0:03:00 6. 0:02:57 6... 0:02:59 7. 0:02:55 7... 0:02:40 8. 0:02:36 8... 0:02:38 9. 0:02:36 9... 0:02:24 10. 0:02:34 10... 0:02:21 11. 0:02:28 11... 0:02:14 12. 0:02:15 12... 0:02:01 13. 0:02:15 13... 0:01:54 14. 0:02:14 14... 0:01:47 15. 0:02:08 15... 0:01:41 16. 0:02:08 16... 0:01:41 17. 0:02:08 17... 0:01:32 18. 0:01:51 18... 0:01:18 19. 0:01:41 19... 0:01:10 20. 0:01:41 20... 0:00:58 21. 0:01:39 21... 0:00:43 22. 0:01:26 22... 0:00:41 23. 0:01:21 23... 0:00:40 24. 0:01:21 24... 0:00:28 25. 0:01:12 25... 0:00:28 26. 0:01:13 26... 0:00:27 27. 0:01:12 27... 0:00:27 28. 0:01:10 28... 0:00:22 29. 0:01:08 29... 0:00:22 30. 0:01:08 30... 0:00:21 31. 0:01:07 31... 0:00:21 32. 0:01:01 32... 0:00:21 33. 0:00:54 33... 0:00:21 34. 0:00:53 34... 0:00:18 35. 0:00:51 35... 0:00:18 36. 0:00:49 36... 0:00:19 37. 0:00:50 37... 0:00:19 38. 0:00:51 38... 0:00:20 39. 0:00:50 39... 0:00:20 40. 0:00:51 40... 0:00:21 41. 0:00:52 41... 0:00:23 42. 0:00:52 42... 0:00:24 43. 0:00:53 43... 0:00:25 44. 0:00:50 44... 0:00:25 45. 0:00:51 45... 0:00:24 46. 0:00:46 46... 0:00:23 47. 0:00:41 47... 0:00:16,
Rated Blitz game,https://lichess.org/YDVskdLc,2024.08.01,-,GSutil,koslaba,0-1,2024.08.01,00:02:43,1161,1178,,,C00,"French Defense: Horwitz Attack, Papa-Ticulat Gambit",180+2,Time forfeit,"1. e4 1... e6 2. b3 2... d5 3. Bb2 3... dxe4 4. Nc3 4... Nf6 5. Qe2 5... Qd4 6. Nb1 6...
Qxb2",1. 0:03:00 1... 0:03:00 2. 0:03:02 2... 0:03:01 3. 0:03:04 3... 0:02:55 4. 0:03:06 4... 0:02:56 5. 0:03:05 5... 0:02:39 6. 0:02:55 6... 0:02:39,
Rated Blitz game,https://lichess.org/MqRSpCWW,2024.08.01,-,gambito343,diogoferraz,1-0,2024.08.01,00:02:43,1197,1243,,,C46,Three Knights Opening,180+2,Normal,1. e4 1... e5 2. Nc3 2... Nc6 3. Nf3 3... d6 4. Bc4 4... Bg4 5. Nxe5 5... Bxd1 6. Bxf7 6... Ke7 7. Nd5,1. 0:03:00 0. 0:03:00 1... 0:03:00 0. 0:03:01 2. 0:03:01 0. 0:03:02 2... 0:03:03 0. 0:03:04 3. 0:02:51 0. 0:03:04 3... 0:02:50 0. 0:02:55 4. 0:02:48,
Rated Blitz game,https://lichess.org/6vPEiZjm,2024.08.01,-,Stefangecal,NewCountChess,0-1,2024.08.01,00:02:43,1778,1782,,,B13,Caro-Kann Defense: Exchange Variation,180+2,Normal,"1. e4 1... c6 2. d4 2... d5 3.
exd5 3... cxd5 4. Nf3 4... Nc6 5. Bd3 5... Bg4 6. c3 6... e6 7.
O-O 7... Bd6 8. Nbd2 8... Nge7 9. h3 9...
Bxf3 10. Nxf3 10... O-O 11.
Bg5 11... a6 12. Bc2 12... b5 13. Qd3 13... g6 14. Bf6 14... Qc7 15. Rae1 15...
Bf4 16. Ne5 16... Nxe5 17.
dxe5 17... Rac8 18. g3 18...
Bh6 19. h4 19... Nc6 20. f4 20... Nb4 21. cxb4 21... Qxc2 22.
Qxc2 22... Rxc2 23. Rf2 23... Rfc8 24. Ree2 24...
Rc1 25. Kg2 25... Bg7 26. Bxg7 26... Kxg7 27.
Kf3 27... R8c4 28. a3 28...
h5 29. Re3 29... R1c2 30. Rfe2 30... Rxe2 31. Rxe2 31... Kf8 32. Ke3 32... Re4 33. Kd3 33... Rxe2 34. Kxe2 34... Ke7 35. Kd3 35... Kd7 36. Kd4 36... Kc6 37. b3 37... Kb6 38. a4 38... bxa4 39. bxa4 39... a5 40. b5 40...
Kc7 41. Kc5 41... Kb7 42. Kd6 42... d4 43.
Ke7 43... d3 44. Kxf7 44... d2 45. Kxe6 45... d1=Q 46. Kf6 46... Qxa4 47. e6 47... Qxb5 48. Kxg6 48... Qe8 49. Kf6 49... a4 50. f5 50... Kc6",1. 0:03:00 0. 0:03:00 1... 0:03:01 0. 0:03:02 2. 0:03:01 0. 0:03:04 2... 0:03:03 0. 0:03:05 3. 0:03:04 0. 0:03:07 3... 0:03:01 0. 0:03:08 4. 0:03:01 0. 0:03:08 4... 0:02:50 0. 0:03:09 5. 0:02:51 0. 0:03:09 5... 0:02:52 0. 0:03:11 6. 0:02:43 0. 0:03:11 6... 0:02:36 0. 0:03:05 7. 0:02:37 0. 0:03:00 7... 0:02:33 0. 0:02:57 8. 0:02:30 0. 0:02:54 8... 0:02:12 0. 0:02:51 9. 0:02:12 0. 0:02:44 9... 0:02:04 0. 0:02:44 10. 0:01:49 0. 0:02:45 10... 0:01:48 0. 0:02:45 11. 0:01:40 0. 0:02:46 11... 0:01:41 0. 0:02:46 12. 0:01:42 0. 0:02:46 12... 0:01:42 1. 0:02:34 13. 0:01:43 0. 0:02:35 13... 0:01:39 0. 0:02:36 14. 0:01:36 0. 0:02:33 14... 0:01:36 0. 0:02:23 15. 0:01:32 0. 0:02:21 15... 0:01:30 1. 0:02:02 16. 0:01:29 0. 0:02:01 16... 0:01:27 0. 0:02:01 17. 0:01:28 0. 0:02:01 17... 0:01:29 4. 0:02:03 18. 0:01:29 0. 0:02:04 18... 0:01:30 0. 0:02:05 19. 0:01:29 0. 0:02:06 19... 0:01:29 0. 0:01:58 20. 0:01:30 0. 0:01:59 20... 0:01:24 0. 0:01:56 21. 0:01:25 0. 0:01:57 21... 0:01:06 0. 0:01:54 22. 0:01:06 0. 0:01:53 22... 0:01:08 0. 0:01:54 23. 0:01:09 0. 0:01:55 23... 0:01:08 0. 0:01:53 24. 0:01:09 0. 0:01:53 24... 0:01:10 0. 0:01:47 25. 0:01:09 0. 0:01:48 25... 0:01:08 0. 0:01:47,
Rated Blitz game,https://lichess.org/qBV470l7,2024.08.01,-,PepeLePewGT,R_guti,1-0,2024.08.01,00:02:43,1989,1950,,,B23,Sicilian Defense: Closed,180+2,Time forfeit,"1. e4 1... c5 2. Nc3 2... d6 3. f4 3... e6 4. Bc4 4... Nf6 5. d3 5... Be7 6. a3 6... O-O 7. Nf3 7... a6 8. O-O 8... b5 9. Ba2 9...
Bb7 10. Ne2 10... Nbd7 11. h3 11... Qc7 12. g4 12... Rad8 13. Qe1 13... d5 14. e5 14... Ne8 15. c3 15... c4 16. d4 16... f5 17. gxf5 17... Rxf5 18. Ng3 18... Rf7 19. Bb1 19... g6 20.
Rf2 20... Ng7 21. Rg2 21... Kh8 22. f5 22... gxf5 23. Bh6 23... Rg8 24.
Bxg7 24... Rgxg7 25. Qf2 25... Qd8 26. Nh5 26... Rxg2 27. Qxg2 27... Qg8 28. h4 28... Qxg2 29.
Kxg2 29... Nf8 30. Bc2 30... Ng6 31. Kh3 31... Bc6 32. Ng5 32... Bxg5 33.
hxg5 33... Be8 34. b3 34... cxb3 35. Bxb3 35... Rc7 36. Rc1 36... a5 37.
Nf6 37... Bf7 38. Rc2 38... Nf4 39. Kh4 39... Nd3 40. Kg3 40... b4 41.
axb4 41... axb4 42. Rh2 42... Bg6 43. cxb4 43... Nxb4 44. Ba4 44... Rc3 45. Kh4 45... Rd3 46.
Be8 46... Rxd4 47. Kg3 47... f4 48. Kg4 48... Bf5 49. Kh5 49... f3 50. g6 50... hxg6 51.
Bxg6 51... Kg7 52. Kg5 52... Rg4 53. Kh5 53... Rxg6 54. Ne8 54... Kf7 55.
Nf6 55... Nd3 56. Ra2 56... Nf4 57. Kh4",1. 0:03:00 1... 0:03:00 2. 0:02:59 2... 0:03:00 3. 0:02:59 3... 0:03:01 4. 0:03:00 4... 0:03:01 5. 0:03:01 5... 0:03:02 6. 0:03:01 6... 0:03:03 7. 0:03:02 7... 0:03:04 8. 0:03:03 8... 0:03:06 9. 0:03:03 9... 0:03:07 10. 0:03:04 10... 0:03:08 11. 0:03:04 11... 0:03:08 12. 0:03:03 12... 0:03:09 13. 0:03:04 13... 0:02:58 14. 0:03:05 14... 0:02:58 15. 0:03:05 15... 0:02:59 16. 0:03:06 16... 0:02:52 17. 0:03:03 17... 0:02:52 18. 0:03:00 18... 0:02:47 19. 0:03:00 19... 0:02:46 20. 0:02:51 20... 0:02:45 21. 0:02:52 21... 0:02:45 22. 0:02:47 22... 0:02:45 23. 0:02:46 23... 0:02:37 24. 0:02:46 24... 0:02:37 25. 0:02:46 25... 0:02:31 26. 0:02:47 26... 0:02:30 27. 0:02:46 27... 0:02:31 28. 0:02:33 28... 0:02:25 29. 0:02:34 29... 0:02:26 30. 0:02:32 30... 0:02:26 31. 0:02:29 31... 0:02:22 32. 0:02:25 32... 0:02:21 33. 0:02:24 33... 0:01:53 34. 0:02:21 34... 0:01:52 35. 0:02:22 35... 0:01:51 36. 0:02:13 36... 0:01:49 37. 0:02:09 37... 0:01:44 38. 0:01:32 38... 0:01:33 39. 0:01:28 39... 0:01:31 40. 0:01:11 40... 0:01:05 41. 0:01:09 41... 0:01:05 42. 0:01:04 42... 0:00:54 43. 0:01:03 43... 0:00:49 44. 0:00:58 44... 0:00:40 45. 0:00:51 45... 0:00:30 46. 0:00:46 46... 0:00:27 47. 0:00:47 47... 0:00:21 48. 0:00:41 48... 0:00:18 49. 0:00:42 49... 0:00:15 50. 0:00:42 50... 0:00:12 51. 0:00:42 51... 0:00:06 52. 0:00:42 52... 0:00:06 53. 0:00:42 53... 0:00:06 54. 0:00:40 54... 0:00:06 55. 0:00:39 55... 0:00:06 56. 0:00:33 56... 0:00:02 57. 0:00:33,
Rated Blitz game,https://lichess.org/ai0smvvV,2024.08.01,-,Macd04,Endika79,0-1,2024.08.01,00:02:43,2113,2138,,,A22,"English Opening: King's English Variation, Two Knights Variation",180+2,Normal,"1. c4 1... e5 2. Nc3 2... Nf6 3. d3 3... d5 4. cxd5 4... Nxd5 5. Nf3 5... Nc6 6. g3 6...
Be7 7. Bg2 7... Be6 8.
O-O 8... O-O 9. Nxd5 9... Bxd5 10. a3 10... f5 11. b4 11... e4 12.
dxe4 12... fxe4 13. Nd4 13... Nxd4 14. Qxd4 14... Bf6 15. Qc5 15... Bxa1 16. Bf4 16... b6 17.
Qc2 17... Bf6 18. Rc1 18... c6 19. Bxe4 19... Bxe4 20. Qxe4 20... Rc8 21.
Qe6 21... Kh8 22. e4 22... Bb2 23. Re1 23... Bxa3 24. e5 24... Bxb4 25.
Rc1 25... Qd5 26. Qg4 26... c5 27. e6 27... c4 28. Rd1 28... Qf5 29.
Qxf5 29... Rxf5 30. Rd7 30... c3 31. e7 31...
Bxe7 32. Rxe7 32... Rxf4 33. gxf4 33... c2",1. 0:03:00 1... 0:03:00 2. 0:03:01 2... 0:03:00 3. 0:03:01 3... 0:03:00 4. 0:03:01 4... 0:03:01 5. 0:03:00 5... 0:03:00 6. 0:03:00 6... 0:02:59 7. 0:03:00 7... 0:02:56 8. 0:03:01 8... 0:02:56 9. 0:02:54 9... 0:02:56 10. 0:02:52 10... 0:02:52 11. 0:02:49 11... 0:02:37 12. 0:02:47 12... 0:02:39 13. 0:02:45 13... 0:02:33 14. 0:02:36 14... 0:02:33 15. 0:02:36 15... 0:02:31 16. 0:02:36 16... 0:02:15 17. 0:02:13 17... 0:02:03 18. 0:02:12 18... 0:02:02 19. 0:02:10 19... 0:01:57 20. 0:02:12 20... 0:01:53 21. 0:02:08 21... 0:01:53 22. 0:02:04 22... 0:01:47 23. 0:01:47 23... 0:01:44 24. 0:01:45 24... 0:01:44 25. 0:01:32 25... 0:01:41 26. 0:01:27 26... 0:01:36 27. 0:01:23 27... 0:01:36 28. 0:01:18 28... 0:01:33 29. 0:00:54 29... 0:01:33 30. 0:00:54 30... 0:01:19 31. 0:00:47 31... 0:01:19 32. 0:00:46 32... 0:01:09 33. 0:00:41 33... 0:01:11,
Rated Blitz game,https://lichess.org/A6NqWdJ5,2024.08.01,-,GRETTER,Philidor_Roraima,1-0,2024.08.01,00:02:43,1856,1818,,,D02,Queen's Pawn Game: Chigorin Variation,180+2,Time forfeit,"1. d4 1... d5 2. Nf3 2... Nc6 3. h3 3... Nf6 4. Bg5 4... Bf5 5. c3 5... e6 6. e3 6... Bd6 7. Bd3 7... Bxd3 8.
Qxd3 8... O-O 9. Nbd2 9... h6 10. Bh4 10... e5 11. dxe5 11... Nxe5 12. Nxe5 12... Bxe5 13. Nf3 13... Qe7 14. O-O 14... c6 15. Rae1 15... Qe6 16. Nd4 16... Bxd4 17.
exd4 17... Qd6 18. Re5 18... Ne4 19. f3 19... f6 20. Rh5 20... Ng3 21.
Bxg3 21... Qxg3 22. Qe3 22... Rae8 23. Qf2 23... Qg6 24. Rh4 24... Qh7 25. Rg4 25... f5 26.
Rg3 26... f4 27. Rg4 27... Re3 28. Rxf4 28... Rxf4 29. Qxe3 29... Qf5 30.
Re1 30... Kh7 31. Kf2 31... Qg5 32. Qd3 32... Qf5 33. Qxf5 33... Rxf5 34. Re7 34... Rf8 35. Rxb7 35... a5 36. Ra7 36...
Rb8 37. b3 37... Rb5 38. g4 38... c5 39. Ke3 39... cxd4 40. Kxd4 40... Kg6 41. f4 41... h5 42. Ra6 42... Kh7 43.
g5",1. 0:03:00 1... 0:03:00 2. 0:02:58 2... 0:03:01 3. 0:02:59 3... 0:03:03 4. 0:03:00 4... 0:03:01 5. 0:03:00 5... 0:03:02 6. 0:03:01 6... 0:03:03 7. 0:03:01 7... 0:03:03 8. 0:03:03 8... 0:03:03 9. 0:03:03 9... 0:03:04 10. 0:03:05 10... 0:03:02 11. 0:03:03 11... 0:03:02 12. 0:03:04 12... 0:03:03 13. 0:03:05 13... 0:02:51 14. 0:02:58 14... 0:02:51 15. 0:02:50 15... 0:02:50 16. 0:02:48 16... 0:02:47 17. 0:02:49 17... 0:02:48 18. 0:02:46 18... 0:02:43 19. 0:02:41 19... 0:02:22 20. 0:02:32 20... 0:02:03 21. 0:02:23 21... 0:02:03 22. 0:02:05 22... 0:02:03 23. 0:01:58 23... 0:01:57 24. 0:01:57 24... 0:01:42 25. 0:01:55 25... 0:01:35 26. 0:01:52 26... 0:01:33 27. 0:01:47 27... 0:01:31 28. 0:01:41 28... 0:01:11 29. 0:01:39 29... 0:01:11 30. 0:01:35 30... 0:01:03 31. 0:01:23 31... 0:00:55 32. 0:01:21 32... 0:00:46 33. 0:01:21 33... 0:00:47 34. 0:01:22 34... 0:00:26 35. 0:01:19 35... 0:00:20 36. 0:01:16 36... 0:00:20 37. 0:01:14 37... 0:00:17 38. 0:01:11 38... 0:00:13 39. 0:01:08 39... 0:00:13 40. 0:01:09 40... 0:00:12 41. 0:00:34 41... 0:00:07 42. 0:00:32 42... 0:00:05 43. 0:00:33,
Rated Blitz game,https://lichess.org/QdDUYdWk,2024.08.01,-,kikan007,joselindor,0-1,2024.08.01,00:02:43,1305,1285,,,B00,Pirc Defense,180+2,Normal,"1. e4 1... d6 2. d4 2... Nf6 3. e5 3... dxe5 4. dxe5 4... Qxd1 5.
Kxd1 5... Ng4 6. Nh3 6... Nxe5 7. Bf4 7... Ng6 8. Bxc7 8... Bxh3 9.
gxh3 9... Nc6 10. Nc3 10... e6 11. Nb5 11... Bc5 12. Nd6 12... Bxd6 13. Bxd6 13... Rd8 14. Bd3 14... Rxd6 15. Ke2 15... Nge5 16. Bb5 16... O-O 17. Rhd1 17... Nd4 18. Ke3 18... Rfd8 19. Bd3 19... Nxd3 20. cxd3 20... Nc2 21. Ke4 21... Nxa1 22. Rxa1 22... Rxd3 23. Kf4 23... R3d4 24. Ke3 24... Rd3 25. Ke2 25... Rxh3 26. Rc1 26... Rxh2 27. Rc7 27... Rb8 28.
a4 28... Rh4 29. a5 29... Rb4 30. a6 30... bxa6 31. Rxa7 31... Rxb2 32. Kf3 32... h6 33. Rxa6 33... R2b3 34. Kg2 34... R3b6 35. Ra5 35... Rb5 36. Ra6 36... R8b6 37.
Ra8 37... Kh7 38. Rf8 38... Rf5 39. Rc8 39... h5 40. Rc7 40... g5 41.
f3 41... Rb2 42. Kg3 42... Rb3 43. Kf2 43... Rbxf3 44. Ke2 44... Kg6 45.
Rc4 45... h4 46. Rg4 46... Rg3 47. Re4 47... h3",1. 0:03:00 1... 0:03:00 2. 0:03:00 2... 0:03:01 3. 0:03:01 3... 0:03:03 4. 0:03:02 4... 0:03:05 5. 0:03:03 5... 0:03:06 6. 0:03:02 6... 0:03:04 7. 0:03:02 7... 0:02:59 8. 0:03:03 8... 0:02:58 9. 0:03:03 9... 0:02:59 10. 0:03:01 10... 0:02:57 11. 0:02:59 11... 0:02:50 12. 0:02:57 12... 0:02:47 13. 0:02:47 13... 0:02:48 14. 0:02:30 14... 0:02:47 15. 0:02:30 15... 0:02:45 16. 0:02:27 16... 0:02:41 17. 0:02:27 17... 0:02:40 18. 0:02:22 18... 0:02:38 19. 0:02:17 19... 0:02:38 20. 0:02:15 20... 0:02:39 21. 0:02:14 21... 0:02:39 22. 0:02:14 22... 0:02:39 23. 0:02:14 23... 0:02:37 24. 0:02:14 24... 0:02:34 25. 0:02:12 25... 0:02:34 26. 0:02:12 26... 0:02:33 27. 0:02:12 27... 0:02:32 28. 0:02:08 28... 0:02:31 29. 0:02:08 29... 0:02:25 30. 0:02:06 30... 0:02:24 31. 0:02:06 31... 0:02:24 32. 0:02:07 32... 0:02:25 33. 0:02:06 33... 0:02:23 34. 0:02:07 34... 0:02:23 35. 0:02:07 35... 0:02:20 36. 0:02:08 36... 0:02:17 37. 0:02:09 37... 0:02:17 38. 0:02:10 38... 0:02:16 39. 0:02:07 39... 0:02:15 40. 0:02:03 40... 0:02:12 41. 0:01:57 41... 0:02:10 42. 0:01:55 42... 0:02:09 43. 0:01:41 43... 0:02:07 44. 0:01:42 44... 0:02:07 45. 0:01:41 45... 0:02:03 46. 0:01:41 46... 0:01:57 47. 0:01:36 47... 0:01:56,
Rated Blitz game,https://lichess.org/XM4nH3bO,2024.08.01,-,nylon09,camille37,0-1,2024.08.01,00:02:43,1745,1626,,,C41,Philidor Defense,180+2,Normal,"1. e4 1... e5 2. Nf3 2... d6 3. Nc3 3... Bg4 4. Be2 4... Nc6 5. d3 5... Bxf3 6. Bxf3 6...
Nd4 7. Be3 7... Nxf3 8. Qxf3 8... Qf6 9. Qxf6 9... Nxf6 10. Bg5 10... Be7 11. Bxf6 11... gxf6 12. Nd5 12... Bd8 13.
O-O-O 13... c6 14. Ne3 14... Bb6 15. Nf5 15... Kd7 16. Rhf1 16... Rhg8 17. Nh6 17... Rg6 18. Nf5 18... Rxg2 19. f4 19... Rxh2 20. fxe5 20... dxe5 21. Rh1 21... Rxh1 22.
Rxh1 22... Rh8 23. Nh6 23... Ke6 24. Rf1 24... Be3",1. 0:03:00 1... 0:03:00 2. 0:03:00 2... 0:03:01 3. 0:02:58 3... 0:03:02 4. 0:02:59 4... 0:03:03 5. 0:03:00 5... 0:03:03 6. 0:03:00 6... 0:03:05 7. 0:03:00 7... 0:03:06 8. 0:03:02 8... 0:03:06 9. 0:03:02 9... 0:03:08 10. 0:03:01 10... 0:03:09 11. 0:03:02 11... 0:03:08 12. 0:03:03 12... 0:03:08 13. 0:02:59 13... 0:03:06 14. 0:02:59 14... 0:02:53 15. 0:02:57 15... 0:02:45 16. 0:02:50 16... 0:02:42 17. 0:02:40 17... 0:02:41 18. 0:02:34 18... 0:02:40 19. 0:02:33 19... 0:02:30 20. 0:02:30 20... 0:02:29 21. 0:02:27 21... 0:02:07 22. 0:02:29 22... 0:02:07 23. 0:02:25 23... 0:02:06 24. 0:02:13 24... 0:02:06,
Rated Blitz game,https://lichess.org/jSSu49wk,2024.08.01,-,Rausasa,jackrcox,0-1,2024.08.01,00:02:43,991,1144,,,B00,Pirc Defense,180+2,Normal,"1. e4 1... d6 2. Nc3 2... g6 3. Bc4 3... Bg7 4. d3 4... Nf6 5. Nge2 5... O-O 6. Be3 6...
c6 7. f3 7... b5 8.
Bb3 8... a5 9. a4 9...
b4 10. e5 10... bxc3 11. exf6 11... Bxf6 12. Bd4 12... cxb2 13. Rb1 13... Bxd4 14. Nxd4 14... c5 15. Nc6 15... Nxc6 16.
Rxb2 16... Bb7 17. O-O 17... e6 18. h3 18... d5 19. c4 19... Qf6 20.
Qb1 20... d4 21. Bc2 21... Nb4 22. Bd1 22... Qf5 23. g4 23... Qf6 24.
Be2 24... e5 25. Rb3 25... Qe6 26. Bd1 26... f5 27. gxf5 27... Rxf5 28. Re1 28... Bxf3 29. Bxf3 29... Rxf3 30. Rf1 30... Raf8 31. Rxf3 31... Rxf3 32. Qd1 32... Qxh3 33.
Rb1 33... Rg3 34. Kf2 34... Nxd3 35. Ke2 35... Qh2 36. Kf1 36... Rg1",1. 0:03:00 1... 0:03:00 2. 0:03:01 2... 0:03:01 3. 0:03:03 3... 0:03:03 4. 0:03:04 4... 0:03:04 5. 0:03:03 5... 0:03:06 6. 0:03:04 6... 0:03:07 7. 0:03:06 7... 0:03:09 8. 0:03:04 8... 0:03:10 9. 0:02:58 9... 0:03:10 10. 0:02:55 10... 0:03:06 11. 0:02:55 11... 0:03:08 12. 0:02:44 12... 0:03:01 13. 0:02:42 13... 0:02:52 14. 0:02:42 14... 0:02:53 15. 0:02:42 15... 0:02:54 16. 0:02:42 16... 0:02:47 17. 0:02:42 17... 0:02:43 18. 0:02:14 18... 0:02:43 19. 0:02:15 19... 0:02:27 20. 0:02:10 20... 0:02:23 21. 0:02:10 21... 0:02:20 22. 0:02:07 22... 0:02:07 23. 0:02:07 23... 0:02:00 24. 0:01:59 24... 0:01:52 25. 0:01:50 25... 0:01:45 26. 0:01:35 26... 0:01:41 27. 0:01:33 27... 0:01:40 28. 0:01:31 28... 0:01:28 29. 0:01:12 29... 0:01:30 30. 0:01:10 30... 0:01:25 31. 0:01:10 31... 0:01:26 32. 0:01:09 32... 0:01:17 33. 0:00:46 33... 0:00:37 34. 0:00:43 34... 0:00:29 35. 0:00:40 35... 0:00:26 36. 0:00:39 36... 0:00:23,
Rated Blitz game,https://lichess.org/ZoixUxYT,2024.08.01,-,newrules2023,gambi_shah,1/2-1/2,2024.08.01,00:03:10,2290,2261,,,A44,Benoni Defense: Old Benoni,180+2,Normal,"1. d4 1... c5 2. d5 2... e5 3. Nc3 3... d6 4. e4 4... Be7 5. g3 5... Bg5 6. Bg2 6... Bxc1 7. Rxc1 7... f5 8.
exf5 8... Bxf5 9. Nf3 9... Nf6 10. O-O 10... O-O 11. Nd2 11... Nbd7 12.
Nc4 12... Nb6 13. Ne3 13... Bg6 14. Bh3 14... Ne4 15. Be6 15... Kh8 16.
Nxe4 16... Bxe4 17. Qg4 17... Bf3 18. Qh3 18... Na4 19. Bf5 19... h6 20. Bg4 20... Qa5 21.
Bxf3 21... Rxf3 22. Kg2 22... Raf8 23. Ng4 23... Qd2 24. Rcd1 24... Qxc2 25. Rc1 25... Qe4 26.
Kg1 26... Kh7 27. Ne3 27... R8f7 28. Rc4 28... Qxe3 29. fxe3 29... Rxf1 30. Qxf1 30... Rxf1 31. Kxf1 31... Nxb2 32. Rc3 32... b5 33. Rb3 33... Nc4 34. Rxb5 34... Nxe3 35. Ke2 35... Nxd5 36. Ra5 36... Kg6 37. Rxa7 37... Kf6 38. Rd7 38... Nc3 39. Kd3 39... Nxa2 40.
Rxd6 40... Kf5 41. g4 41... Kxg4 42. Rg6 42... Kh3 43. Rxg7 43... h5 44. Rg5 44... h4 45.
Ke3 45... Kxh2 46. Rxe5 46... c4 47. Rc5 47...
c3 48. Kf3 48... h3 49. Kf2 49... Kh1 50. Kf1 50... Kh2 51. Kf2 51... Kh1 52. Rh5 52... h2 53. Kg3 53... c2 54.
Rxh2 54... Kg1 55. Rxc2 55... Nb4 56. Rc4 56... Nd3 57. Rd4 57... Ne1 58. Rd1 58... Kf1 59.
Rc1 59... Ke2 60. Rc5 60... Nd3 61. Rc8 61... Ke3 62. Re8 62... Kd4 63.
Kf3 63... Ne5 64. Ke2 64... Nc4 65. Rd8 65... Ke5 66. Kd3 66... Nd6 67.
Rd7 67... Kd5 68. Rh7 68... Ke5 69. Rh5 69... Nf5 70. Kc4 70... Ke4 71.
Rh1 71... Ne3 72. Kc3 72... Nd5 73. Kd2 73... Ke5 74. Rh5 74... Kd4 75.
Rh4 75... Ke5 76. Kd3 76... Nf4 77. Ke3 77... Nd5 78. Kf3 78... Ke6 79.
Ke4 79... Nf6 80. Kd4 80... Kf5 81. Rh1 81... Ke6 82. Re1 82... Kd6 83.
Rf1 83... Ke6 84. Re1 84... Kd6 85. Rf1 85... Ke6 86. Re1",1. 0:03:00 1... 0:03:00 2. 0:02:59 2... 0:03:01 3. 0:03:00 3... 0:03:02 4. 0:03:01 4... 0:03:03 5. 0:02:59 5... 0:03:04 6. 0:02:57 6... 0:03:04 7. 0:02:57 7... 0:03:05 8. 0:02:58 8... 0:03:05 9. 0:02:53 9... 0:03:06 10. 0:02:54 10... 0:03:06 11. 0:02:53 11... 0:03:03 12. 0:02:53 12... 0:03:03 13. 0:02:54 13... 0:03:03 14. 0:02:50 14... 0:02:36 15. 0:02:46 15... 0:02:36 16. 0:02:33 16... 0:02:38 17. 0:02:32 17... 0:02:34 18. 0:02:21 18... 0:02:08 19. 0:01:55 19... 0:01:59 20. 0:01:40 20... 0:01:41 21. 0:01:37 21... 0:01:41 22. 0:01:38 22... 0:01:41 23. 0:01:21 23... 0:01:31 24. 0:01:20 24... 0:01:29 25. 0:01:11 25... 0:01:11 26. 0:01:03 26... 0:00:58 27. 0:00:51 27... 0:00:47 28. 0:00:50 28... 0:00:39 29. 0:00:48 29... 0:00:40 30. 0:00:49 30... 0:00:40 31. 0:00:50 31... 0:00:40 32. 0:00:47 32... 0:00:39 33. 0:00:31 33... 0:00:39 34. 0:00:31 34... 0:00:40 35. 0:00:32 35... 0:00:41 36. 0:00:32 36... 0:00:23 37. 0:00:32 37... 0:00:21 38. 0:00:24 38... 0:00:21 39. 0:00:22 39... 0:00:23 40. 0:00:23 40... 0:00:23 41. 0:00:11 41... 0:00:23 42. 0:00:12 42... 0:00:24 43. 0:00:12 43... 0:00:24 44. 0:00:12 44... 0:00:24 45. 0:00:10 45... 0:00:23 46. 0:00:08 46... 0:00:23 47. 0:00:06 47... 0:00:23 48. 0:00:07 48... 0:00:23 49. 0:00:08 49... 0:00:21 50. 0:00:07 50... 0:00:17 51. 0:00:08 51... 0:00:16 52. 0:00:08 52... 0:00:16 53. 0:00:08 53... 0:00:13 54. 0:00:08 54... 0:00:14 55. 0:00:10 55... 0:00:12 56. 0:00:11 56... 0:00:12 57. 0:00:10 57... 0:00:11 58. 0:00:09 58... 0:00:12 59. 0:00:09 59... 0:00:13 60. 0:00:08 60... 0:00:14 61. 0:00:08 61... 0:00:14 62. 0:00:09 62... 0:00:15 63. 0:00:10 63... 0:00:16 64. 0:00:11 64... 0:00:16 65. 0:00:11 65... 0:00:16 66. 0:00:12 66... 0:00:16 67. 0:00:12 67... 0:00:17 68. 0:00:12 68... 0:00:17 69. 0:00:12 69... 0:00:18 70. 0:00:12 70... 0:00:18 71. 0:00:13 71... 0:00:18 72. 0:00:10 72... 0:00:19 73. 0:00:11 73... 0:00:17 74. 0:00:10 74... 0:00:18 75. 0:00:11 75... 0:00:19 76. 0:00:11 76... 0:00:19 77. 0:00:13 77... 0:00:20 78. 0:00:13 78... 0:00:20 79. 0:00:13 79... 0:00:21 80. 0:00:13 80... 0:00:21 81. 0:00:13 81... 0:00:22 82. 0:00:13 82... 0:00:22 83. 0:00:14 83... 0:00:23 84. 0:00:15 84... 0:00:24 85. 0:00:16 85... 0:00:25 86. 0:00:18,
Rated Blitz game,https://lichess.org/uYrmAypu,2024.08.01,-,ryanr103,thewalkingtibo,0-1,2024.08.01,00:02:59,2006,2029,,,D00,Blackmar-Diemer Gambit: von Popiel Gambit,180+2,Normal,"1. d4 1... d5 2. e4 2... dxe4 3. Nc3 3... Nf6 4. Bg5 4... Nbd7 5.
Qe2 5... b6 6. O-O-O 6... Bb7 7. f3 7... exf3 8. Nxf3 8... h6 9. Bh4 9... e6 10. d5 10...
g5 11. dxe6 11... fxe6 12. Qxe6 12... Qe7 13. Qf5 13... O-O-O 14. Bg3 14... Kb8 15. Bb5 15... Bg7 16. Rhe1 16... Qf7 17.
Kb1 17... Rhf8 18. Ne5 18... Nxe5 19. Rxd8 19... Rxd8 20. Qxe5 20... Nd5 21.
Qe6 21... Nxc3 22. bxc3 22... Qxe6 23. Rxe6 23... Bxc3 24. Bd3 24... Rh8 25. Re7 25... Bxg2 26.
Rxc7 26... Ka8 27. Rxc3 27... h5 28. Be4 28... Bxe4 29. Be5 29... Re8 30. Bf6 30... g4 31.
Bh4 31... Bg6 32. Bg3 32... Rd8 33. Rc6 33... Be8 34. Rc7 34... Rd1 35.
Kb2 35... Rd8 36. a3 36... Ba4 37. Rh7 37... Be8 38. Bh4 38... Rc8 39.
Bg3 39... Rxc2 40. Kxc2 40... Bg6 41. Kc3 41... Bxh7 42. Kd4 42... Kb7 43. Ke5 43... Bg6 44.
Kf6 44... Be8 45. Ke7 45... Bc6 46. Kf6 46... a5 47. Kg5 47... Be8 48.
Kf6 48... Kc6 49. Ke7 49... Bd7 50. Bd6 50... h4 51. Bf4 51... b5 52.
Bg5 52... g3 53. hxg3 53... hxg3 54. Be3 54... g2 55. Bg1 55... b4 56.
axb4 56... axb4 57. Kf6 57... b3 58. Ke5 58...
b2",1. 0:03:00 1... 0:03:00 2. 0:03:01 2... 0:03:01 3. 0:03:03 3... 0:03:01 4. 0:03:04 4... 0:02:59 5. 0:03:05 5... 0:02:42 6. 0:03:06 6... 0:02:43 7. 0:03:07 7... 0:02:42 8. 0:03:09 8... 0:02:39 9. 0:03:10 9... 0:02:36 10. 0:03:04 10... 0:02:23 11. 0:03:05 11... 0:02:20 12. 0:02:50 12... 0:02:21 13. 0:02:36 13... 0:01:52 14. 0:02:28 14... 0:01:32 15. 0:02:24 15... 0:01:03 16. 0:02:25 16... 0:00:54 17. 0:01:53 17... 0:00:41 18. 0:01:45 18... 0:00:34 19. 0:01:44 19... 0:00:33 20. 0:01:44 20... 0:00:16 21. 0:01:17 21... 0:00:16 22. 0:01:18 22... 0:00:14 23. 0:01:19 23... 0:00:15 24. 0:01:12 24... 0:00:03 25. 0:01:09 25... 0:00:03 26. 0:01:10 26... 0:00:04 27. 0:01:11 27... 0:00:04 28. 0:01:10 28... 0:00:05 29. 0:01:03 29... 0:00:05 30. 0:01:04 30... 0:00:06 31. 0:01:02 31... 0:00:04 32. 0:01:03 32... 0:00:03 33. 0:01:04 33... 0:00:03 34. 0:01:05 34... 0:00:03 35. 0:01:06 35... 0:00:05 36. 0:01:06 36... 0:00:06 37. 0:01:05 37... 0:00:07 38. 0:01:05 38... 0:00:07 39. 0:01:06 39... 0:00:08 40. 0:01:06 40... 0:00:09 41. 0:01:06 41... 0:00:11 42. 0:01:06 42... 0:00:13 43. 0:01:06 43... 0:00:14 44. 0:01:07 44... 0:00:16 45. 0:01:09 45... 0:00:13 46. 0:01:09 46... 0:00:11 47. 0:01:11 47... 0:00:12 48. 0:01:12 48... 0:00:13 49. 0:01:13 49... 0:00:15 50. 0:01:09 50... 0:00:11 51. 0:01:07 51... 0:00:11 52. 0:01:07 52... 0:00:11 53. 0:01:06 53... 0:00:13 54. 0:01:07 54... 0:00:14 55. 0:01:08 55... 0:00:15 56. 0:01:08 56... 0:00:17 57. 0:01:10 57... 0:00:18 58. 0:01:10 58... 0:00:20,
Rated Blitz game,https://lichess.org/GjTqAVkJ,2024.08.01,-,senkusamacast,MisterSpaceships,0-1,2024.08.01,00:02:59,1099,1059,,,A46,Yusupov-Rubinstein System,180+2,Normal,"1. d4 1... Nf6 2. Nf3 2... e6 3. e3 3... Be7 4. Bb5 4... O-O 5. Bd3 5... d5 6. c3 6... c5 7. Qe2 7... c4 8. Bc2 8... b5 9. Nbd2 9... a5 10. e4 10... dxe4 11.
Nxe4 11... Nd5 12. O-O 12... Bb7 13. b3 13... Nd7 14. Bb2 14... N7f6 15.
Nfg5 15... Nf4 16. Qf3 16... Nxe4 17. Nxe4 17... f5 18. Qxf4 18... fxe4 19. f3 19... Rxf4 20. Bxe4",1. 0:03:00 1... 0:03:00 2. 0:03:02 2... 0:02:59 3. 0:03:02 3... 0:02:59 4. 0:03:01 4... 0:02:50 5. 0:03:00 5... 0:02:51 6. 0:03:01 6... 0:02:51 7. 0:02:57 7... 0:02:47 8. 0:02:57 8... 0:02:49 9. 0:02:57 9... 0:02:49 10. 0:02:56 10... 0:02:48 11. 0:02:56 11... 0:02:48 12. 0:02:41 12... 0:02:46 13. 0:02:39 13... 0:02:45 14. 0:02:33 14... 0:02:25 15. 0:02:30 15... 0:02:22 16. 0:02:30 16... 0:02:16 17. 0:02:24 17... 0:02:15 18. 0:02:18 18... 0:02:16 19. 0:02:16 19... 0:02:16 20. 0:02:15,
Rated Blitz game,https://lichess.org/ASkogOBw,2024.08.01,-,fajardo69,sketchywaffle,1/2-1/2,2024.08.01,00:02:59,1625,1711,,,E20,Nimzo-Indian Defense,180+2,Normal,"1. d4 1... Nf6 2. c4 2... e6 3. Nc3 3... Bb4 4. Bd2 4... Bxc3 5.
Bxc3 5... b6 6. Nf3 6... Bb7 7. Qd3 7... Ne4 8. Bb4 8... a5 9. Ba3 9... d6 10. d5 10...
exd5 11. cxd5 11... Nc5 12. Bxc5 12... bxc5 13. Qb5 13... Nd7 14. Qxb7 14... O-O 15. e4 15...
Rb8 16. Qa6 16... Rxb2 17. Bd3 17... Ne5 18. Bb5 18... Nxf3 19. gxf3 19... Qf6 20. O-O 20... Qxf3 21. Qxa5 21... Rb8 22.
Bc6 22... Qxe4 23. Rae1 23... Qg4 24. Kh1 24... h6 25. Qxc7 25... R2b4 26. Qxd6 26... Qf3 27. Kg1 27... Rg4 28. Qg3 28... Rxg3 29. fxg3 29... Qa3 30. d6 30... Qa7 31. d7 31... c4 32.
Kh1 32... Qc7 33. Re8 33... Kh7 34. Rxb8 34... Qxb8 35. Rd1 35... Qd8 36.
Rc1 36... g6 37. Rxc4 37... h5 38. Re4 38... Kh6 39. Re8 39... Qc7 40.
d8=Q 40... Qxc6 41. Kg1 41... Qc5 42. Kf1 42... Qc4 43. Re2 43... Qc1 44. Re1 44... Qc4 45.
Re2 45... Qc1 46. Kf2 46... Qc5 47. Re3 47... Qc2 48. Re2 48... Qc5 49.
Kf3 49... Qc3 50. Re3 50... Qc6 51. Re4 51... Qc3 52. Kf4 52... Qc1 53.
Ke5 53... Qc5 54. Qd5 54... Qe7 55. Kd4 55... Qa7 56. Qc5 56... Qa4 57.
Qc4 57... Qd7 58. Ke3 58... Qa7 59. Kd3 59... Qa3 60. Qc3 60... Qd6 61.
Rd4 61... Qa6 62. Ke4 62... Qe6 63. Kd3 63... Qf5 64. Kc4 64... Qc8 65.
Kb3 65... Qb7 66. Rb4 66... Qd5 67. Ka3 67... Qa5 68. Kb3 68... Qd5 69.
Qc4 69... Qf3 70. Ka4 70... Qa8 71. Kb3 71... Qf3 72. Qc3 72... Qd5",1. 0:03:00 1... 0:03:00 2. 0:03:01 2... 0:03:01 3. 0:03:02 3... 0:03:02 4. 0:03:01 4... 0:03:03 5. 0:03:02 5... 0:03:03 6. 0:03:03 6... 0:03:04 7. 0:03:01 7... 0:03:02 8. 0:02:54 8... 0:03:02 9. 0:02:54 9... 0:03:01 10. 0:02:32 10... 0:02:59 11. 0:02:32 11... 0:02:48 12. 0:02:23 12... 0:02:48 13. 0:02:15 13... 0:02:34 14. 0:02:14 14... 0:02:30 15. 0:02:12 15... 0:02:15 16. 0:02:10 16... 0:02:15 17. 0:02:02 17... 0:02:13 18. 0:01:54 18... 0:02:11 19. 0:01:55 19... 0:02:03 20. 0:01:09 20... 0:01:53 21. 0:01:00 21... 0:01:48 22. 0:00:52 22... 0:01:39 23. 0:00:50 23... 0:01:33 24. 0:00:48 24... 0:01:12 25. 0:00:27 25... 0:01:06 26. 0:00:23 26... 0:01:03 27. 0:00:19 27... 0:01:03 28. 0:00:17 28... 0:01:03 29. 0:00:16 29... 0:00:57 30. 0:00:07 30... 0:00:47 31. 0:00:07 31... 0:00:46 32. 0:00:06 32... 0:00:47 33. 0:00:05 33... 0:00:43 34. 0:00:04 34... 0:00:44 35. 0:00:04 35... 0:00:39 36. 0:00:03 36... 0:00:33 37. 0:00:04 37... 0:00:33 38. 0:00:04 38... 0:00:29 39. 0:00:05 39... 0:00:29 40. 0:00:05 40... 0:00:31 41. 0:00:04 41... 0:00:31 42. 0:00:05 42... 0:00:32 43. 0:00:05 43... 0:00:17 44. 0:00:05 44... 0:00:15 45. 0:00:06 45... 0:00:15 46. 0:00:07 46... 0:00:15 47. 0:00:07 47... 0:00:16 48. 0:00:08 48... 0:00:17 49. 0:00:08 49... 0:00:17 50. 0:00:09 50... 0:00:17 51. 0:00:09 51... 0:00:17 52. 0:00:10 52... 0:00:14 53. 0:00:10 53... 0:00:11 54. 0:00:11 54... 0:00:12 55. 0:00:11 55... 0:00:11 56. 0:00:12 56... 0:00:12 57. 0:00:13 57... 0:00:13 58. 0:00:14 58... 0:00:13 59. 0:00:14 59... 0:00:12 60. 0:00:13 60... 0:00:13 61. 0:00:14 61... 0:00:13 62. 0:00:14 62... 0:00:14 63. 0:00:14 63... 0:00:14 64. 0:00:14 64... 0:00:14 65. 0:00:14 65... 0:00:15 66. 0:00:15 66... 0:00:16 67. 0:00:16 67... 0:00:14 68. 0:00:14 68... 0:00:14 69. 0:00:14 69... 0:00:14 70. 0:00:15 70... 0:00:14 71. 0:00:15 71... 0:00:14 72. 0:00:15 72... 0:00:14,
Rated Blitz game,https://lichess.org/gxp7GpSE,2024.08.01,-,slow1010,gergashyi,1-0,2024.08.01,00:02:59,1909,1940,,,D02,Queen's Pawn Game: Zukertort Variation,180+2,Normal,"1. d4 1... d5 2. Nf3 2... Bf5 3. c4 3... Nf6 4. e3 4... dxc4 5. Nc3 5... e6 6. Bxc4 6...
Bb4 7. Qa4 7... Nc6 8. Ne5 8... Bxc3 9. bxc3 9... O-O 10. Nxc6 10... bxc6 11. Qxc6 11... Be4 12. Qb5 12... Rb8 13.
Qg5 13... c5 14. O-O 14... cxd4 15. cxd4 15... Qc7 16. Be2 16... Qc6 17.
f3 17... Bg6 18. e4 18... Qc3 19. Bf4 19... Qxd4 20. Kh1 20... Qb2 21.
Bxb8 21... Qxe2 22. Bxa7 22... Ra8 23. Qe3 23... Qa6 24. Bd4 24... Nd7 25. Rfc1 25... e5 26.
Bc3 26... Rc8 27. Be1 27... Nc5",1. 0:03:00 1... 0:03:00 2. 0:03:02 2... 0:03:01 3. 0:03:04 3... 0:03:02 4. 0:03:06 4... 0:03:03 5. 0:03:07 5... 0:03:03 6. 0:03:08 6... 0:03:04 7. 0:03:08 7... 0:03:04 8. 0:03:10 8... 0:03:03 9. 0:03:12 9... 0:02:51 10. 0:03:12 10... 0:02:52 11. 0:03:13 11... 0:02:52 12. 0:02:59 12... 0:02:37 13. 0:02:55 13... 0:02:27 14. 0:02:51 14... 0:02:17 15. 0:02:53 15... 0:01:58 16. 0:02:39 16... 0:01:43 17. 0:02:33 17... 0:01:39 18. 0:02:27 18... 0:01:35 19. 0:02:19 19... 0:01:35 20. 0:02:19 20... 0:01:13 21. 0:02:18 21... 0:01:09 22. 0:02:14 22... 0:01:02 23. 0:02:03 23... 0:00:55 24. 0:02:01 24... 0:00:49 25. 0:01:44 25... 0:00:46 26. 0:01:26 26... 0:00:35 27. 0:01:21 27... 0:00:28,
Rated Blitz game,https://lichess.org/tMsZTdlo,2024.08.01,-,zhulfiq,Ekicisunar,0-1,2024.08.01,00:02:59,1528,1513,,,D00,Queen's Pawn Game: Accelerated London System,180+2,Time forfeit,"1. d4 1... d5 2. Bf4 2... Nf6 3. e3 3... Nc6 4. Nc3 4... a6 5. Na4 5... e5 6. dxe5 6...
Nh5 7. Bg3 7... Nxg3 8. hxg3 8... Qe7 9. a3 9... Be6 10. f4 10... O-O-O 11. Bd3 11... d4 12.
e4 12... f6 13. Nf3 13... fxe5 14. f5 14... Bf7 15. Qe2 15... g6 16.
g4 16... Bg7 17. O-O-O 17... gxf5 18. gxf5 18... Bf6 19. Kb1 19... h5 20.
Bc4 20... h4 21. Bxf7 21... Qxf7 22. Nc5 22... Qe7 23. Qc4 23... Na7 24.
Rd3 24... b5 25. Qb4 25... Qd6 26. Nd2 26... Be7 27. Ndb3 27... Qc6 28.
Rc1 28... h3 29. gxh3 29... Rh4 30. c4 30... dxc3 31. Rcxc3 31... Rxd3 32. Rxd3 32... Qb6 33. Qc3 33... Nc6 34. Ne6 34... Rxe4 35. Nbc5 35... Rc4 36. Qb3 36... Na5 37.
Qa2 37... e4 38. Rd8 38... Bxd8",1. 0:03:00 1... 0:03:00 2. 0:03:01 2... 0:02:58 3. 0:03:03 3... 0:02:58 4. 0:03:01 4... 0:02:59 5. 0:03:01 5... 0:02:54 6. 0:03:00 6... 0:02:55 7. 0:02:51 7... 0:02:55 8. 0:02:51 8... 0:02:48 9. 0:02:45 9... 0:02:48 10. 0:02:41 10... 0:02:48 11. 0:02:39 11... 0:02:47 12. 0:02:30 12... 0:02:43 13. 0:02:28 13... 0:02:44 14. 0:02:26 14... 0:02:43 15. 0:02:13 15... 0:02:43 16. 0:02:09 16... 0:02:40 17. 0:02:09 17... 0:02:39 18. 0:02:09 18... 0:02:39 19. 0:02:10 19... 0:02:32 20. 0:01:55 20... 0:02:29 21. 0:01:53 21... 0:02:29 22. 0:01:50 22... 0:02:16 23. 0:01:36 23... 0:02:05 24. 0:01:25 24... 0:02:00 25. 0:00:57 25... 0:01:50 26. 0:00:32 26... 0:01:50 27. 0:00:31 27... 0:01:40 28. 0:00:11 28... 0:01:26 29. 0:00:11 29... 0:01:26 30. 0:00:11 30... 0:01:25 31. 0:00:11 31... 0:01:14 32. 0:00:11 32... 0:01:02 33. 0:00:12 33... 0:00:55 34. 0:00:11 34... 0:00:24 35. 0:00:09 35... 0:00:22 36. 0:00:07 36... 0:00:19 37. 0:00:05 37... 0:00:13 38. 0:00:03 38... 0:00:11,
Rated Blitz game,https://lichess.org/Hz7mtgOb,2024.08.01,-,Salmista,Gogidze-karlson1,1-0,2024.08.01,00:02:59,931,965,,,B00,Nimzowitsch Defense: Pseudo-Spanish Variation,180+2,Normal,"1. e4 1... Nc6 2. Bb5 2... e5 3. Bxc6 3... bxc6 4. Nf3 4... f6 5. d4 5... d5 6. exd5 6...
Qxd5 7. dxe5 7... fxe5 8. Qxd5 8... Nf6 9. Nxe5 9... Nxd5 10. Nxc6 10... Bb4 11. c3 11... Ba5 12. Nxa5 12... O-O 13.
O-O 13... Ba6 14. Rd1 14... Nf4 15. Bxf4 15... Rxf4 16. g3 16... Re4 17.
Rd7 17... Re1 18. Kg2 18... Rf8 19. Rxc7 19... Re2 20. Rxa7 20... Rexf2 21. Kh3 21... R2f3 22. Rxa6 22... R8f6 23. Rxf6 23... gxf6 24. Nd2 24... f5 25. Nxf3",1. 0:03:00 1... 0:03:00 2. 0:03:01 2... 0:02:58 3. 0:03:02 3... 0:02:56 4. 0:03:04 4... 0:02:48 5. 0:03:05 5... 0:02:37 6. 0:03:04 6... 0:02:33 7. 0:03:04 7... 0:02:30 8. 0:03:04 8... 0:02:21 9. 0:03:06 9... 0:02:21 10. 0:03:06 10... 0:02:02 11. 0:03:06 11... 0:01:57 12. 0:03:06 12... 0:01:55 13. 0:03:05 13... 0:01:26 14. 0:03:03 14... 0:01:23 15. 0:03:00 15... 0:01:23 16. 0:03:00 16... 0:01:10 17. 0:01:41 17... 0:01:04 18. 0:01:41 18... 0:00:53 19. 0:01:39 19... 0:00:13 20. 0:01:36 20... 0:00:07 21. 0:01:36 21... 0:00:05 22. 0:01:35 22... 0:00:05 23. 0:01:35 23... 0:00:05 24. 0:01:36 24... 0:00:05 25. 0:01:37,
Rated Blitz game,https://lichess.org/Brwa2wMn,2024.08.01,-,ForestTrail,ksimon21,1-0,2024.08.01,00:02:59,1299,1262,,,B23,Sicilian Defense: Closed,180+2,Normal,"1. e4 1... c5 2. Nc3 2... d6 3. Bc4 3... Nf6 4. d3 4... e6 5. f4 5... Nc6 6. Nf3 6...
d5 7. exd5 7... exd5 8. Bb5 8... d4 9. Ne4 9... Qa5 10. Bd2 10... Qxb5 11. Qe2 11... Qxb2 12.
O-O 12... Be7 13. Nd6 13... Kd7 14. Nxf7 14... Re8 15. Rfe1 15... Bd6 16.
N7e5 16... Bxe5 17. fxe5 17... Nxe5 18. Nxe5 18... Kd6 19. Bf4 19... Kd5 20. Qf3 20... Kd6 21.
Nc4 21... Kd7 22. Nxb2 22... Rxe1 23. Rxe1 23... Nd5 24. Qxd5",1. 0:03:00 1... 0:03:00 2. 0:03:01 2... 0:03:00 3. 0:03:03 3... 0:02:57 4. 0:03:04 4... 0:02:58 5. 0:03:04 5... 0:02:54 6. 0:03:05 6... 0:02:48 7. 0:03:06 7... 0:02:49 8. 0:03:05 8... 0:02:49 9. 0:03:04 9... 0:02:46 10. 0:02:59 10... 0:02:46 11. 0:03:00 11... 0:02:45 12. 0:02:53 12... 0:02:43 13. 0:02:51 13... 0:02:38 14. 0:02:51 14... 0:02:36 15. 0:02:50 15... 0:02:31 16. 0:02:46 16... 0:02:31 17. 0:02:47 17... 0:02:26 18. 0:02:48 18... 0:02:21 19. 0:02:49 19... 0:02:11 20. 0:02:45 20... 0:02:09 21. 0:02:46 21... 0:02:09 22. 0:02:48 22... 0:02:09 23. 0:02:48 23... 0:02:08 24. 0:02:47,
Rated Blitz game,https://lichess.org/xZpFENzH,2024.08.01,-,Flcosta,Inciapter,1-0,2024.08.01,00:02:59,2375,2235,,,B03,"Alekhine Defense: Four Pawns Attack, Trifunovic Variation",180+2,Normal,"1. e4 1... Nf6 2. e5 2... Nd5 3. c4 3... Nb6 4. d4 4... d6 5. f4 5... Bf5 6. Nc3 6...
e6 7. Nf3 7... dxe5 8.
fxe5 8... Bb4 9. a3 9... Bxc3 10. bxc3 10... c5 11. Bd3 11... Bxd3 12.
Qxd3 12... Nc6 13. a4 13... Na5 14. d5 14... exd5 15. cxd5 15... c4 16.
Qf5 16... Nxd5 17. O-O 17... Nb3 18. Nd4 18... O-O 19. Nxb3 19... cxb3 20. Ba3 20... Ne7 21. Qh5 21... Qb6 22. Kh1 22... Rae8 23. Bd6 23... f6 24. a5 24... Qc6 25.
Bb4 25... Qe6 26. exf6 26... Rxf6 27. Qxe8",1. 0:03:00 1... 0:03:00 2. 0:03:01 2... 0:03:01 3. 0:03:02 3... 0:03:01 4. 0:03:04 4... 0:03:02 5. 0:03:06 5... 0:03:02 6. 0:03:06 6... 0:03:02 7. 0:03:03 7... 0:02:58 8. 0:03:00 8... 0:02:58 9. 0:02:51 9... 0:02:57 10. 0:02:53 10... 0:02:58 11. 0:02:45 11... 0:02:56 12. 0:02:47 12... 0:02:57 13. 0:02:17 13... 0:02:56 14. 0:02:12 14... 0:02:49 15. 0:02:00 15... 0:02:43 16. 0:01:51 16... 0:02:37 17. 0:01:49 17... 0:02:36 18. 0:01:45 18... 0:02:26 19. 0:01:42 19... 0:02:26 20. 0:01:44 20... 0:02:18 21. 0:01:25 21... 0:02:10 22. 0:01:24 22... 0:02:04 23. 0:01:11 23... 0:01:41 24. 0:01:03 24... 0:01:37 25. 0:00:59 25... 0:01:30 26. 0:00:58 26... 0:01:29 27. 0:00:58,
Rated Blitz game,https://lichess.org/LIVZHZ0M,2024.08.01,-,BocaNegraCaptain,eynm2,1-0,2024.08.01,00:02:59,1485,1460,,,B32,Sicilian Defense: Franco-Sicilian Variation,180+2,Normal,"1. e4 1... c5 2. Nf3 2... Nc6 3. d4 3... e6 4. d5 4... exd5 5. exd5 5... Nb8 6. Bc4 6...
a6 7. O-O 7... b5 8.
Bd3 8... Nf6 9. Bg5 9... Be7 10. Re1 10... O-O 11. c4 11... h6 12.
Bh4 12... Bb7 13. a3 13... Bd6 14. Nc3 14... Bc7 15. Qc2 15... g5 16.
Nxg5 16... hxg5 17. Bxg5 17... d6 18. Ne4",1. 0:03:00 1... 0:03:00 2. 0:02:55 2... 0:03:02 3. 0:02:55 3... 0:03:01 4. 0:02:53 4... 0:03:01 5. 0:02:54 5... 0:03:02 6. 0:02:51 6... 0:03:02 7. 0:02:51 7... 0:03:03 8. 0:02:51 8... 0:03:05 9. 0:02:50 9... 0:03:06 10. 0:02:45 10... 0:03:05 11. 0:02:24 11... 0:03:05 12. 0:02:23 12... 0:02:57 13. 0:02:19 13... 0:02:36 14. 0:02:11 14... 0:02:22 15. 0:02:08 15... 0:02:15 16. 0:01:58 16... 0:02:14 17. 0:01:59 17... 0:02:10 18. 0:01:54,
Rated Blitz game,https://lichess.org/3CBmesYp,2024.08.01,-,MasterOfTacos,seekerman,1-0,2024.08.01,00:02:59,1744,1748,,,A40,Queen's Pawn Game,180+2,Time forfeit,"1. d4 1... c6 2. Bf4 2... d5 3. Nf3 3... Nf6 4. e3 4... Bg4 5. Bd3 5... Qb6 6. Qc1 6... Bxf3 7. gxf3 7...
e6 8. c3 8...
Nbd7 9. Nd2 9... c5 10. a4 10... a5 11.
Bb5 11... cxd4 12. exd4 12... Bd6 13. Nf1 13...
Qc7 14. Bxd6 14... Qxd6 15. Qg5 15... O-O 16.
Rg1 16... Ne8 17. h4 17... f6 18. Qe3 18... e5 19. Ng3 19... exd4 20. Qxd4 20... Ne5 21.
Be2 21... Nc7 22. Nf5 22...
Nxf3 23. Bxf3 23... Qe6 24.
Ne3 24... Rae8 25. Kf1 25... b5 26. Bxd5 26... Nxd5 27. Qxd5 27...
Qxd5 28. Nxd5 28... Rd8 29. Ne7 29... Kh8 30.
axb5 30... Rd2 31. b4 31... axb4 32. cxb4 32...
h6 33. Ng6 33... Kg8 34. Nxf8 34... Kxf8 35.
b6 35... Rb2 36. Ra4",1. 0:03:00 0. 0:03:00 1... 0:03:01 0. 0:03:02 2. 0:03:02 0. 0:03:03 2... 0:03:02 0. 0:03:03 3. 0:02:56 0. 0:03:03 3... 0:02:55 0. 0:03:02 4. 0:02:57 0. 0:03:00 4... 0:02:55 0. 0:02:58 5. 0:02:52 0. 0:02:40 5... 0:02:27 0. 0:02:33 6. 0:02:27 0. 0:02:24 6... 0:02:01 0. 0:02:15 7. 0:01:54 0. 0:01:52 7... 0:01:46 0. 0:01:53 8. 0:01:39 0. 0:01:40 8... 0:01:37 0. 0:01:37 9. 0:01:09 0. 0:01:09 9... 0:01:03 0. 0:00:49 10. 0:00:51 0. 0:00:46 10... 0:00:46 0. 0:00:37 11. 0:00:20 0. 0:00:22 11... 0:00:20 0. 0:00:09 12. 0:00:20 0. 0:00:10 12... 0:00:16 0. 0:00:08 13. 0:00:13 0. 0:00:06 13... 0:00:10 0. 0:00:06 14. 0:00:11 0. 0:00:06 14... 0:00:13 0. 0:00:06 15. 0:00:13 0. 0:00:07 15... 0:00:13 0. 0:00:04 16. 0:00:11 0. 0:00:04 16... 0:00:12 0. 0:00:04 17. 0:00:13 0. 0:00:03 17... 0:00:15 0. 0:00:05 18. 0:00:16 0. 0:00:03 18... 0:00:12,
Rated Blitz game,https://lichess.org/Is6nQtRe,2024.08.01,-,jstephenking,BGiria,0-1,2024.08.01,00:02:59,1592,1598,,,B01,Scandinavian Defense: Bronstein Variation,180+2,Normal,"1. e4 1... d5 2. exd5 2... Qxd5 3. Nc3 3... Qd6 4. d4 4... Nf6 5. Nf3 5... a6 6. Bc4 6...
Bf5 7. O-O 7...
Nc6 8. d5 8... Na5 9. Be2 9... O-O-O 10.
b4 10... Nxd5 11. Nxd5 11...
Qxd5 12. Qe1 12... Nc4 13. b5 13... Qxb5 14.
Bf4 14... Qc5 15. Bxc4 15... Qxc4 16. Ne5 16... Qxf4 17.
Nxf7 17... Bd3 18. cxd3 18... Qxf7 19. Rb1 19... e6 20.
Qe4 20... Rd5 21. Rfc1 21... Bd6 22. Rc3 22...
Qh5 23. g3 23... Qf5 24. Qa4 24... Ra5 25.
Qb3 25... Rb5 26. Qc2 26... Rxb1 27. Qxb1 27... Qb5 28. Rb3 28... Qc6 29.
d4 29... Qd5 30. a4 30... h5 31. a5 31...
h4 32. Kf1 32... Rf8 33. Rc3 33... Qxd4 34. Rd3 34... Qxf2",1. 0:03:00 0. 0:03:00 1... 0:03:01 0. 0:03:02 2. 0:03:03 0. 0:03:03 2... 0:03:05 0. 0:03:05 3. 0:03:06 0. 0:03:06 3... 0:03:05 0. 0:03:07 4. 0:03:06 0. 0:03:08 4... 0:02:54 0. 0:03:01 5. 0:02:44 0. 0:03:01 5... 0:02:31 1. 0:02:51 6. 0:02:30 0. 0:02:49 6... 0:02:27 0. 0:02:45 7. 0:02:19 0. 0:02:31 7... 0:02:14 1. 0:01:52 8. 0:02:11 1. 0:01:49 8... 0:02:13 1. 0:01:41 9. 0:02:11 0. 0:01:32 9... 0:02:08 0. 0:01:33 10. 0:01:59 0. 0:01:27 10... 0:01:58 3. 0:01:04 11. 0:01:57 3. 0:01:04 11... 0:01:37 3. 0:00:48 12. 0:01:36 1. 0:00:43 12... 0:01:14 1. 0:00:33 13. 0:01:11 0. 0:00:29 13... 0:01:03 0. 0:00:29 14. 0:01:05 0. 0:00:23 14... 0:01:03 0. 0:00:22 15. 0:01:01 0. 0:00:20 15... 0:00:56 0. 0:00:21 16. 0:00:54 4. 0:00:22 16... 0:00:48 4. 0:00:22 17. 0:00:35 4. 0:00:19 17... 0:00:33 2. 0:00:17,
Rated Blitz game,https://lichess.org/UED8I0uz,2024.08.01,-,cgroton9,oguzoguz1,1-0,2024.08.01,00:02:59,1234,1259,,,A40,Queen's Pawn Game: Modern Defense,180+2,Normal,"1. d4 1... g6 2. e4 2... d5 3. Be3 3... dxe4 4. Bb5 4... Bd7 5.
Bc4 5... a6 6. f3 6...
b5 7. Bb3 7... exf3 8.
Qxf3 8... Nf6 9. Ne2 9... a5 10. O-O 10... a4 11. Bd5 11... c6 12.
Be4 12... Bg4 13. Qf4 13... Bxe2 14. Rf2 14... Bh5 15. Nc3 15... Bg7 16.
d5 16... cxd5 17. Nxd5 17... Nxd5 18. Qxf7 18... Kd7 19. Bxd5 19... Rf8 20.
Qe6 20... Kc7 21. Bf4",1. 0:03:00 1... 0:03:00 2. 0:03:01 2... 0:02:57 3. 0:02:55 3... 0:02:57 4. 0:02:53 4... 0:02:58 5. 0:02:54 5... 0:02:53 6. 0:02:55 6... 0:02:53 7. 0:02:53 7... 0:02:50 8. 0:02:54 8... 0:02:51 9. 0:02:47 9... 0:02:50 10. 0:02:42 10... 0:02:51 11. 0:02:43 11... 0:02:49 12. 0:02:39 12... 0:02:44 13. 0:02:36 13... 0:02:38 14. 0:02:36 14... 0:02:37 15. 0:02:34 15... 0:02:31 16. 0:02:19 16... 0:02:09 17. 0:02:18 17... 0:02:08 18. 0:02:17 18... 0:01:56 19. 0:02:17 19... 0:01:38 20. 0:02:17 20... 0:01:37 21. 0:02:17,
Rated Blitz game,https://lichess.org/fmlyKmpX,2024.08.01,-,slava643,wouayo,0-1,2024.08.01,00:03:00,1595,1607,,,C42,Russian Game: Italian Variation,180+2,Time forfeit,"1. e4 1... e5 2. Nf3 2... Nf6 3. Bc4 3... d6 4. d3 4... Be7 5. Be3 5... O-O 6. Nc3 6...
Nc6 7. O-O 7... Na5 8.
Bb3 8... Nxb3 9. axb3 9... Bg4 10. Rxa7 10... Rxa7 11. Bxa7 11... b6 12.
h3 12... Bxf3 13. Qxf3 13... Qa8 14. Ra1 14... Qb7 15. Qd1 15... Ra8 16.
Bxb6 16... Rxa1 17. Qxa1 17... Qxb6 18. Qa8 18... Bf8 19. Qd8 19... Qc6 20. f3 20... Nd7 21.
Kf1 21... g6 22. Qe8 22... Kg7 23. Ke2 23... Kg8 24. Kd2 24... Kg7 25.
Nd5 25... Qb5 26. Kd1 26... h6 27. Nxc7 27... Qc6 28. Nd5 28... Qb5 29.
Kc1 29... Qb7 30. c4 30... Nc5 31. b4 31... Nxd3 32. Kd2 32... Nxb4 33.
Nc3 33... Nc6 34. Kc2 34... Nd4 35. Kc1 35... Nb3 36. Kc2 36... Nd4 37.
Kc1 37... Qb3 38. Qa4 38... Qb7",1. 0:03:00 1... 0:03:00 2. 0:03:01 2... 0:03:02 3. 0:02:59 3... 0:02:53 4. 0:03:00 4... 0:02:54 5. 0:02:59 5... 0:02:55 6. 0:02:58 6... 0:02:56 7. 0:02:57 7... 0:02:55 8. 0:02:57 8... 0:02:56 9. 0:02:59 9... 0:02:57 10. 0:02:57 10... 0:02:56 11. 0:02:59 11... 0:02:57 12. 0:02:52 12... 0:02:55 13. 0:02:54 13... 0:02:56 14. 0:02:54 14... 0:02:54 15. 0:02:47 15... 0:02:54 16. 0:02:35 16... 0:02:54 17. 0:02:33 17... 0:02:55 18. 0:02:33 18... 0:02:56 19. 0:02:22 19... 0:02:38 20. 0:02:15 20... 0:02:37 21. 0:02:06 21... 0:02:36 22. 0:02:01 22... 0:02:03 23. 0:01:51 23... 0:01:46 24. 0:01:46 24... 0:01:33 25. 0:01:47 25... 0:01:13 26. 0:01:21 26... 0:00:39 27. 0:01:19 27... 0:00:24 28. 0:01:19 28... 0:00:19 29. 0:01:03 29... 0:00:17 30. 0:00:40 30... 0:00:15 31. 0:00:23 31... 0:00:15 32. 0:00:22 32... 0:00:15 33. 0:00:16 33... 0:00:15 34. 0:00:14 34... 0:00:15 35. 0:00:11 35... 0:00:13 36. 0:00:12 36... 0:00:14 37. 0:00:13 37... 0:00:15 38. 0:00:04 38... 0:00:09,
Rated Blitz game,https://lichess.org/2auBjVxN,2024.08.01,-,G271828,KingSizeCastle,1-0,2024.08.01,00:02:49,1785,1675,,,D10,Slav Defense,180+2,Normal,"1. d4 1... d5 2. c4 2... dxc4 3. Nc3 3... c6 4. a4 4... e6 5. e4 5... Bb4 6. Bxc4 6...
Nf6 7. Bg5 7... Be7 8.
Nf3 8... O-O 9. Bb3 9... Qc7 10. e5 10... Nd5 11. Bxe7 11... Nxe7 12. Bc2 12... Nf5 13. Qd3 13... Rd8 14. g4 14...
Nh6 15. Qxh7 15... Kf8 16. g5 16... Nf5 17.
Qh8 17... Ke7 18. Qh3 18... g6 19. Bxf5 19... exf5 20. O-O 20... b6 21.
Rad1 21... Bb7 22. Qh7 22... Nd7 23. Nh4 23... Nf8 24. Qg7 24... Ne6 25.
Qf6 25... Ke8 26. Nxg6",1. 0:03:00 1... 0:03:00 2. 0:03:00 2... 0:03:02 3. 0:03:01 3... 0:03:02 4. 0:03:00 4... 0:02:58 5. 0:03:01 5... 0:02:57 6. 0:03:00 6... 0:02:55 7. 0:02:56 7... 0:02:45 8. 0:02:55 8... 0:02:32 9. 0:02:54 9... 0:02:21 10. 0:02:52 10... 0:02:20 11. 0:02:51 11... 0:02:21 12. 0:02:51 12... 0:02:21 13. 0:02:48 13... 0:02:13 14. 0:02:47 14... 0:02:06 15. 0:02:46 15... 0:02:07 16. 0:02:31 16... 0:02:07 17. 0:02:29 17... 0:02:07 18. 0:02:24 18... 0:02:08 19. 0:02:23 19... 0:02:03 20. 0:01:57 20... 0:01:56 21. 0:01:54 21... 0:01:57 22. 0:01:47 22... 0:01:41 23. 0:01:45 23... 0:01:36 24. 0:01:44 24... 0:01:35 25. 0:01:44 25... 0:01:29 26. 0:01:26,
Rated Blitz game,https://lichess.org/GGhT7aHA,2024.08.01,-,HouDKChess,Parkrunner2038,1-0,2024.08.01,00:02:49,2456,2473,,,C58,"Italian Game: Two Knights Defense, Polerio Defense, Kieseritzky Variation",180+2,Time forfeit,"1. e4 1... e5 2. Nf3 2... Nc6 3. Bc4 3... Nf6 4. Ng5 4... d5 5. exd5 5... Na5 6. d3 6... h6 7. Nf3 7... e4 8. Qe2 8... Nxc4 9. dxc4 9...
Bd6 10. Nd4 10... O-O 11. Be3 11... Bg4 12. Qd2 12... Qe7 13. Nc3 13... a6 14. h3 14... Bd7 15. O-O-O 15... b5 16.
Nc6 16... Bxc6 17. dxc6 17... bxc4 18. Nd5 18... Nxd5 19. Qxd5 19... Rab8 20. Qxc4 20... Be5 21.
Bd4 21... Rb4 22. Qc3 22... Rxd4 23. Rxd4 23... Qg5 24. Kb1 24... Bxd4 25.
Qxd4 25... Qxg2 26. Re1 26... Qxh3 27. Qxe4 27... Qh2 28. f4 28... Qd2 29. a4 29... Qd6 30.
Qc4 30... g6 31. Re5 31... h5 32. Qxa6 32... Qd1 33. Ka2 33... Qxc2 34.
Qb5 34... h4 35. Re3 35... Qf2 36. Qe5 36... Rd8 37. a5 37... Rd2 38.
a6 38... Rxb2 39. Qxb2 39... Qxe3 40. Qb8 40... Kg7 41. a7 41... Qd2 42. Qb2",1. 0:03:00 1... 0:03:00 2. 0:03:01 2... 0:03:02 3. 0:03:02 3... 0:03:02 4. 0:03:03 4... 0:03:03 5. 0:03:05 5... 0:03:04 6. 0:03:07 6... 0:03:03 7. 0:03:08 7... 0:03:04 8. 0:03:09 8... 0:02:54 9. 0:03:11 9... 0:02:49 10. 0:03:07 10... 0:02:47 11. 0:03:07 11... 0:02:44 12. 0:03:07 12... 0:02:34 13. 0:03:07 13... 0:02:30 14. 0:03:07 14... 0:02:30 15. 0:03:08 15... 0:02:25 16. 0:02:28 16... 0:02:21 17. 0:02:30 17... 0:02:06 18. 0:02:30 18... 0:02:06 19. 0:02:32 19... 0:01:35 20. 0:02:30 20... 0:01:25 21. 0:02:28 21... 0:01:14 22. 0:02:28 22... 0:01:03 23. 0:02:30 23... 0:00:51 24. 0:02:30 24... 0:00:47 25. 0:02:30 25... 0:00:48 26. 0:02:29 26... 0:00:30 27. 0:02:26 27... 0:00:26 28. 0:02:23 28... 0:00:24 29. 0:02:21 29... 0:00:23 30. 0:02:12 30... 0:00:21 31. 0:02:09 31... 0:00:19 32. 0:02:04 32... 0:00:18 33. 0:02:05 33... 0:00:19 34. 0:01:53 34... 0:00:17 35. 0:01:52 35... 0:00:12 36. 0:01:45 36... 0:00:08 37. 0:01:44 37... 0:00:07 38. 0:01:41 38... 0:00:06 39. 0:01:40 39... 0:00:08 40. 0:01:36 40... 0:00:08 41. 0:01:38 41... 0:00:05 42. 0:01:38,
Rated Blitz game,https://lichess.org/403PelCC,2024.08.01,-,iri94,Kamalhhh,0-1,2024.08.01,00:02:49,1604,1576,,,B03,Alekhine Defense,180+2,Normal,"1. e4 1... Nf6 2. e5 2... Nd5 3. d4 3... Nb6 4. c3 4... d6 5. exd6 5... exd6 6. Nf3 6...
h6 7. Bd3 7... Bg4 8.
O-O 8... Nc6 9. h3 9... Bh5 10. Be2 10... Bg6 11. Bd3 11... Qf6 12.
Re1 12... Be7 13. Bxg6 13... fxg6 14. Nh2 14... O-O-O 15. Nd2 15... Rdf8 16. Nhf3 16... g5 17.
Ne4 17... Qf7 18. Rf1 18... Kb8 19. Nh2 19... Qd5 20. f3 20... Rf7 21.
Be3 21... Rhf8 22. b3 22... Qf5 23. Ng3 23... Qg6 24. Bf2 24... d5 25.
Ng4 25... Bd6 26. Ne5 26... Nxe5 27. dxe5 27... Bxe5 28. Rc1 28... Rd7 29.
a4 29... Nc8 30. Bd4 30... Bxg3 31. Qe2 31... Bd6 32. Qb5 32... Qf7 33.
Bf2 33... c6 34. Qd3 34... h5 35. Qe2 35... h4 36. Rcd1 36... Qf4 37.
Qc2 37... Qh2",1. 0:03:00 1... 0:03:00 2. 0:03:01 2... 0:02:59 3. 0:03:01 3... 0:03:01 4. 0:03:02 4... 0:03:02 5. 0:03:02 5... 0:03:03 6. 0:03:03 6... 0:03:04 7. 0:03:03 7... 0:03:05 8. 0:03:02 8... 0:03:05 9. 0:03:03 9... 0:03:06 10. 0:03:02 10... 0:02:59 11. 0:03:02 11... 0:02:40 12. 0:03:01 12... 0:02:27 13. 0:03:00 13... 0:02:27 14. 0:02:57 14... 0:02:20 15. 0:02:57 15... 0:02:15 16. 0:02:54 16... 0:02:12 17. 0:02:51 17... 0:02:11 18. 0:02:40 18... 0:02:10 19. 0:02:41 19... 0:02:03 20. 0:02:36 20... 0:01:48 21. 0:02:32 21... 0:01:42 22. 0:02:15 22... 0:01:31 23. 0:02:03 23... 0:01:31 24. 0:02:03 24... 0:01:27 25. 0:01:51 25... 0:01:23 26. 0:01:46 26... 0:01:23 27. 0:01:47 27... 0:01:24 28. 0:01:45 28... 0:01:10 29. 0:01:35 29... 0:01:09 30. 0:01:13 30... 0:01:08 31. 0:00:59 31... 0:00:45 32. 0:00:48 32... 0:00:32 33. 0:00:37 33... 0:00:28 34. 0:00:25 34... 0:00:20 35. 0:00:08 35... 0:00:18 36. 0:00:07 36... 0:00:18 37. 0:00:08 37... 0:00:17,
Rated Blitz game,https://lichess.org/RDQKu9hg,2024.08.01,-,MEXLU,xiuxiuarvingagvigos,1-0,2024.08.01,00:02:49,1553,1559,,,C44,Scotch Game: Lolli Variation,180+2,Normal,"1. e4 1... e5 2. Nf3 2... Nc6 3. d4 3... exd4 4. Nxd4 4... Nxd4 5. Qxd4 5... b6 6. Nc3 6...
Bc5 7. Qd1 7... Bb7 8. Bc4 8... Nf6 9. O-O 9... O-O 10.
Bg5 10... Be7 11. e5 11... Ne8 12. Bxe7 12...
Qxe7 13. Re1 13... c6 14. Qe2 14... Nc7 15. Rad1 15... Rad8 16. Bd3 16...
Rfe8 17. Qh5 17... h6 18. Re3 18... Ne6 19. Rg3 19... b5 20. Qxh6 20...
d6 21. Qh7 21... Kf8 22. Qh8",1. 0:03:00 0. 0:03:00 1... 0:03:00 0. 0:03:00 2. 0:03:01 0. 0:02:59 2... 0:03:03 0. 0:02:59 3. 0:03:05 0. 0:02:55 3... 0:03:04 0. 0:02:55 4. 0:02:58 0. 0:02:55 4... 0:02:57 0. 0:02:54 5. 0:02:57 0. 0:02:54 5... 0:02:58 1. 0:02:53 6. 0:02:37 1. 0:02:42 6... 0:02:36 2. 0:02:42 7. 0:02:25 0. 0:02:42 7... 0:02:18 0. 0:02:41 8. 0:02:18 0. 0:02:41 8... 0:02:05 1. 0:02:29 9. 0:01:55 0. 0:02:28 9... 0:01:49 0. 0:02:28 10. 0:01:41 0. 0:02:26 10... 0:01:37 0. 0:02:10 11. 0:01:35 0. 0:02:06 11... 0:01:33,
Rated Blitz game,https://lichess.org/np5sfQ0I,2024.08.01,-,Berul,coengine,0-1,2024.08.01,00:02:49,1413,1407,,,B34,"Sicilian Defense: Accelerated Dragon, Modern Variation",180+2,Normal,"1. e4 1... c5 2. Nf3 2... Nc6 3. d4 3... cxd4 4. Nxd4 4... g6 5. Nc3 5... Bg7 6. Nf3 6...
d6 7. e5 7... Nxe5 8.
Nxe5 8... Bxe5 9. f4 9... Bg7 10. Bc4 10... Nf6 11. O-O 11... O-O 12.
f5 12... Bxf5 13. Bg5 13... Ne4 14. Qd5 14... Nxc3 15. bxc3 15... Bxc3 16. g4 16... Qb6 17. Kg2 17... Be6 18. Qd3 18... Bxa1 19. Bxe7 19... Bxc4 20. Qc3 20... Bxc3",1. 0:03:00 1... 0:03:00 2. 0:03:00 2... 0:03:01 3. 0:03:02 3... 0:03:02 4. 0:03:03 4... 0:03:03 5. 0:03:00 5... 0:03:01 6. 0:03:01 6... 0:02:59 7. 0:03:00 7... 0:02:49 8. 0:03:00 8... 0:02:36 9. 0:03:01 9... 0:02:34 10. 0:02:57 10... 0:02:32 11. 0:02:55 11... 0:02:28 12. 0:02:56 12... 0:02:25 13. 0:02:51 13... 0:02:12 14. 0:02:42 14... 0:01:50 15. 0:02:42 15... 0:01:33 16. 0:02:38 16... 0:01:22 17. 0:02:31 17... 0:01:18 18. 0:02:07 18... 0:01:16 19. 0:02:05 19... 0:01:14 20. 0:01:58 20... 0:01:12,
Rated Blitz game,https://lichess.org/Iom7ONF2,2024.08.01,-,msh3l,ChessAficionado73,1-0,2024.08.01,00:02:49,1818,1832,,,A34,"English Opening: Symmetrical Variation, Fianchetto Variation",180+2,Normal,"1. c4 1... c5 2. Nc3 2... Nf6 3. g3 3... e6 4. Bg2 4... Nc6 5. e3 5... a6 6. Nge2 6... Be7 7. O-O 7... d5 8. d4 8... cxd4 9. exd4 9...
O-O 10. c5 10... b6 11. cxb6 11... Qxb6 12. Be3 12... Bb7 13. Rb1 13... Rac8 14. Na4 14... Qa5 15. Nc5 15... Ba8 16.
a3 16... Qb6 17. b4 17... Na7 18. Nc3 18... Nb5 19. Nxb5 19... axb5 20. h3 20... Bc6 21. Qb3 21... Ra8 22. Ra1 22... Ra7 23. Rfc1 23... Rfa8 24. Rc3 24... Ne4 25.
Bxe4 25... dxe4 26. Qc2 26... Bd5 27. Nxe4 27... Qb7 28. Nc5 28... Bxc5 29. dxc5 29... Bh1 30.
c6",1. 0:03:00 1... 0:03:00 2. 0:03:01 2... 0:03:02 3. 0:03:02 3... 0:03:04 4. 0:03:04 4... 0:03:05 5. 0:03:06 5... 0:03:06 6. 0:03:07 6... 0:03:03 7. 0:03:08 7... 0:03:04 8. 0:03:06 8... 0:03:05 9. 0:03:04 9... 0:03:02 10. 0:03:03 10... 0:02:53 11. 0:03:04 11... 0:02:54 12. 0:03:04 12... 0:02:54 13. 0:03:05 13... 0:02:54 14. 0:03:05 14... 0:02:53 15. 0:02:59 15... 0:02:53 16. 0:02:58 16... 0:02:48 17. 0:02:58 17... 0:02:41 18. 0:02:59 18... 0:02:41 19. 0:02:58 19... 0:02:41 20. 0:02:53 20... 0:02:42 21. 0:02:47 21... 0:02:43 22. 0:02:47 22... 0:02:43 23. 0:02:47 23... 0:02:44 24. 0:02:46 24... 0:02:36 25. 0:02:41 25... 0:02:38 26. 0:02:20 26... 0:02:38 27. 0:02:09 27... 0:02:37 28. 0:02:06 28... 0:02:36 29. 0:01:58 29... 0:02:36 30. 0:01:59,
Rated Blitz game,https://lichess.org/EDoHMZkz,2024.08.01,-,jmuggiati,blackLilia,1-0,2024.08.01,00:02:49,1904,1952,,,A20,English Opening: King's English Variation,180+2,Time forfeit,"1. c4 1... e5 2. g3 2... d5 3. cxd5 3... Qxd5 4. Nf3 4... e4 5. Nc3 5...
Qc6 6. Nd4 6...
Qb6 7. Nc2 7...
Bf5 8. Bg2 8... Nd7 9.
Ne3 9... Bg6 10. O-O 10... Ngf6 11. b3 11...
h5 12. h4 12...
Bd6 13. Bb2 13... Ne5 14. Qc2 14... O-O 15. Rac1 15... Neg4 16. a4 16...
Nxe3 17. dxe3 17... Rfe8 18. Nb5 18... Be5 19. Bxe5 19... Rxe5 20. Qxc7 20...
Qe6 21. Qxb7 21... Rf8 22. Rc6 22... Qxb3 23.
Qxa7",1. 0:03:00 0. 0:03:00 1... 0:03:01 0. 0:02:58 2. 0:03:00 0. 0:02:59 2... 0:02:55 0. 0:02:57 3. 0:02:54 0. 0:02:51 3... 0:02:44 0. 0:02:31 4. 0:02:10 0. 0:02:21 4... 0:02:09 0. 0:02:20 5. 0:02:04 1. 0:02:19 5... 0:01:23 1. 0:02:15 6. 0:01:13 0. 0:02:13 6... 0:01:07 0. 0:01:56 7. 0:01:00 0. 0:01:31 7... 0:00:54 1. 0:00:53 8. 0:00:51 0. 0:00:50 8... 0:00:42 2. 0:00:43 9. 0:00:41 2. 0:00:41 9... 0:00:34 2. 0:00:05 10. 0:00:31 2. 0:00:06 10... 0:00:29 2. 0:00:06 11. 0:00:25 0. 0:00:03 11... 0:00:24 0. 0:00:03 12. 0:00:19,
Rated Blitz game,https://lichess.org/1Y7QS3rv,2024.08.01,-,Blackbird65,RNAV30Z,1-0,2024.08.01,00:02:49,2325,2360,,,E05,"Catalan Opening: Open Defense, Classical Line",180+2,Normal,"1. d4 1... d5 2. c4 2... e6 3. Nf3 3... Nf6 4. g3 4... Be7 5. Bg2 5... O-O 6. O-O 6... dxc4 7. Ne5 7... c5 8. dxc5 8... Qc7 9. Nxc4 9...
Qxc5 10. b3 10... Rd8 11. Nbd2 11... Qc7 12.
Bb2 12... Nc6 13. Rc1 13... Bd7 14. Ne5 14...
Be8 15. Nxc6 15... Bxc6 16. Bxc6 16... bxc6 17.
Qc2 17... c5 18. Nc4 18... h6 19. Be5 19...
Qc6 20. Rfd1 20... Rd5 21. f3 21... Rad8 22.
e4 22... Rxd1 23. Rxd1 23... Rxd1 24. Qxd1 24...
Nd7 25. Bc3 25... Nb6 26. Qd3 26... Qb5 27.
Kf2 27... Nxc4 28. Qxc4 28... Qa6 29. Qxa6",1. 0:03:00 0. 0:03:00 1... 0:03:01 0. 0:03:01 2. 0:03:02 0. 0:03:01 2... 0:03:03 0. 0:03:01 3. 0:03:04 0. 0:03:03 3... 0:03:05 0. 0:03:03 4. 0:03:06 0. 0:03:03 4... 0:03:05 0. 0:03:03 5. 0:03:06 0. 0:03:04 5... 0:03:03 0. 0:03:04 6. 0:02:47 0. 0:02:56 6... 0:02:35 0. 0:02:55 7. 0:02:30 0. 0:02:45 7... 0:02:11 0. 0:02:43 8. 0:02:05 0. 0:02:43 8... 0:02:06 0. 0:02:44 9. 0:02:08 0. 0:02:44 9... 0:02:07 0. 0:02:15 10. 0:01:59 0. 0:01:59 10... 0:01:50 0. 0:01:55 11. 0:01:41 0. 0:01:53 11... 0:01:39 0. 0:01:50 12. 0:01:41 0. 0:01:46 12... 0:01:43 0. 0:01:46 13. 0:01:36 0. 0:01:33 13... 0:01:19 0. 0:01:21 14. 0:01:01 0. 0:01:21 14... 0:01:02 0. 0:01:06 15. 0:01:01,
Rated Blitz game,https://lichess.org/KyN9Vp5Y,2024.08.01,-,Pennui,gadwin,0-1,2024.08.01,00:02:49,1899,1874,,,A16,"English Opening: Anglo-Indian Defense, Queen's Knight Variation",180+2,Normal,"1. c4 1... Nf6 2. Nc3 2... b6 3. Nf3 3... Bb7 4. d4 4... Bxf3 5.
exf3 5... d5 6. b3 6... e6 7. Bg5 7... Be7 8. Qc2 8... Nbd7 9.
Rd1 9... c6 10. Bd3 10... h6 11. Bh4 11... Nh5 12. Bxe7 12... Qxe7 13. cxd5 13... cxd5 14. O-O 14... Rc8 15. Qe2 15... Rxc3 16. Bb5 16... O-O 17. f4 17... Nxf4 18.
Qd2 18... Qg5 19. g3 19... Nh3 20. Kg2 20... Qxd2 21. Rxd2 21... Ng5 22.
Bxd7 22... a6 23. f4 23... Ne4 24. Re2 24... Rd8 25. f5 25... Rxd7 26.
fxe6 26... fxe6 27. Ref2 27... Nxf2 28. Rxf2 28... Rf7 29. Rxf7 29... Kxf7 30. Kh3 30... g5 31.
a4 31... Kf6 32. b4 32... Kf5 33. b5 33... h5 34. bxa6 34... Ra3 35.
a7 35... Rxa4 36. a8=B 36... Rxa8 37. g4 37... hxg4 38. Kg3 38... Ra3 39.
Kg2 39... Ke4 40. h4 40... gxh4 41. Kh2 41... Ra2 42. Kg1 42... h3 43.
Kf1 43... Ke3 44. Kg1 44... g3 45. Kf1 45... Ra1",1. 0:03:00 1... 0:03:00 2. 0:03:01 2... 0:02:58 3. 0:03:03 3... 0:02:59 4. 0:03:05 4... 0:02:59 5. 0:03:07 5... 0:02:58 6. 0:03:03 6... 0:02:58 7. 0:03:03 7... 0:02:59 8. 0:03:03 8... 0:02:58 9. 0:03:01 9... 0:02:58 10. 0:02:54 10... 0:02:58 11. 0:02:55 11... 0:02:52 12. 0:02:55 12... 0:02:54 13. 0:02:44 13... 0:02:49 14. 0:02:36 14... 0:02:44 15. 0:02:32 15... 0:02:33 16. 0:02:30 16... 0:02:32 17. 0:01:39 17... 0:02:00 18. 0:01:39 18... 0:02:01 19. 0:01:34 19... 0:01:46 20. 0:01:34 20... 0:01:47 21. 0:01:34 21... 0:01:48 22. 0:01:34 22... 0:01:44 23. 0:01:26 23... 0:01:45 24. 0:01:27 24... 0:01:41 25. 0:00:44 25... 0:01:40 26. 0:00:45 26... 0:01:42 27. 0:00:41 27... 0:01:42 28. 0:00:43 28... 0:01:42 29. 0:00:43 29... 0:01:43 30. 0:00:45 30... 0:01:41 31. 0:00:45 31... 0:01:36 32. 0:00:45 32... 0:01:37 33. 0:00:45 33... 0:01:37 34. 0:00:45 34... 0:01:37 35. 0:00:44 35... 0:01:39 36. 0:00:39 36... 0:01:39 37. 0:00:37 37... 0:01:39 38. 0:00:38 38... 0:01:39 39. 0:00:39 39... 0:01:40 40. 0:00:41 40... 0:01:39 41. 0:00:42 41... 0:01:39 42. 0:00:41 42... 0:01:37 43. 0:00:42 43... 0:01:38 44. 0:00:42 44... 0:01:39 45. 0:00:43 45... 0:01:38,
Rated Blitz game,https://lichess.org/wsHWG5ZT,2024.08.01,-,yildizosman,gabrieldutkievicz,1-0,2024.08.01,00:02:49,1426,1515,,,D02,"Queen's Pawn Game: London System, with e6",180+2,Normal,"1. d4 1... e6 2. Nf3 2... d5 3. Bf4 3... Bd6 4. Ne5 4... f6 5. Nd3 5... Bxf4 6. Nxf4 6...
Nc6 7. c3 7... e5 8.
Nd3 8... Bf5 9. e3 9... Qd7 10. Qb3 10... O-O-O 11. Nc5 11... Na5 12.
Qb4 12... Qc6 13. Bb5",1. 0:03:00 1... 0:03:00 2. 0:03:02 2... 0:03:01 3. 0:03:04 3... 0:03:00 4. 0:03:04 4... 0:02:56 5. 0:02:59 5... 0:02:50 6. 0:03:00 6... 0:02:48 7. 0:03:01 7... 0:02:46 8. 0:02:57 8... 0:02:43 9. 0:02:57 9... 0:02:32 10. 0:02:56 10... 0:02:25 11. 0:02:52 11... 0:02:12 12. 0:02:28 12... 0:01:55 13. 0:02:28,
Rated Blitz game,https://lichess.org/jGZZ1MJ5,2024.08.01,-,Fabiankuc083,vking2,0-1,2024.08.01,00:02:49,1840,1858,,,C01,French Defense: Exchange Variation,180+2,Normal,"1. e4 1... e6 2. d4 2... d5 3. exd5 3... exd5 4. Nf3 4... Bd6 5. Bd3 5... Ne7 6. O-O 6...
Nd7 7. Re1 7... O-O 8.
Bg5 8... f6 9. Bd2 9... c5 10. dxc5 10... Nxc5 11. Be2 11... Ne4 12.
c3 12... Be6 13. Be3 13... b6 14. Nbd2 14... Bc5 15. Nd4 15... Bf7 16.
Bd3 16... f5 17. f3 17... Bxd4 18. Bxd4 18... Nc5 19. Bc2 19... Ne6 20.
Bf2 20... Rc8 21. Nb3 21... g6 22. Nd4 22... Nxd4 23. Qxd4 23... Nc6 24.
Qd2 24... Re8 25. Qh6 25... Ne5 26. Rxe5 26... Rxe5 27. Bd4 27... Qe7 28.
Kf2 28... f4 29. Re1 29... Qg5 30. Qxg5 30... Rxg5 31. Re7 31... Ra8 32.
Bb3 32... Rh5 33. Rxf7 33... Kxf7",1. 0:03:00 1... 0:03:00 2. 0:03:00 2... 0:03:01 3. 0:03:02 3... 0:03:02 4. 0:03:04 4... 0:03:02 5. 0:03:01 5... 0:03:02 6. 0:03:00 6... 0:03:03 7. 0:02:49 7... 0:03:04 8. 0:02:48 8... 0:03:04 9. 0:02:43 9... 0:03:05 10. 0:02:43 10... 0:03:06 11. 0:02:42 11... 0:03:05 12. 0:02:39 12... 0:03:05 13. 0:02:39 13... 0:03:04 14. 0:02:37 14... 0:02:46 15. 0:02:32 15... 0:02:39 16. 0:02:18 16... 0:02:33 17. 0:02:04 17... 0:02:25 18. 0:01:43 18... 0:02:23 19. 0:01:42 19... 0:02:12 20. 0:01:22 20... 0:01:55 21. 0:01:23 21... 0:01:35 22. 0:01:10 22... 0:01:31 23. 0:01:12 23... 0:01:22 24. 0:01:05 24... 0:01:21 25. 0:01:04 25... 0:01:12 26. 0:00:57 26... 0:01:11 27. 0:00:59 27... 0:01:08 28. 0:00:53 28... 0:00:55 29. 0:00:48 29... 0:00:30 30. 0:00:18 30... 0:00:30 31. 0:00:14 31... 0:00:11 32. 0:00:13 32... 0:00:10 33. 0:00:14 33... 0:00:08,
Rated Blitz game,https://lichess.org/ZmGUHRAP,2024.08.01,-,Chawkilaaoubi,oceansidetj,1-0,2024.08.01,00:03:07,1150,1076,,,C24,Bishop's Opening: Berlin Defense,180+2,Normal,"1. e4 1... e5 2. Bc4 2... Nf6 3. Bxf7 3... Kxf7 4. d4 4... d5 5. dxe5 5... Ng4 6. Qf3 6...
Kg8 7. exd5 7... Bc5 8. e6 8... c6 9. Qf7",1. 0:03:00 1... 0:03:00 2. 0:03:01 2... 0:03:01 3. 0:03:01 3... 0:02:59 4. 0:03:03 4... 0:02:55 5. 0:03:04 5... 0:02:54 6. 0:03:01 6... 0:02:54 7. 0:03:00 7... 0:02:49 8. 0:02:56 8... 0:02:38 9. 0:02:53,
Rated Blitz game,https://lichess.org/rNuTpYkp,2024.08.01,-,minermo,shojaeiiman,1-0,2024.08.01,00:03:07,2274,2214,,,B23,Sicilian Defense: Closed,180+2,Normal,"1. e4 1... c5 2. Nc3 2... d6 3. f4 3... g6 4.
Nf3 4... Bg7 5.
Bc4 5... e6 6. O-O 6... Ne7 7. d3 7... O-O 8. f5 8... d5 9. Bb3 9...
d4 10. f6 10... Bxf6 11. e5 11... Bg7 12.
Ne4 12... Nd5 13. Bg5 13...
Qd7 14. Bxd5 14... Qxd5 15. Nf6 15... Bxf6 16.
Bxf6 16... Nd7 17. Ng5 17... Nxe5 18. Qe1 18...
Nd7 19. Qh4 19... Nxf6 20. Rxf6 20... h5 21.
Raf1 21... e5 22. Nxf7 22... Rxf7 23. Rxf7 23...
Qxf7 24. Qd8 24... Kg7 25. Rxf7 25... Kxf7 26.
a4 26... Kg7 27. a5 27... b6 28. a6 28...
Kh6 29. h4 29... Kg7 30. Kf2 30... Kh7 31.
Ke1 31... Kg7 32. Kd2 32... Kh7 33. c3 33... Kg7 34. b4 34...
dxc3 35. Kxc3 35... cxb4 36. Kxb4 36... Kh7 37.
Kc3 37... Kg7 38. d4 38... exd4 39. Kxd4 39...
b5 40. Ke5 40... Kh6 41. Kf6 41... Kh7 42. Qf8 42... Be6 43. Qg7",1. 0:03:00 0. 0:03:00 1... 0:03:00 0. 0:03:02 2. 0:03:01 0. 0:03:03 2... 0:03:01 0. 0:03:05 3. 0:03:02 0. 0:03:06 3... 0:03:03 0. 0:03:07 4. 0:03:04 0. 0:03:09 4... 0:03:04 0. 0:03:08 5. 0:03:04 0. 0:03:06 5... 0:02:53 0. 0:03:06 6. 0:02:53 0. 0:03:06 6... 0:02:54 0. 0:03:05 7. 0:02:53 0. 0:03:01 7... 0:02:48 0. 0:03:01 8. 0:02:49 0. 0:03:01 8... 0:02:46 0. 0:03:03 9. 0:02:46 0. 0:03:01 9... 0:02:42 0. 0:03:00 10. 0:02:41 0. 0:02:51 10... 0:02:42 0. 0:02:40 11. 0:02:42 0. 0:02:32 11... 0:02:39 0. 0:02:32 12. 0:02:36 0. 0:02:09 12... 0:02:36 2. 0:02:08 13. 0:02:36 2. 0:02:10 13... 0:02:27 2. 0:02:07 14. 0:02:25 2. 0:02:06 14... 0:02:15 4. 0:02:01 15. 0:02:06 3. 0:02:00 15... 0:02:05 3. 0:01:59 16. 0:02:00 3. 0:02:00 16... 0:02:00 3. 0:02:01 17. 0:02:00 2. 0:02:01 17... 0:02:01 3. 0:02:00 18. 0:02:01 3. 0:02:02 18... 0:02:02 3. 0:02:03 19. 0:01:58 3. 0:02:00 19... 0:01:59 4. 0:02:01 20. 0:01:58 4. 0:01:57 20... 0:01:53 4. 0:01:58 21. 0:01:49 4. 0:01:58 21... 0:01:47 4. 0:01:37 22. 0:01:45,
Rated Blitz game,https://lichess.org/VxgqRC1O,2024.08.01,-,Playmaker_425,ChessWizardA9D8,1-0,2024.08.01,00:03:07,2005,1964,,,A20,English Opening: King's English Variation,180+2,Normal,"1. c4 1... e5 2. g3 2... Nf6 3. Bg2 3... c6 4. Nf3 4... e4 5. Nd4 5... d5 6. O-O 6... h5 7. h3 7... c5 8. Nc2 8... d4 9. d3 9... Bf5 10. Nd2 10... Qd7 11.
dxe4 11... Bxh3 12. e5 12... Bxg2 13. Kxg2 13... Ng4 14. Ne4 14... Nc6 15.
f3 15... Ngxe5 16. Bf4 16... Be7 17. Rh1 17... f6 18. b3 18... g5 19.
Bd2 19... O-O-O 20. a3 20... h4 21. b4 21... hxg3 22. bxc5 22... d3 23.
Ne3 23... Rxh1 24. Qxh1 24... dxe2 25. Nd5 25... Nd4 26. Qe1 26... Nexf3 27. Qxg3 27... Qf5 28.
Qc7",1. 0:03:00 1... 0:03:00 2. 0:03:01 2... 0:02:59 3. 0:03:02 3... 0:02:54 4. 0:03:02 4... 0:02:41 5. 0:03:03 5... 0:02:41 6. 0:02:59 6... 0:02:25 7. 0:02:47 7... 0:01:56 8. 0:02:41 8... 0:01:57 9. 0:02:40 9... 0:01:51 10. 0:02:33 10... 0:01:41 11. 0:02:30 11... 0:01:40 12. 0:02:25 12... 0:01:27 13. 0:02:26 13... 0:01:29 14. 0:02:26 14... 0:01:20 15. 0:02:25 15... 0:01:17 16. 0:02:21 16... 0:00:59 17. 0:01:47 17... 0:00:48 18. 0:01:27 18... 0:00:47 19. 0:01:25 19... 0:00:27 20. 0:01:24 20... 0:00:19 21. 0:01:22 21... 0:00:05 22. 0:01:22 22... 0:00:03 23. 0:01:18 23... 0:00:04 24. 0:01:07 24... 0:00:05 25. 0:01:07 25... 0:00:05 26. 0:00:52 26... 0:00:05 27. 0:00:43 27... 0:00:04 28. 0:00:38,
Rated Blitz game,https://lichess.org/yJosPSUI,2024.08.01,-,fankizonki,Haleran,1-0,2024.08.01,00:03:07,1058,1028,,,C43,Russian Game: Modern Attack,180+2,Normal,"1. e4 1... e5 2. Nf3 2... Nf6 3. d4 3... exd4 4. Nxd4 4... Nxe4 5.
Qf3 5... Qe7 6. Be3 6... g6 7. Bc4 7... Bg7 8. Nd2 8... Nxd2 9.
Kxd2 9... Qb4 10. c3 10... Qxb2 11. Kd3 11... O-O 12. h4 12... d6 13. a4 13... Bf5 14. Nxf5 14... Qxc3 15. Ke4 15... Qxc4 16. Nd4 16... Bxd4 17.
Bxd4 17... Qe6 18. Kd3 18... Nc6 19. Rhe1 19... Nb4 20. Kc3 20... Qf5 21. Qxf5 21... gxf5 22. Kxb4 22... f6 23. Kc3 23... Kg7 24. Re7 24... Kg6 25. Rxc7 25... b6 26. a5 26... b5 27.
Rxa7 27... Rfc8 28. Kb4 28... Rc4 29. Kxb5 29... Rxd4 30. Rxa8 30... Rxh4 31. g3 31... Re4 32.
a6 32... Re5 33. Kc6 33... Rc5 34. Kxd6 34... Re5 35. a7 35... Re6 36.
Kxe6",1. 0:03:00 1... 0:03:00 2. 0:02:56 2... 0:03:01 3. 0:02:57 3... 0:03:01 4. 0:02:50 4... 0:03:00 5. 0:02:48 5... 0:03:00 6. 0:02:47 6... 0:02:53 7. 0:02:46 7... 0:02:52 8. 0:02:45 8... 0:02:49 9. 0:02:44 9... 0:02:47 10. 0:02:39 10... 0:02:47 11. 0:02:38 11... 0:02:42 12. 0:02:38 12... 0:02:36 13. 0:02:38 13... 0:02:36 14. 0:02:39 14... 0:02:24 15. 0:02:34 15... 0:02:21 16. 0:02:35 16... 0:02:18 17. 0:02:35 17... 0:02:19 18. 0:02:35 18... 0:02:19 19. 0:02:34 19... 0:02:15 20. 0:02:34 20... 0:02:00 21. 0:02:27 21... 0:02:01 22. 0:02:27 22... 0:01:56 23. 0:02:26 23... 0:01:56 24. 0:02:27 24... 0:01:51 25. 0:02:26 25... 0:01:49 26. 0:02:23 26... 0:01:46 27. 0:02:21 27... 0:01:47 28. 0:02:07 28... 0:01:47 29. 0:02:07 29... 0:01:47 30. 0:02:08 30... 0:01:47 31. 0:02:08 31... 0:01:43 32. 0:02:09 32... 0:01:37 33. 0:02:09 33... 0:01:37 34. 0:02:09 34... 0:01:36 35. 0:02:10 35... 0:01:37 36. 0:02:10,
Rated Blitz game,https://lichess.org/GfYza3EF,2024.08.01,-,M_B_Mukunda,jollyjmach,1-0,2024.08.01,00:03:07,1741,1734,,,B12,Caro-Kann Defense: Advance Variation,180+2,Normal,"1. e4 1... c6 2. d4 2... d5 3. e5 3... Bf5 4. c3 4... e6 5. Nf3 5... c5 6. Bd3 6... Bxd3 7. Qxd3 7... Nd7 8.
O-O 8... cxd4 9. cxd4 9... Ne7 10. Nc3 10... Nc6 11. Rd1 11... a6 12.
b3 12... Be7 13. Bb2 13... O-O 14. Rac1 14... Rc8 15. Na4 15... b5 16.
Nc5 16... Nxc5 17. dxc5 17... h6 18. a3 18...
b4 19. Qxa6 19... bxa3 20. Ba1 20... Qc7 21. Qxa3 21... Ra8 22. Qb2 22... Ra7 23. b4 23... Rfa8 24. b5 24... Ra2 25.
Qc3 25... R8a3 26. Qe1 26... Nb4 27. Qxb4 27... Ra4 28. Qc3 28... Rc4 29.
Qb3 29... Raa4 30. Rxc4 30... Rxc4 31. b6 31... Qxc5 32. b7 32... Rb4 33. b8=Q 33... Rxb8 34. Qxb8 34... Kh7 35. h3 35... Qc2 36. Qb1 36... Qxb1 37. Rxb1",1. 0:03:00 1... 0:03:00 2. 0:03:01 2... 0:03:01 3. 0:03:02 3... 0:03:03 4. 0:03:03 4... 0:03:04 5. 0:03:05 5... 0:03:05 6. 0:03:05 6... 0:03:06 7. 0:03:06 7... 0:03:05 8. 0:03:05 8... 0:03:02 9. 0:03:05 9... 0:03:03 10. 0:03:06 10... 0:03:04 11. 0:03:02 11... 0:03:03 12. 0:03:04 12... 0:03:01 13. 0:03:05 13... 0:03:01 14. 0:03:04 14... 0:03:01 15. 0:03:02 15... 0:02:57 16. 0:02:57 16... 0:02:55 17. 0:02:59 17... 0:02:13 18. 0:03:00 18... 0:02:10 19. 0:02:53 19... 0:02:11 20. 0:02:25 20... 0:02:02 21. 0:02:21 21... 0:02:03 22. 0:02:22 22... 0:01:52 23. 0:02:23 23... 0:01:50 24. 0:02:16 24... 0:01:50 25. 0:02:04 25... 0:01:36 26. 0:02:04 26... 0:01:29 27. 0:02:03 27... 0:01:20 28. 0:01:52 28... 0:01:19 29. 0:01:50 29... 0:01:11 30. 0:01:47 30... 0:01:13 31. 0:01:31 31... 0:01:14 32. 0:01:26 32... 0:01:13 33. 0:01:26 33... 0:01:14 34. 0:01:26 34... 0:01:15 35. 0:01:18 35... 0:01:10 36. 0:01:16 36... 0:01:09 37. 0:01:18,
Rated Blitz game,https://lichess.org/mE5UiILP,2024.08.01,-,jetjoejorge,kedwin_Hz,0-1,2024.08.01,00:03:07,1567,1673,,,B01,Scandinavian Defense: Valencian Variation,180+2,Normal,"1. e4 1... d5 2. exd5 2... Qxd5 3. Nc3 3... Qd8 4. Bc4 4... Nf6 5. d3 5... e6 6. Nf3 6...
Bb4 7. O-O 7... Nc6 8.
a3 8... Be7 9. Be3 9... O-O 10. Bb3 10... Nd5 11. Nxd5 11... exd5 12. Qd2 12... Bg4 13. Qd1 13... d4 14. Bf4 14...
Bd6 15. Bxd6 15... Qxd6 16. h3 16... Bh5 17.
g4 17... Bg6 18. Nh4 18... Ne5 19. Nxg6 19... Nxg6 20. Qf3 20... Kh8 21.
Qxb7 21... f5 22. Kg2 22... Nf4 23. Kh2 23... Ne2 24. Kh1 24... fxg4 25.
hxg4 25... Qh6 26. Kg2 26... Nf4 27. Kf3 27... Qh3 28. Ke4 28... Rae8 29. Be6 29... Rxe6 30. Kxd4 30... Rd6 31. Kc3 31... Nd5 32. Kb3 32... Qf3 33. Ka2 33... Rb6 34. Qxa7 34... Rfb8 35. b4 35... Qe2 36. Rac1 36... Nc3 37. Kb2 37... Qd2 38. Rfd1 38... Qf4 39. Re1 39... Nb5 40.
Re4 40... Nxa7 41. Rxf4 41... Nb5 42. Rf7 42... R6b7 43. Re7 43... h6 44. Rce1 44... Nd4 45.
R1e4 45... c5 46. Kc3 46... Nc6 47. Re8 47... Rxe8 48. Rxe8 48... Kh7 49. Re6 49... cxb4 50. axb4 50... Nxb4 51. Re4 51... Nd5 52. Kd4 52... Nf6 53. f3 53... Rb4 54.
c4 54... Nxe4 55. fxe4 55... g6 56. Kd5 56... h5 57. gxh5 57... gxh5 58. c5 58... h4 59. c6 59... Rb5 60. Kd6 60... Rb1 61. e5 61... h3 62. e6 62... h2 63. e7 63...
Re1 64. c7 64... h1=Q 65. c8=Q 65... Qh6 66. Kd7 66... Qh3 67. Kc7 67... Rc1 68. Kd8 68... Qxc8",1. 0:03:00 1... 0:03:00 2. 0:03:00 2... 0:03:02 3. 0:03:01 3... 0:03:04 4. 0:02:59 4... 0:03:03 5. 0:02:59 5... 0:03:04 6. 0:02:55 6... 0:03:04 7. 0:02:55 7... 0:03:04 8. 0:02:48 8... 0:02:53 9. 0:02:41 9... 0:02:52 10. 0:02:31 10... 0:02:49 11. 0:02:28 11... 0:02:51 12. 0:02:12 12... 0:02:50 13. 0:02:01 13... 0:02:46 14. 0:01:57 14... 0:02:36 15. 0:01:57 15... 0:02:38 16. 0:01:58 16... 0:02:37 17. 0:01:50 17... 0:02:08 18. 0:01:49 18... 0:02:03 19. 0:01:47 19... 0:02:05 20. 0:01:47 20... 0:02:04 21. 0:01:44 21... 0:02:02 22. 0:01:28 22... 0:01:16 23. 0:01:14 23... 0:00:56 24. 0:01:01 24... 0:00:54 25. 0:00:59 25... 0:00:39 26. 0:00:50 26... 0:00:37 27. 0:00:47 27... 0:00:11 28. 0:00:45 28... 0:00:12 29. 0:00:33 29... 0:00:13 30. 0:00:27 30... 0:00:09 31. 0:00:25 31... 0:00:06 32. 0:00:23 32... 0:00:04 33. 0:00:13 33... 0:00:04 34. 0:00:11 34... 0:00:03 35. 0:00:09 35... 0:00:03 36. 0:00:07 36... 0:00:05 37. 0:00:07 37... 0:00:05 38. 0:00:07 38... 0:00:05 39. 0:00:07 39... 0:00:05 40. 0:00:07 40... 0:00:05 41. 0:00:09 41... 0:00:06 42. 0:00:09 42... 0:00:06 43. 0:00:10 43... 0:00:06 44. 0:00:11 44... 0:00:07 45. 0:00:11 45... 0:00:08 46. 0:00:10 46... 0:00:08 47. 0:00:10 47... 0:00:09 48. 0:00:12 48... 0:00:10 49. 0:00:12 49... 0:00:10 50. 0:00:12 50... 0:00:10 51. 0:00:10 51... 0:00:11 52. 0:00:10 52... 0:00:12 53. 0:00:08 53... 0:00:11 54. 0:00:08 54... 0:00:12 55. 0:00:10 55... 0:00:10 56. 0:00:09 56... 0:00:11 57. 0:00:09 57... 0:00:12 58. 0:00:11 58... 0:00:13 59. 0:00:12 59... 0:00:11 60. 0:00:12 60... 0:00:06 61. 0:00:09 61... 0:00:07 62. 0:00:10 62... 0:00:08 63. 0:00:12 63... 0:00:04 64. 0:00:13 64... 0:00:02 65. 0:00:12 65... 0:00:03 66. 0:00:10 66... 0:00:02 67. 0:00:06 67... 0:00:03 68. 0:00:06 68... 0:00:03,
Rated Blitz game,https://lichess.org/0F4SiGe4,2024.08.01,-,recepsan,Atimofeev1989,1-0,2024.08.01,00:03:07,1513,1518,,,B00,Nimzowitsch Defense: French Connection,180+2,Normal,"1. e4 1... e6 2. Nc3 2... Nc6 3. Nf3 3... h6 4. d4 4... a6 5. d5 5... exd5 6. exd5 6...
Na7 7. Bd3 7... Bb4 8.
O-O 8... Bxc3 9. bxc3 9... Nf6 10. Re1 10... Kf8 11. Bb2 11... Nxd5 12.
Bg6 12... Nf4 13. Be4 13... d6 14. Qd2 14... Ne6 15. c4 15... Nc6 16.
Bxc6 16... bxc6 17. Qc3 17... f6 18. Nd4 18...
Bd7 19. Nxe6 19... Bxe6 20. Rxe6 20... Kf7 21.
Rae1 21... d5 22. Rxc6 22... Re8 23. cxd5 23... Qxd5 24. Rxc7 24... Kg8 25. Rxe8 25... Rxe8 26. h3",1. 0:03:00 1... 0:03:00 2. 0:03:01 2... 0:03:00 3. 0:03:02 3... 0:03:00 4. 0:03:03 4... 0:03:00 5. 0:03:01 5... 0:03:01 6. 0:03:02 6... 0:02:58 7. 0:02:59 7... 0:02:59 8. 0:02:59 8... 0:02:59 9. 0:03:00 9... 0:03:01 10. 0:02:49 10... 0:03:02 11. 0:02:45 11... 0:03:01 12. 0:02:26 12... 0:02:28 13. 0:02:02 13... 0:02:23 14. 0:01:58 14... 0:02:19 15. 0:01:52 15... 0:02:18 16. 0:01:48 16... 0:02:19 17. 0:01:49 17... 0:02:07 18. 0:01:41 18... 0:01:59 19. 0:01:38 19... 0:01:57 20. 0:01:38 20... 0:01:58 21. 0:01:37 21... 0:01:48 22. 0:01:33 22... 0:01:48 23. 0:01:20 23... 0:01:34 24. 0:01:15 24... 0:01:32 25. 0:01:08 25... 0:01:33 26. 0:00:54,
Rated Blitz game,https://lichess.org/bzrGCMDV,2024.08.01,-,HamadaKhalifa,AzOo043,0-1,2024.08.01,00:03:07,1455,1485,,,B01,Scandinavian Defense: Valencian Variation,180+2,Normal,"1. e4 1... d5 2. exd5 2... Qxd5 3. Nc3 3... Qd8 4. d4 4... e5 5. dxe5 5...
Qxd1 6. Nxd1 6... Nc6 7. Nf3 7... Bg4 8. Bf4 8... Bc5 9. e6 9... Bxf3 10. gxf3 10... fxe6 11. Bxc7 11...
e5 12. Ne3 12... Kd7 13. Nd5 13... Nge7 14. Bxe5 14... Nxe5 15. Nxe7 15... Bxe7 16. O-O-O 16... Kc7 17. Bh3 17...
Rad8 18. Rd2 18... Bg5 19. Rd1 19... Bxd2 20. Rxd2 20... Rxd2 21. Kxd2 21... Nxf3 22. Ke3 22... Nxh2 23. Kf4 23... h5 24. Kg3 24...
Ng4 25. Bg2 25... Re8 26. Bf1 26... Re5 27.
Bd3 27... Ra5 28. a3 28... Ne5 29. Be4 29...
Ra4 30. Bf5 30... Rd4 31. Bg4 31... Rxg4 32.
Kh2 32... Nf3 33. Kh1 33... Rg1",1. 0:03:00 0. 0:03:00 1... 0:03:00 0. 0:03:01 2. 0:03:01 0. 0:03:02 2... 0:02:59 0. 0:02:51 3. 0:02:54 0. 0:02:51 3... 0:02:54 0. 0:02:52 4. 0:02:54 0. 0:02:53 4... 0:02:53 0. 0:02:52 5. 0:02:35 0. 0:02:44 5... 0:02:36 0. 0:02:41 6. 0:02:28 0. 0:02:29 6... 0:02:26 0. 0:02:21 7. 0:01:57 0. 0:02:21 7... 0:01:50 0. 0:02:20 8. 0:01:46 0. 0:02:14 8... 0:01:47 1. 0:02:09 9. 0:01:44 0. 0:02:08 9... 0:01:37 1. 0:02:07 10. 0:01:17 0. 0:02:03 10... 0:01:19 0. 0:02:04 11. 0:01:21 0. 0:02:03 11... 0:01:19 1. 0:02:03 12. 0:01:18 2. 0:01:57 12... 0:01:19 1. 0:01:58 13. 0:01:17 1. 0:01:49 13... 0:01:04 2. 0:01:37 14. 0:01:03 3. 0:01:35 14... 0:01:03 3. 0:01:32 15. 0:00:58 3. 0:01:24 15... 0:00:55 4. 0:01:10 16. 0:00:51 3. 0:01:08 16... 0:00:50 4. 0:01:03 17. 0:00:50 4. 0:00:58,
Rated Blitz game,https://lichess.org/Ywm92qy2,2024.08.01,-,Kenadian88,DarioGC96,1/2-1/2,2024.08.01,00:03:07,1547,1530,,,A40,Horwitz Defense,180+2,Normal,"1. d4 1... e6 2. Nf3 2... c5 3. g3 3... cxd4 4. Qxd4 4... Nc6 5.
Qa4 5... Qb6 6. Qb3 6... Qc7 7. Bg2 7... d5 8. O-O 8... Bd7 9. Bf4 9... e5 10. Bd2 10...
Nf6 11. Bg5 11... Be7 12. Bxf6 12... Bxf6 13. Qxd5 13... O-O-O 14. Qc4 14... Be6 15. Qe4 15... Bd5 16. Qf5 16... Be6 17.
Qe4 17... g6 18. Nc3 18... Be7 19. Nb5 19... Qb6 20. a4 20... f5 21.
Qe3 21... Bc5 22. Qc3 22... e4 23. Ne5 23... Nxe5 24. Qxe5 24... a6 25.
Nc3 25... Bd4 26. Qf4 26... g5 27. Qxg5 27... h5 28. Rad1 28... h4 29.
e3 29... Bxc3 30. bxc3 30... hxg3 31. Rxd8 31... Rxd8 32. Qxg3 32... Qc6 33.
Qe5 33... Bd7 34. Bh3 34... Qxa4 35. Bxf5 35... Qxc2 36. Qc5 36... Kb8 37.
Qb6 37... Rg8 38. Bg6 38... Bc6 39. Kh1 39... Rxg6 40. Qd8 40... Ka7 41.
Qd4 41... Kb8 42. Qd8 42... Ka7 43. Qd4 43... Ka8 44. Qd8 44... Ka7",1. 0:03:00 1... 0:03:00 2. 0:03:01 2... 0:03:01 3. 0:03:02 3... 0:03:01 4. 0:03:02 4... 0:03:00 5. 0:03:02 5... 0:02:54 6. 0:02:59 6... 0:02:47 7. 0:02:59 7... 0:02:45 8. 0:02:56 8... 0:02:44 9. 0:02:57 9... 0:02:34 10. 0:02:36 10... 0:02:30 11. 0:02:35 11... 0:02:24 12. 0:02:34 12... 0:02:25 13. 0:02:34 13... 0:02:24 14. 0:02:22 14... 0:02:24 15. 0:02:13 15... 0:02:19 16. 0:02:06 16... 0:02:19 17. 0:02:02 17... 0:02:18 18. 0:02:01 18... 0:02:15 19. 0:01:53 19... 0:02:10 20. 0:01:45 20... 0:02:09 21. 0:01:26 21... 0:02:10 22. 0:01:15 22... 0:02:08 23. 0:01:09 23... 0:01:56 24. 0:01:11 24... 0:01:52 25. 0:00:41 25... 0:01:38 26. 0:00:30 26... 0:01:38 27. 0:00:31 27... 0:01:26 28. 0:00:27 28... 0:01:23 29. 0:00:27 29... 0:01:07 30. 0:00:29 30... 0:01:03 31. 0:00:28 31... 0:01:03 32. 0:00:26 32... 0:01:01 33. 0:00:26 33... 0:01:00 34. 0:00:25 34... 0:00:59 35. 0:00:24 35... 0:00:55 36. 0:00:18 36... 0:00:51 37. 0:00:15 37... 0:00:35 38. 0:00:16 38... 0:00:29 39. 0:00:09 39... 0:00:29 40. 0:00:10 40... 0:00:28 41. 0:00:11 41... 0:00:24 42. 0:00:12 42... 0:00:24 43. 0:00:13 43... 0:00:24 44. 0:00:14 44... 0:00:25,
Rated Blitz game,https://lichess.org/ZynO7jul,2024.08.01,-,Abraxxxas,tomaslima,0-1,2024.08.01,00:03:07,1953,1956,,,B20,Sicilian Defense: Staunton-Cochrane Variation,180+2,Normal,"1. c4 1... c5 2. e4 2... Nc6 3. g3 3... g6 4. Bg2 4... Bg7 5. Ne2 5... e6 6. Nbc3 6... Nge7 7. d3 7... O-O 8. O-O 8... d6 9. f4 9... f5 10. Be3 10... e5 11.
d4 11... cxd4 12. Nxd4 12... exd4 13. Nd5 13... dxe3 14. Nxe3 14... Bd4 15.
Qe2 15... fxe4 16. Bxe4 16... Bh3 17. Rfe1 17... Nf5 18. Bxf5 18... Bxf5 19. Rad1 19... Re8 20.
g4 20... Bxe3 21. Kg2 21... Be4 22. Kg3 22... Bc5 23. Qd2 23... Qb6 24.
a3 24... a5 25. Rxe4 25... Rxe4 26. Qd5 26... Kg7 27. Qxe4 27... Nd4 28.
b4 28... axb4 29. axb4 29... Qxb4 30. Rxd4 30... Bxd4 31. Qxd4 31... Kg8 32. Qd5 32... Kf8 33. f5 33... Re8 34. fxg6 34... hxg6 35. Qf3 35... Kg7 36. Qd3 36... Qc5 37.
Qc3 37... Qe5 38. Qxe5 38... Rxe5 39. Kf4 39... Rc5",1. 0:03:00 1... 0:03:00 2. 0:03:00 2... 0:03:00 3. 0:03:00 3... 0:02:59 4. 0:03:01 4... 0:03:00 5. 0:03:01 5... 0:03:01 6. 0:03:01 6... 0:03:02 7. 0:03:02 7... 0:03:03 8. 0:03:02 8... 0:03:03 9. 0:03:02 9... 0:03:02 10. 0:02:59 10... 0:02:56 11. 0:02:52 11... 0:02:52 12. 0:02:46 12... 0:02:51 13. 0:02:37 13... 0:02:49 14. 0:02:31 14... 0:02:43 15. 0:02:27 15... 0:02:37 16. 0:02:25 16... 0:02:37 17. 0:02:25 17... 0:02:33 18. 0:02:23 18... 0:02:33 19. 0:02:03 19... 0:02:28 20. 0:01:53 20... 0:02:24 21. 0:01:50 21... 0:02:15 22. 0:01:48 22... 0:02:12 23. 0:01:42 23... 0:02:06 24. 0:01:37 24... 0:01:55 25. 0:01:37 25... 0:01:52 26. 0:01:38 26... 0:01:50 27. 0:01:38 27... 0:01:47 28. 0:01:30 28... 0:01:46 29. 0:01:30 29... 0:01:48 30. 0:01:30 30... 0:01:47 31. 0:01:31 31... 0:01:41 32. 0:01:31 32... 0:01:41 33. 0:01:28 33... 0:01:36 34. 0:01:25 34... 0:01:36 35. 0:01:24 35... 0:01:34 36. 0:01:22 36... 0:01:29 37. 0:01:19 37... 0:01:28 38. 0:01:17 38... 0:01:29 39. 0:01:18 39... 0:01:29,
Rated Blitz game,https://lichess.org/crID5x48,2024.08.01,-,arno111,NoPyroNoParty2005,1/2-1/2,2024.08.01,00:03:07,2457,2376,,,E23,"Nimzo-Indian Defense: Spielmann Variation, Romanovsky Gambit",180+2,Normal,"1. d4 1... Nf6 2. c4 2... e6 3. Nc3 3... Bb4 4. Qb3 4... c5 5. dxc5 5... Nc6 6. Bd2 6...
O-O 7. Nf3 7... Bxc5 8. e3 8... d5 9. cxd5 9... exd5 10. Be2 10... d4 11. exd4 11... Nxd4 12. Nxd4 12... Bxd4 13. Rd1 13... Be6 14. Qa4 14... Qb6 15. O-O 15... Rfd8 16. Qb5 16... Qxb5 17.
Nxb5 17... Bb6 18. b3 18... a6 19. Nc3 19... Rac8 20. Na4 20... Ba7 21.
Ba5 21... Rxd1 22. Rxd1 22... h6 23. Bf3 23...
Bd5 24. Bxd5 24... Nxd5 25. Kf1 25... Nf4 26.
g3 26... Ne6 27. Bb6 27... Bxb6 28. Nxb6 28... Rc2 29. a3 29... Ng5 30.
h4 30... Ne4 31. Rd8 31... Kh7 32. Ke1 32... Rb2 33. Rd7 33... Rxb3 34.
Rxb7 34... Rb2 35. Rb8 35... Rxf2 36. Nd7 36... Rf5 37. Nf8 37... Kg8 38.
Ng6 38... Kh7 39. Nf8 39... Kg8 40. Ne6 40... Kh7 41. Nf8",1. 0:03:00 1... 0:03:00 2. 0:03:01 2... 0:03:01 3. 0:03:02 3... 0:03:03 4. 0:03:03 4... 0:03:03 5. 0:03:04 5... 0:03:02 6. 0:03:05 6... 0:02:54 7. 0:03:05 7... 0:02:43 8. 0:03:01 8... 0:02:37 9. 0:02:48 9... 0:02:39 10. 0:02:43 10... 0:02:36 11. 0:02:41 11... 0:02:38 12. 0:02:41 12... 0:02:35 13. 0:02:29 13... 0:02:15 14. 0:02:16 14... 0:02:05 15. 0:02:15 15... 0:01:45 16. 0:01:55 16... 0:01:06 17. 0:01:48 17... 0:00:57 18. 0:01:33 18... 0:00:49 19. 0:01:30 19... 0:00:38 20. 0:01:12 20... 0:00:36 21. 0:01:04 21... 0:00:23 22. 0:01:04 22... 0:00:20 23. 0:00:41 23... 0:00:21 24. 0:00:31 24... 0:00:23 25. 0:00:29 25... 0:00:15 26. 0:00:21 26... 0:00:16 27. 0:00:08 27... 0:00:15 28. 0:00:10 28... 0:00:16 29. 0:00:07 29... 0:00:17 30. 0:00:06 30... 0:00:18 31. 0:00:06 31... 0:00:19 32. 0:00:05 32... 0:00:15 33. 0:00:05 33... 0:00:11 34. 0:00:06 34... 0:00:03 35. 0:00:05 35... 0:00:03 36. 0:00:04 36... 0:00:03 37. 0:00:04 37... 0:00:04 38. 0:00:05 38... 0:00:04 39. 0:00:06 39... 0:00:05 40. 0:00:06 40... 0:00:06 41. 0:00:06,
Rated Blitz game,https://lichess.org/byxPRGcw,2024.08.01,-,the_worst_move,kvuick,1-0,2024.08.01,00:03:14,1333,1357,,,A40,Horwitz Defense,180+2,Time forfeit,"1. d4 1... e6 2. c4 2... c6 3. a3 3... d5 4. Nf3 4... c5 5. cxd5 5... Qxd5 6. Nc3 6... Qd8 7. e3 7... cxd4 8.
Nxd4 8... Nf6 9. Bd3 9... Be7 10. O-O 10... O-O 11. Bb1 11... e5 12.
Nf3 12... Bg4 13. Qxd8 13... Bxd8 14. Nxe5",1. 0:03:00 1... 0:03:00 2. 0:03:01 2... 0:03:01 3. 0:03:03 3... 0:03:02 4. 0:03:03 4... 0:02:59 5. 0:03:03 5... 0:03:00 6. 0:03:04 6... 0:02:59 7. 0:02:59 7... 0:02:59 8. 0:02:50 8... 0:02:59 9. 0:02:17 9... 0:02:58 10. 0:02:12 10... 0:02:59 11. 0:02:11 11... 0:02:58 12. 0:01:54 12... 0:02:58 13. 0:01:43 13... 0:02:55 14. 0:01:44,
Rated Blitz game,https://lichess.org/kDjojfwW,2024.08.01,-,cristhianroger,GustavoHornburg,1-0,2024.08.01,00:03:21,1839,1842,,,D43,Semi-Slav Defense,180+2,Normal,"1. d4 1... d5 2. c4 2... c6 3. Nf3 3... Nf6 4. Nc3 4... e6 5. Bg5 5... Be7 6. e3 6...
O-O 7. Bd3 7... h6 8.
Bh4 8... Nbd7 9. O-O 9... Re8 10. Rc1 10... Nf8 11. Re1 11... Ng6 12.
Bg3 12... Nh5 13. Be5 13... Bf6 14. Bxg6 14... fxg6 15. g4 15... Bxe5 16.
dxe5 16... Rf8 17. gxh5 17... g5 18. Kh1 18...
Rf5 19. Qe2 19... Qf8 20. Nd4 20... Rxf2 21. Qg4 21... Rxb2 22. Rf1 22... Qe7 23. Rf3 23... Bd7 24. Rcf1 24... c5 25.
Ndb5 25... Bxb5 26. Nxb5 26... dxc4 27. Nd6 27... c3 28. Rf7 28... Qd8 29. Qxe6 29... Kh8 30.
Qg6 30... Qg8 31. Nf5 31... Rd8 32. Nxh6 32... gxh6 33. Qxh6",1. 0:03:00 1... 0:03:00 2. 0:03:01 2... 0:03:02 3. 0:03:01 3... 0:03:00 4. 0:03:03 4... 0:03:01 5. 0:03:03 5... 0:03:02 6. 0:03:05 6... 0:03:03 7. 0:03:06 7... 0:03:05 8. 0:03:06 8... 0:03:06 9. 0:03:08 9... 0:03:08 10. 0:03:07 10... 0:03:09 11. 0:03:08 11... 0:03:10 12. 0:03:08 12... 0:03:11 13. 0:03:07 13... 0:03:08 14. 0:03:07 14... 0:03:03 15. 0:02:58 15... 0:03:02 16. 0:02:58 16... 0:02:49 17. 0:02:57 17... 0:02:48 18. 0:02:48 18... 0:02:41 19. 0:02:31 19... 0:02:41 20. 0:02:24 20... 0:02:42 21. 0:02:21 21... 0:02:36 22. 0:02:22 22... 0:02:28 23. 0:02:17 23... 0:02:25 24. 0:02:18 24... 0:02:11 25. 0:02:09 25... 0:02:06 26. 0:02:09 26... 0:02:05 27. 0:02:09 27... 0:01:43 28. 0:02:10 28... 0:01:38 29. 0:02:10 29... 0:01:34 30. 0:02:03 30... 0:01:27 31. 0:01:43 31... 0:01:19 32. 0:01:44 32... 0:01:16 33. 0:01:44,
Rated Blitz game,https://lichess.org/QvJ8ufXG,2024.08.01,-,Felipe_Maluf,Jasper909,0-1,2024.08.01,00:03:21,1796,1800,,,C39,"King's Gambit Accepted: Kieseritzky Gambit, Cotter Gambit",180+2,Time forfeit,"1. e4 1... e5 2. f4 2... exf4 3. Nf3 3... g5 4. h4 4... g4 5. Ng5 5... h6 6. Nxf7 6...
Kxf7 7. Qxg4 7... d5 8. Qxf4 8... Nf6 9. e5 9... Qe8 10. Qxf6 10... Kg8 11. Bd3 11... Bg7 12. Qg6 12... Qxe5 13. Kd1 13... Be6 14. Re1 14... Bf7 15. Rxe5 15... Bxg6 16. Rxd5 16... Bf7 17. Rd8 17... Bf8 18.
Nc3 18... Kg7 19. Ne4 19... Bh5 20. Be2 20... Be7 21. Rxh8 21... Bxe2 22. Kxe2 22... Kxh8 23. d3 23... Nc6 24. c3 24...
Re8 25. Bxh6 25... Bxh4 26. Kf3 26... Ne5 27.
Ke3 27... Kh7 28. Bf4 28... Ng6 29. g3 29... Bd8",1. 0:03:00 1... 0:03:00 2. 0:03:00 2... 0:02:57 3. 0:03:01 3... 0:02:56 4. 0:03:02 4... 0:02:57 5. 0:03:03 5... 0:02:56 6. 0:03:04 6... 0:02:57 7. 0:03:05 7... 0:02:52 8. 0:03:02 8... 0:02:48 9. 0:03:03 9... 0:02:36 10. 0:03:01 10... 0:02:33 11. 0:02:51 11... 0:02:34 12. 0:02:01 12... 0:02:30 13. 0:01:55 13... 0:01:42 14. 0:01:55 14... 0:01:44 15. 0:00:20 15... 0:01:43 16. 0:00:12 16... 0:01:32 17. 0:00:06 17... 0:01:33 18. 0:00:06 18... 0:01:27 19. 0:00:05 19... 0:01:27 20. 0:00:04 20... 0:01:29 21. 0:00:04 21... 0:01:28 22. 0:00:04 22... 0:01:29 23. 0:00:06 23... 0:01:30 24. 0:00:06 24... 0:01:26 25. 0:00:06 25... 0:01:26 26. 0:00:04 26... 0:01:25 27. 0:00:03 27... 0:01:22 28. 0:00:04 28... 0:01:18 29. 0:00:04 29... 0:01:13,
Rated Blitz game,https://lichess.org/8caz2Olo,2024.08.01,-,Janinhobsb,Anonimous1820,1-0,2024.08.01,00:03:21,1858,1861,,,C00,French Defense: Knight Variation,180+2,Normal,"1. e4 1... e6 2. Nf3 2... d5 3. exd5 3... exd5 4. Be2 4... Nf6 5. O-O 5... Bd6 6. d3 6...
O-O 7. Bg5 7... c6 8.
Nc3 8... Bg4 9. Nd4 9... Bxe2 10. Ncxe2 10... Nbd7 11. Re1 11... c5 12.
Nf3 12... d4 13. Ng3 13... Qc7 14. Ne4 14... Ng4 15. Nxd6 15... Qxd6 16. Be7",1. 0:03:00 1... 0:03:00 2. 0:03:00 2... 0:03:02 3. 0:03:01 3... 0:03:04 4. 0:03:02 4... 0:03:06 5. 0:03:04 5... 0:03:07 6. 0:03:02 6... 0:03:09 7. 0:03:00 7... 0:03:09 8. 0:02:56 8... 0:03:10 9. 0:02:56 9... 0:03:10 10. 0:02:52 10... 0:03:11 11. 0:02:44 11... 0:03:12 12. 0:02:44 12... 0:03:13 13. 0:02:42 13... 0:03:14 14. 0:02:38 14... 0:02:57 15. 0:02:35 15... 0:02:59 16. 0:02:35,
Rated Blitz game,https://lichess.org/YaANk0XE,2024.08.01,-,g0sly4,bors_s,0-1,2024.08.01,00:03:21,1223,1143,,,C50,Italian Game,180+2,Normal,"1. e4 1... e5 2. Nf3 2... Nc6 3. Bc4 3... a6 4. c3 4... b5 5. Bb3 5... Nf6 6. d3 6... d5 7. O-O 7... d4 8. cxd4 8... exd4 9. Re1 9...
Be7 10. e5 10... Ng4 11. Ng5 11... Bxg5 12. Bxg5 12... Qxg5 13. e6 13... fxe6 14. Bxe6 14... Qh6 15. Qxg4 15... Bxe6 16. Rxe6 16... Ne7 17. Qe4 17... Qg5 18. Qxa8 18... Kf7 19. Rxe7 19... Qxe7 20. Qxh8 20... Qe1",1. 0:03:00 1... 0:03:00 2. 0:03:01 2... 0:03:01 3. 0:03:03 3... 0:02:59 4. 0:03:04 4... 0:03:00 5. 0:03:03 5... 0:02:53 6. 0:03:01 6... 0:02:54 7. 0:02:44 7... 0:02:50 8. 0:02:45 8... 0:02:48 9. 0:02:41 9... 0:02:48 10. 0:02:41 10... 0:02:44 11. 0:02:22 11... 0:02:42 12. 0:02:24 12... 0:02:43 13. 0:02:20 13... 0:02:17 14. 0:02:19 14... 0:02:13 15. 0:02:16 15... 0:02:13 16. 0:02:17 16... 0:02:13 17. 0:02:08 17... 0:02:04 18. 0:02:04 18... 0:02:02 19. 0:02:05 19... 0:02:01 20. 0:02:05 20... 0:02:00,
Rated Blitz game,https://lichess.org/u491wDxu,2024.08.01,-,lolasosss,Yazanmeri,1-0,2024.08.01,00:03:21,1639,1669,,,D02,Queen's Pawn Game: Zukertort Variation,180+2,Time forfeit,"1. d4 1... d5 2. Nf3 2... Bf5 3. e3 3... e6 4. c4 4... c5 5. cxd5 5... exd5 6. Nc3 6... Nf6 7. dxc5 7... Bxc5 8.
Nd4 8... Bg6 9. Qa4 9... Nbd7 10. Bb5 10... O-O 11. O-O 11... Ne5 12.
Qd1 12... Qb6 13. Be2 13... Rad8 14. a3 14... Ne4 15. Nxe4 15... Bxe4 16. f3 16... Bg6 17. f4 17... Bxd4 18. exd4 18... Nc6 19. Be3 19... Bf5 20. b4 20... h6 21.
Bf3 21... Ne7 22. Rc1 22... Ng6 23. g3 23... Rd6 24. Re1 24... Bd7 25.
Qd2 25... Bb5 26. Rc5 26... Bc4 27. Rc1 27... Qa6 28. Ra1 28... b6 29.
Rc7 29... Qa4 30. Bg4 30... Ra8 31. f5 31... Nf8 32. Bf4 32... Rdd8 33.
f6 33... g5 34. Be5 34... Qe8 35. Bh5 35... Nd7 36. Re1 36... Nxe5 37.
Rxe5 37... Qf8 38. h4 38... Re8 39. Rxe8 39... Rxe8 40. hxg5 40... Re2 41.
Qf4 41... Re1 42. Kh2",1. 0:03:00 1... 0:03:00 2. 0:03:00 2... 0:03:02 3. 0:03:01 3... 0:03:04 4. 0:03:02 4... 0:03:05 5. 0:03:02 5... 0:03:05 6. 0:03:03 6... 0:03:05 7. 0:03:03 7... 0:03:07 8. 0:03:04 8... 0:03:06 9. 0:02:56 9... 0:03:05 10. 0:02:53 10... 0:03:03 11. 0:02:53 11... 0:02:58 12. 0:02:48 12... 0:02:56 13. 0:02:46 13... 0:02:46 14. 0:02:46 14... 0:02:35 15. 0:02:41 15... 0:02:37 16. 0:02:39 16... 0:02:36 17. 0:02:40 17... 0:02:15 18. 0:02:38 18... 0:02:15 19. 0:02:36 19... 0:02:09 20. 0:02:36 20... 0:02:03 21. 0:02:36 21... 0:01:55 22. 0:02:35 22... 0:01:49 23. 0:02:35 23... 0:01:30 24. 0:02:35 24... 0:01:30 25. 0:02:30 25... 0:01:30 26. 0:02:25 26... 0:01:30 27. 0:02:24 27... 0:01:26 28. 0:02:22 28... 0:01:26 29. 0:02:20 29... 0:01:12 30. 0:02:12 30... 0:01:05 31. 0:01:53 31... 0:00:59 32. 0:01:50 32... 0:00:53 33. 0:01:49 33... 0:00:40 34. 0:01:44 34... 0:00:40 35. 0:01:44 35... 0:00:33 36. 0:01:26 36... 0:00:19 37. 0:01:26 37... 0:00:19 38. 0:01:21 38... 0:00:17 39. 0:01:13 39... 0:00:18 40. 0:01:14 40... 0:00:14 41. 0:01:06 41... 0:00:04 42. 0:01:06,
Rated Blitz game,https://lichess.org/mDRR6R2o,2024.08.01,-,Tiburon_Sangriento,Zehh1970,1-0,2024.08.01,00:03:21,2183,2131,,,B40,Sicilian Defense: Wing Gambit Deferred,180+2,Normal,"1. e4 1... c5 2. Nf3 2... e6 3. b4 3... b6 4. bxc5 4... bxc5 5. c3 5... d5 6. e5 6... Qa5 7. a4 7... Ne7 8. Bb5 8... Bd7 9. Na3 9...
a6 10. Bxd7 10... Nxd7 11. O-O 11... Nc6 12.
d4 12... Rb8 13. c4 13... cxd4 14. Nxd4 14... Ndxe5 15. Nxc6 15... Nxc6 16. cxd5 16... Qxd5 17. Qe2 17... Qa5 18. Nc4 18... Qc3 19. Bb2 19... Nd4 20. Qe4 20... Qxc4 21.
Bxd4 21... Qd5 22. Qe3 22... Bd6 23. Rfd1 23... Qh5 24. g3 24... O-O 25.
Bxg7 25... Kxg7 26. Rxd6 26... Rfd8 27. Rad1 27... Qxd1 28. Rxd1 28... Rxd1 29. Kg2 29... Rbd8 30.
h4 30... R8d5 31. Qf4 31... a5 32. h5 32... h6 33. Qg4 33... Kh7 34.
Qe4 34... Kg7 35. Qc4 35... R1d4 36. Qc3 36... e5 37. Qc2 37... Kf6 38.
Qc6 38... Rd6 39. Qc5 39... Ke6 40. Qc1 40... Kd7 41. Qb1 41... Rxa4 42.
Qb5 42... Ke7 43. Qxa4 43... Rd5 44. Qc4 44... Kd6 45. Qa6 45... Kd7 46. Qxh6 46... a4 47.
Qa6 47... Rd4 48. h6 48... Rd6 49. Qa7 49... Ke6 50. h7 50... Rd8 51.
Qxa4 51... Kf6 52. Qh4",1. 0:03:00 1... 0:03:00 2. 0:03:00 2... 0:03:00 3. 0:03:00 3... 0:03:00 4. 0:02:59 4... 0:03:01 5. 0:02:59 5... 0:03:01 6. 0:02:59 6... 0:02:58 7. 0:02:52 7... 0:02:57 8. 0:02:52 8... 0:02:58 9. 0:02:40 9... 0:02:57 10. 0:02:33 10... 0:02:56 11. 0:02:33 11... 0:02:55 12. 0:02:31 12... 0:02:53 13. 0:02:28 13... 0:02:49 14. 0:02:25 14... 0:02:37 15. 0:02:01 15... 0:02:38 16. 0:01:31 16... 0:02:37 17. 0:00:57 17... 0:01:55 18. 0:00:51 18... 0:01:54 19. 0:00:46 19... 0:01:47 20. 0:00:14 20... 0:01:20 21. 0:00:14 21... 0:01:21 22. 0:00:11 22... 0:01:16 23. 0:00:10 23... 0:01:16 24. 0:00:10 24... 0:01:14 25. 0:00:10 25... 0:01:11 26. 0:00:11 26... 0:01:09 27. 0:00:10 27... 0:01:07 28. 0:00:11 28... 0:01:08 29. 0:00:12 29... 0:01:08 30. 0:00:12 30... 0:01:04 31. 0:00:10 31... 0:01:04 32. 0:00:11 32... 0:01:04 33. 0:00:11 33... 0:01:03 34. 0:00:11 34... 0:01:04 35. 0:00:11 35... 0:01:03 36. 0:00:12 36... 0:01:02 37. 0:00:11 37... 0:01:00 38. 0:00:10 38... 0:00:56 39. 0:00:10 39... 0:00:53 40. 0:00:09 40... 0:00:49 41. 0:00:08 41... 0:00:46 42. 0:00:07 42... 0:00:43 43. 0:00:08 43... 0:00:41 44. 0:00:08 44... 0:00:40 45. 0:00:08 45... 0:00:36 46. 0:00:09 46... 0:00:36 47. 0:00:08 47... 0:00:36 48. 0:00:09 48... 0:00:36 49. 0:00:10 49... 0:00:32 50. 0:00:10 50... 0:00:32 51. 0:00:11 51... 0:00:33 52. 0:00:11,
Rated Blitz game,https://lichess.org/zkTyvFMu,2024.08.01,-,PempGMate,BaBak_2023,0-1,2024.08.01,00:03:21,1118,1116,,,A44,Benoni Defense: Old Benoni,180+2,Normal,"1. d4 1... c5 2. d5 2... e5 3. e4 3... Nf6 4. Bd3 4... c4 5. Bxc4 5... Bc5 6. Qd3 6... Bxf2 7. Kxf2 7... Ng4 8.
Ke1 8... f5 9. Nf3 9... fxe4 10. Qxe4 10... d6 11. Bg5 11... Qa5 12.
c3 12... O-O 13. Nbd2 13... b5 14. Bb3 14... Ba6 15. h3 15... Rf4 16.
Bxf4 16... Nf6 17. Qf5 17... exf4 18. Qe6 18... Kh8 19. Qxd6 19... Nbd7 20. Qxf4 20... b4 21. c4 21... Rf8 22. Qd6 22... Re8 23. Kd1 23... Qd8 24. Qxa6 24... Re4 25.
Re1 25... Nc5 26. Rxe4 26... Nxa6",1. 0:03:00 1... 0:03:00 2. 0:03:00 2... 0:03:00 3. 0:03:00 3... 0:03:00 4. 0:02:55 4... 0:02:59 5. 0:02:46 5... 0:03:00 6. 0:02:37 6... 0:03:01 7. 0:02:35 7... 0:02:56 8. 0:02:22 8... 0:02:46 9. 0:02:15 9... 0:02:42 10. 0:02:13 10... 0:02:43 11. 0:02:11 11... 0:02:41 12. 0:02:03 12... 0:02:41 13. 0:01:52 13... 0:02:34 14. 0:01:46 14... 0:02:31 15. 0:01:34 15... 0:02:24 16. 0:01:32 16... 0:02:23 17. 0:01:17 17... 0:02:15 18. 0:01:06 18... 0:02:10 19. 0:00:50 19... 0:02:04 20. 0:00:48 20... 0:01:58 21. 0:00:43 21... 0:01:50 22. 0:00:40 22... 0:01:47 23. 0:00:39 23... 0:01:16 24. 0:00:37 24... 0:01:13 25. 0:00:24 25... 0:01:02 26. 0:00:24 26... 0:01:02,
Rated Blitz game,https://lichess.org/oAJTArxf,2024.08.01,-,persepolis66,wiliamh8,1-0,2024.08.01,00:03:21,1697,1707,,,D02,"Queen's Pawn Game: London System, with e6",180+2,Normal,"1. d4 1... e6 2. Bf4 2... d5 3. Nf3 3... Nf6 4. e3 4... Be7 5. Bb5 5... c6 6. Bd3 6...
Bd7 7. c3 7... O-O 8.
Qc2 8... h6 9. Nbd2 9... c5 10. Ne5 10... Nc6 11. Ndf3 11... cxd4 12. exd4 12... Rc8 13. a3 13... Nh5 14. Bg3 14... Nxg3 15. hxg3 15... Nxe5 16. Nxe5 16... Bf6 17.
f4 17... Bxe5 18. fxe5 18... f5 19. O-O-O 19... Qg5 20. Kb1 20... Qxg3 21.
Rh3 21... Qg5 22. Rdh1 22... Be8 23. Qb3 23... b6 24. Qc2 24... Bg6 25.
R3h2 25... Bh7 26. Qa4 26... Qd2 27. Bc2 27... f4 28. Bxh7 28... Kxh7 29. Qd7 29... Qd3 30. Ka1 30... Rxc3 31. Rxh6",1. 0:03:00 1... 0:03:00 2. 0:03:01 2... 0:02:57 3. 0:03:03 3... 0:02:55 4. 0:03:04 4... 0:02:54 5. 0:03:05 5... 0:02:52 6. 0:03:06 6... 0:02:52 7. 0:03:08 7... 0:02:52 8. 0:03:08 8... 0:02:51 9. 0:03:09 9... 0:02:51 10. 0:03:04 10... 0:02:45 11. 0:03:04 11... 0:02:41 12. 0:03:05 12... 0:02:32 13. 0:03:01 13... 0:01:52 14. 0:02:47 14... 0:01:40 15. 0:02:46 15... 0:01:39 16. 0:02:46 16... 0:01:38 17. 0:02:44 17... 0:01:37 18. 0:02:45 18... 0:01:35 19. 0:02:39 19... 0:01:33 20. 0:02:39 20... 0:01:29 21. 0:02:35 21... 0:01:28 22. 0:02:35 22... 0:01:23 23. 0:02:21 23... 0:01:16 24. 0:02:20 24... 0:00:37 25. 0:02:08 25... 0:00:33 26. 0:01:52 26... 0:00:30 27. 0:01:47 27... 0:00:26 28. 0:01:44 28... 0:00:27 29. 0:01:44 29... 0:00:14 30. 0:01:37 30... 0:00:13 31. 0:01:36,
Rated Blitz game,https://lichess.org/3FO3EyTR,2024.08.01,-,kevvvvvvv,Abdulazizasad,1-0,2024.08.01,00:03:21,1587,1566,,,A40,Horwitz Defense,180+2,Time forfeit,"1. d4 1... e6 2. h3 2... d5 3. a3 3... c5 4. dxc5 4... Bxc5 5. b4 5... Bd6 6. Nc3 6...
a6 7. h4 7... Nf6 8.
f4 8... Qc7 9. Qd2 9... Nh5 10. Nh3 10... O-O 11. e3 11... Nd7 12.
g4 12... Nhf6 13. Be2 13... e5 14. g5 14... Ne4 15. Nxe4 15... dxe4 16. Bb2 16... f6 17. O-O-O 17... a5 18. Qxd6 18... Qd8 19. Qd5 19... Kh8 20. fxe5 20... fxe5 21. Bxe5 21... axb4 22. axb4 22... Qb6 23. Qd6 23... Qxe3 24. Kb2 24... Qxe2 25. h5 25... Qxh5 26.
Nf4 26... Qe8 27. g6 27... Qxe5 28. Qxe5 28... Nxe5 29. Rxh7 29... Kg8 30. Rdh1 30... Nxg6 31. Nxg6 31... Kf7 32. Ne5 32... Kf6 33. Rf1 33... Kxe5 34. Rxf8 34... e3 35.
Rxg7",1. 0:03:00 1... 0:03:00 2. 0:03:01 2... 0:03:02 3. 0:03:02 3... 0:02:51 4. 0:03:02 4... 0:02:52 5. 0:03:03 5... 0:02:53 6. 0:02:58 6... 0:02:52 7. 0:02:56 7... 0:02:52 8. 0:02:54 8... 0:02:49 9. 0:02:49 9... 0:02:31 10. 0:02:46 10... 0:02:23 11. 0:02:46 11... 0:02:16 12. 0:02:47 12... 0:02:10 13. 0:02:47 13... 0:02:09 14. 0:02:48 14... 0:02:06 15. 0:02:48 15... 0:02:08 16. 0:02:41 16... 0:02:05 17. 0:02:34 17... 0:01:50 18. 0:02:25 18... 0:01:38 19. 0:02:18 19... 0:01:32 20. 0:02:09 20... 0:01:25 21. 0:01:56 21... 0:01:17 22. 0:01:46 22... 0:01:14 23. 0:01:06 23... 0:00:56 24. 0:01:00 24... 0:00:52 25. 0:01:00 25... 0:00:36 26. 0:01:00 26... 0:00:24 27. 0:00:47 27... 0:00:12 28. 0:00:46 28... 0:00:12 29. 0:00:46 29... 0:00:11 30. 0:00:44 30... 0:00:09 31. 0:00:42 31... 0:00:07 32. 0:00:40 32... 0:00:06 33. 0:00:38 33... 0:00:06 34. 0:00:39 34... 0:00:04 35. 0:00:38,
Rated Blitz game,https://lichess.org/f315QAZJ,2024.08.01,-,Margonza,Alva87,0-1,2024.08.01,00:03:21,1355,1384,,,A41,Queen's Pawn Game,180+2,Time forfeit,"1. d4 1... d6 2. Bf4 2... g6 3. e4 3... Bg7 4. Nf3 4... b6 5. Qd2 5... Bb7 6. Nc3 6... Nf6 7. Bh6 7... O-O 8.
Bxg7 8... Kxg7 9. Bd3 9... a6 10. O-O-O 10... c5 11. dxc5 11... bxc5 12. e5 12... Nd5 13. exd6 13... exd6 14. Ng5 14... Nb4 15. Bc4 15... Qf6 16. h4 16... Nd7 17.
Nge4 17... Bxe4 18. Nxe4 18... Qd8 19. Nxd6 19... Nb6 20. Qc3 20... Qf6 21. Qxf6 21... Kxf6 22. Nb7 22... Nxc4 23. Nxc5 23... Rfd8 24. Ne4 24... Kg7 25. a3 25... Rxd1 26. Rxd1 26... Nc6 27.
Rd7 27... N6e5 28. Rd5 28... Re8 29. Kb1 29... Nb6 30. Ra5 30... Nec4",1. 0:03:00 1... 0:03:00 2. 0:03:01 2... 0:03:01 3. 0:03:02 3... 0:03:02 4. 0:03:01 4... 0:03:03 5. 0:03:02 5... 0:03:04 6. 0:02:53 6... 0:03:04 7. 0:02:45 7... 0:03:04 8. 0:02:45 8... 0:03:05 9. 0:02:45 9... 0:03:03 10. 0:02:28 10... 0:03:03 11. 0:02:06 11... 0:03:03 12. 0:01:57 12... 0:03:01 13. 0:01:44 13... 0:02:58 14. 0:01:35 14... 0:02:43 15. 0:01:26 15... 0:02:31 16. 0:01:13 16... 0:02:08 17. 0:01:07 17... 0:01:50 18. 0:01:05 18... 0:01:23 19. 0:00:41 19... 0:01:17 20. 0:00:19 20... 0:01:07 21. 0:00:11 21... 0:01:08 22. 0:00:11 22... 0:01:02 23. 0:00:10 23... 0:00:49 24. 0:00:10 24... 0:00:49 25. 0:00:11 25... 0:00:49 26. 0:00:10 26... 0:00:48 27. 0:00:07 27... 0:00:46 28. 0:00:07 28... 0:00:40 29. 0:00:06 29... 0:00:36 30. 0:00:04 30... 0:00:32,
Rated Blitz game,https://lichess.org/dewxFaiZ,2024.08.01,-,Bjerrjke,emanmodnar,1-0,2024.08.01,00:03:21,977,944,,,C55,"Italian Game: Two Knights Defense, Modern Bishop's Opening",180+2,Normal,"1. e4 1... e5 2. Nf3 2... Nf6 3. Bc4 3... Nc6 4. d3 4... d5 5. Bxd5 5... Nxd5 6. exd5 6... Qxd5 7.
Nc3 7... Qd8 8. O-O 8... Nd4 9. Nxe5 9...
Bd6 10. Re1 10... Bxe5 11. Rxe5 11... Kf8 12. Ne4 12... Nc6 13. Rh5 13...
g6 14. Rh3 14... Bxh3 15. gxh3 15... Ne5 16. d4 16... Qd5 17. Bh6 17...
Kg8 18. Nf6",1. 0:03:00 0. 0:03:00 1... 0:03:02 0. 0:03:00 2. 0:03:03 0. 0:03:00 2... 0:03:04 0. 0:03:01 3. 0:03:02 0. 0:03:02 3... 0:03:02 0. 0:03:02 4. 0:03:04 0. 0:02:57 4... 0:03:05 0. 0:02:57 5. 0:03:07 0. 0:02:45 5... 0:03:01 0. 0:02:37 6. 0:03:01 0. 0:02:38 6... 0:02:29 0. 0:02:37 7. 0:02:16 0. 0:02:37 7... 0:02:14 0. 0:02:36 8. 0:02:16 0. 0:02:32 8... 0:02:14 0. 0:02:24 9. 0:02:12 0. 0:02:23 9... 0:02:09,
Rated Blitz game,https://lichess.org/m3ptXZfy,2024.08.01,-,DimitriBermuda,UmniySadoi,1-0,2024.08.01,00:03:59,1860,1856,,,C02,"French Defense: Advance Variation, Milner-Barry Gambit",180+2,Normal,"1. e4 1... e6 2. d4 2... d5 3. e5 3... c5 4. c3 4... Nc6 5. Nf3 5... Qb6 6. Bd3 6... Bd7 7. dxc5 7... Bxc5 8.
O-O 8... Nge7 9. b4 9... Bxb4 10. cxb4 10... Qxb4 11. Ba3 11... Qf4 12.
Re1 12... Ng6 13. Bxg6 13... hxg6 14. h3 14... g5 15. Qd2 15... Qf5 16.
Qxg5 16... Qxg5 17. Nxg5 17... Rh5 18. Nf3 18... a6 19. Nbd2 19... b5 20. Nb3 20... Rc8 21.
Bd6",1. 0:03:00 1... 0:03:00 2. 0:03:01 2... 0:03:01 3. 0:03:02 3... 0:03:02 4. 0:03:04 4... 0:03:04 5. 0:03:05 5... 0:03:02 6. 0:03:06 6... 0:03:02 7. 0:03:07 7... 0:03:02 8. 0:03:08 8... 0:03:03 9. 0:03:09 9... 0:03:00 10. 0:03:11 10... 0:03:02 11. 0:03:05 11... 0:02:58 12. 0:02:54 12... 0:02:56 13. 0:02:51 13... 0:02:57 14. 0:02:47 14... 0:02:57 15. 0:02:42 15... 0:02:55 16. 0:02:38 16... 0:02:48 17. 0:02:39 17... 0:02:46 18. 0:02:39 18... 0:02:45 19. 0:02:36 19... 0:02:46 20. 0:02:37 20... 0:02:42 21. 0:02:36,
Rated Blitz game,https://lichess.org/2gjXmac0,2024.08.01,-,Sohaib2009,ouais_c_greg,1-0,2024.08.01,00:03:59,1439,1430,,,C65,Ruy Lopez: Berlin Defense,180+2,Normal,"1. e4 1... e5 2. Nf3 2... Nc6 3. Bb5 3... Nf6 4. Bxc6 4... dxc6 5.
Nxe5 5... Bd6 6. d4 6... Nxe4 7. Qe2 7... Bb4 8. c3 8... Nxc3 9.
bxc3 9... Bxc3 10. Nxc3 10... O-O 11. O-O 11... Qxd4 12. Bb2 12... Re8 13. Rfe1 13... f6 14.
Rad1 14... Qxe5 15. Qxe5 15... fxe5 16. Nb1 16... Bf5 17. Rxe5 17... Bxb1 18. Rxe8 18... Rxe8 19. Rxb1 19... b5 20. h3 20... a5 21. a3 21...
c5 22. Rd1 22... Re6 23. Rd7 23... Rg6 24. Rxc7 24... Rg5 25. h4 25...
Rg4",1. 0:03:00 1... 0:03:00 2. 0:03:02 2... 0:03:02 3. 0:03:03 3... 0:03:04 4. 0:03:04 4... 0:03:05 5. 0:03:05 5... 0:03:05 6. 0:03:04 6... 0:03:01 7. 0:03:05 7... 0:02:54 8. 0:03:05 8... 0:02:51 9. 0:02:58 9... 0:02:53 10. 0:02:57 10... 0:02:55 11. 0:02:55 11... 0:02:56 12. 0:02:45 12... 0:02:50 13. 0:02:40 13... 0:02:49 14. 0:02:09 14... 0:02:41 15. 0:02:06 15... 0:02:43 16. 0:02:00 16... 0:02:36 17. 0:01:42 17... 0:02:25 18. 0:01:38 18... 0:02:27 19. 0:01:38 19... 0:02:26 20. 0:01:39 20... 0:02:27 21. 0:01:38 21... 0:02:27 22. 0:01:35 22... 0:02:22 23. 0:01:26 23... 0:02:09 24. 0:01:26 24... 0:02:10 25. 0:01:23 25... 0:02:08,
Rated Blitz game,https://lichess.org/WgUx9n9W,2024.08.01,-,RedmundJBeard,GaloDiaz,0-1,2024.08.01,00:03:59,1584,1600,,,D10,Slav Defense,180+2,Normal,"1. d4 1... c6 2. c4 2... d5 3. Nc3 3... Bf5 4. Nf3 4... Nf6 5. Bg5 5... h6 6. Bh4 6...
dxc4 7. a4 7... e6 8.
e3 8... Be7 9. Bxc4 9... O-O 10. Bg3 10... Bb4 11. O-O 11... Nbd7 12.
Qb3 12... Bxc3 13. bxc3 13... Nb6 14. Be2 14... Qd5 15. c4 15... Qd7 16. Ne5 16... Qc8 17.
Bd3 17... Bxd3 18. Nxd3 18... Rd8 19. Nc5 19... Nfd7 20. Nxb7 20... Qxb7 21. a5 21... Qc8 22.
axb6 22... Nxb6 23. Ra2 23... Qd7 24. Rfa1 24... g5 25. Ra6 25... Nc8 26. Qa3 26... Nd6 27.
Bxd6 27... Qxd6 28. Qxd6 28... Rxd6 29. Rxa7 29... Rb8 30. c5 30... Rdd8 31. Rc7 31... Rdc8 32.
Raa7 32... Rxc7 33. Rxc7 33... Rb1",1. 0:03:00 1... 0:03:00 2. 0:03:01 2... 0:03:02 3. 0:03:02 3... 0:03:00 4. 0:02:55 4... 0:03:01 5. 0:02:53 5... 0:03:00 6. 0:02:54 6... 0:02:52 7. 0:02:49 7... 0:02:43 8. 0:02:46 8... 0:02:40 9. 0:02:46 9... 0:02:40 10. 0:02:43 10... 0:02:31 11. 0:02:40 11... 0:02:20 12. 0:02:40 12... 0:02:19 13. 0:02:42 13... 0:02:08 14. 0:02:40 14... 0:01:40 15. 0:02:37 15... 0:01:27 16. 0:02:28 16... 0:01:22 17. 0:02:11 17... 0:01:15 18. 0:02:13 18... 0:01:12 19. 0:02:13 19... 0:00:39 20. 0:01:57 20... 0:00:37 21. 0:01:58 21... 0:00:09 22. 0:01:59 22... 0:00:11 23. 0:01:45 23... 0:00:08 24. 0:01:45 24... 0:00:03 25. 0:01:11 25... 0:00:03 26. 0:01:01 26... 0:00:04 27. 0:00:43 27... 0:00:02 28. 0:00:42 28... 0:00:04 29. 0:00:43 29... 0:00:03 30. 0:00:37 30... 0:00:03 31. 0:00:32 31... 0:00:03 32. 0:00:33 32... 0:00:03 33. 0:00:33 33... 0:00:01,
Rated Blitz game,https://lichess.org/q3ZEWoht,2024.08.01,-,ponderwonder,Alfredo_Dauto,0-1,2024.08.01,00:03:59,1564,1545,,,B21,Sicilian Defense: Smith-Morra Gambit Accepted,180+2,Normal,"1. e4 1... c5 2. d4 2... cxd4 3. c3 3... dxc3 4. Nxc3 4... e5 5. Bc4 5... Nf6 6. Nf3 6...
d6 7. Nd5 7... Nxd5 8.
exd5 8... h6 9. O-O 9... Bg4 10. Qb3 10... a6 11. Re1 11... b5 12.
Be2 12... Bf5 13. Nd4 13... Bc8 14. Nc6 14... Nxc6 15. dxc6 15... Qc7 16.
Bf3 16... Be7 17. Be3 17... O-O 18. Rad1 18... Kh8 19. a3 19... f5 20.
Bd5 20... f4 21. Bc1 21... Bg4 22. f3 22... Bh5 23. Qd3 23... Bf7 24.
Qe4 24... Bxd5 25. Qxd5 25... Bh4 26. Re2 26... Rab8 27. Rc2 27... a5 28. Qxd6 28... Qa7 29. Kh1 29... Rbd8 30. Qxf8 30... Rxf8 31. Bd2 31... Rc8 32. h3 32... Bg3 33. Be1 33... Bf2 34.
Bxf2 34... Qa6 35. c7 35... Kh7 36. Rd8 36... b4 37. Rxc8 37... Qxc8 38. axb4 38... axb4 39. b3 39... Kg6 40. Kg1 40... Kf5 41. Kf1 41... e4 42. fxe4 42... Kxe4 43. Rc4 43... Kd3 44. g3 44... f3 45. Rd4 45... Kc3 46. Rc4 46... Kxb3 47. g4 47... Kxc4",1. 0:03:00 1... 0:03:00 2. 0:02:58 2... 0:03:01 3. 0:02:59 3... 0:03:01 4. 0:03:01 4... 0:03:03 5. 0:03:01 5... 0:03:03 6. 0:03:02 6... 0:03:03 7. 0:02:50 7... 0:03:03 8. 0:02:44 8... 0:03:03 9. 0:02:44 9... 0:03:03 10. 0:02:37 10... 0:03:03 11. 0:02:30 11... 0:03:02 12. 0:02:26 12... 0:02:50 13. 0:02:05 13... 0:02:50 14. 0:02:01 14... 0:02:50 15. 0:02:02 15... 0:02:49 16. 0:01:58 16... 0:02:41 17. 0:01:54 17... 0:02:41 18. 0:01:51 18... 0:02:41 19. 0:01:49 19... 0:02:41 20. 0:01:48 20... 0:02:27 21. 0:01:40 21... 0:02:22 22. 0:01:40 22... 0:02:05 23. 0:01:37 23... 0:01:53 24. 0:01:32 24... 0:01:53 25. 0:01:33 25... 0:01:35 26. 0:01:31 26... 0:01:32 27. 0:01:30 27... 0:01:21 28. 0:01:30 28... 0:01:08 29. 0:01:22 29... 0:01:04 30. 0:01:03 30... 0:01:04 31. 0:00:55 31... 0:00:41 32. 0:00:45 32... 0:00:41 33. 0:00:31 33... 0:00:34 34. 0:00:28 34... 0:00:31 35. 0:00:25 35... 0:00:30 36. 0:00:19 36... 0:00:27 37. 0:00:19 37... 0:00:28 38. 0:00:20 38... 0:00:29 39. 0:00:22 39... 0:00:21 40. 0:00:23 40... 0:00:21 41. 0:00:22 41... 0:00:22 42. 0:00:23 42... 0:00:23 43. 0:00:24 43... 0:00:19 44. 0:00:23 44... 0:00:16 45. 0:00:23 45... 0:00:15 46. 0:00:24 46... 0:00:16 47. 0:00:23 47... 0:00:14,
Rated Blitz game,https://lichess.org/GBUx4YlE,2024.08.01,-,sanlopezctr,KhuzaTri,1/2-1/2,2024.08.01,00:03:59,1258,1198,,,D05,Queen's Pawn Game: Colle System,180+2,Normal,"1. d4 1... d5 2. Nf3 2... e6 3. e3 3... Nf6 4. c3 4... Be7 5. Nbd2 5... O-O 6. Bd3 6... Nbd7 7. O-O 7... c5 8. Re1 8... c4 9. Bc2 9... b5 10. e4 10... Bb7 11.
e5 11... Ne4 12. Nf1 12... a5 13. Ng3 13... Nxg3 14. fxg3 14... b4 15.
Be3 15... a4 16. Qb1 16... b3 17. Bxh7 17... Kh8 18. a3 18... g6 19.
Bh6 19... Kxh7 20. Bxf8 20... Qxf8 21. Qc1 21... Kg7 22. Qf4 22... f5 23. Ng5 23... Bxg5 24.
Qxg5 24... Qf7 25. h4 25... Rh8 26. Kf2 26... Rh5 27. Qf4 27... Nf8 28.
Rh1 28... Nh7 29. g4 29... fxg4 30. Qxf7 30... Kxf7 31. Raf1 31... Rf5 32. Kg3 32... Rxf1 33. Rxf1 33... Kg7 34. Kxg4 34... Bc6 35. h5 35... Nf8 36. Rh1 36... gxh5 37. Rxh5 37... Kg6 38. Rg5 38... Kf7 39. Kh5 39... Ng6 40. g4 40... Be8 41. Kh6 41... Nf4 42.
Rg7 42... Kf8 43. g5 43... Nd3 44. Kh7 44... Nxb2 45. Rg8 45... Ke7 46.
g6 46... Bxg6 47. Rxg6 47... Nd3 48. Rg7 48... Kf8 49. Ra7 49... b2 50. Rb7 50... Ke8 51.
Kg7 51... Kd8 52. Kf7 52... Kc8 53. Rb6 53... Kc7 54. Rb5 54... Kc6 55.
Rb8 55... Kc7 56. Rb5 56... Kc6 57. Rb8 57... Kc7 58. Rb5",1. 0:03:00 1... 0:03:00 2. 0:03:00 2... 0:03:01 3. 0:03:02 3... 0:03:02 4. 0:03:01 4... 0:03:04 5. 0:03:02 5... 0:03:05 6. 0:03:03 6... 0:03:06 7. 0:03:05 7... 0:03:08 8. 0:03:05 8... 0:03:09 9. 0:03:06 9... 0:03:10 10. 0:03:07 10... 0:03:02 11. 0:03:08 11... 0:03:02 12. 0:03:00 12... 0:03:01 13. 0:02:58 13... 0:03:00 14. 0:02:57 14... 0:02:57 15. 0:02:45 15... 0:02:51 16. 0:02:06 16... 0:02:51 17. 0:02:06 17... 0:02:51 18. 0:01:57 18... 0:02:51 19. 0:01:52 19... 0:02:50 20. 0:01:52 20... 0:02:44 21. 0:01:35 21... 0:02:40 22. 0:01:35 22... 0:02:35 23. 0:01:27 23... 0:02:25 24. 0:01:27 24... 0:02:22 25. 0:01:17 25... 0:02:21 26. 0:01:05 26... 0:02:19 27. 0:01:05 27... 0:02:09 28. 0:01:06 28... 0:02:07 29. 0:00:55 29... 0:02:05 30. 0:00:50 30... 0:02:05 31. 0:00:44 31... 0:02:04 32. 0:00:42 32... 0:02:04 33. 0:00:43 33... 0:02:04 34. 0:00:45 34... 0:01:47 35. 0:00:33 35... 0:01:40 36. 0:00:28 36... 0:01:39 37. 0:00:28 37... 0:01:36 38. 0:00:27 38... 0:01:34 39. 0:00:25 39... 0:01:32 40. 0:00:24 40... 0:01:25 41. 0:00:24 41... 0:01:21 42. 0:00:20 42... 0:01:21 43. 0:00:14 43... 0:01:17 44. 0:00:14 44... 0:01:17 45. 0:00:13 45... 0:01:17 46. 0:00:14 46... 0:01:16 47. 0:00:15 47... 0:01:16 48. 0:00:15 48... 0:01:17 49. 0:00:16 49... 0:01:18 50. 0:00:14 50... 0:01:13 51. 0:00:15 51... 0:01:14 52. 0:00:16 52... 0:01:16 53. 0:00:15 53... 0:01:17 54. 0:00:15 54... 0:01:18 55. 0:00:16 55... 0:01:20 56. 0:00:17 56... 0:01:21 57. 0:00:17 57... 0:01:22 58. 0:00:14,
Rated Blitz game,https://lichess.org/PJcfk1Jo,2024.08.01,-,Ahmed_gronbasa1,GeoffreyAntonio19,0-1,2024.08.01,00:03:59,1887,1867,,,B01,Scandinavian Defense: Icelandic-Palme Gambit,180+2,Normal,"1. e4 1... d5 2. exd5 2... Nf6 3. c4 3... e6 4. dxe6 4... Bxe6 5. Nc3 5... c5 6. Nf3 6...
Nc6 7. d3 7... Bd6 8.
Be2 8... Qc7 9. O-O 9... Nd4 10. h3 10... O-O-O 11. Nxd4 11... cxd4 12. Nb5 12... Qb8 13. Nxd6 13... Qxd6 14. a4 14... Rdg8 15. b4 15... g5 16. c5 16... Qe5 17.
Qc2 17... g4 18. c6 18... b6 19. hxg4 19... Nxg4 20. a5 20... Qh2",1. 0:03:00 1... 0:03:00 2. 0:03:01 2... 0:03:01 3. 0:03:00 3... 0:03:02 4. 0:02:59 4... 0:03:04 5. 0:02:58 5... 0:03:04 6. 0:02:58 6... 0:03:05 7. 0:02:52 7... 0:02:59 8. 0:02:53 8... 0:02:57 9. 0:02:55 9... 0:02:57 10. 0:02:49 10... 0:02:50 11. 0:02:39 11... 0:02:50 12. 0:02:40 12... 0:02:51 13. 0:02:39 13... 0:02:51 14. 0:02:22 14... 0:02:51 15. 0:02:23 15... 0:02:52 16. 0:02:12 16... 0:02:51 17. 0:02:06 17... 0:02:51 18. 0:02:07 18... 0:02:51 19. 0:02:00 19... 0:02:51 20. 0:01:41 20... 0:02:48,
Rated Blitz game,https://lichess.org/Xn6FOXdw,2024.08.01,-,ericendenich,Jean_Mtl,0-1,2024.08.01,00:03:59,1386,1359,,,B01,Scandinavian Defense: Modern Variation,180+2,Normal,"1. e4 1... d5 2. exd5 2... Nf6 3. Bb5 3... Bd7 4. Bxd7 4... Qxd7 5.
c4 5... c6 6. dxc6 6... Qxc6 7. Qf3 7... Qxc4 8. Qxb7 8... Qxc1 9.
Ke2 9... Qc6 10. Qxc6 10... Nxc6 11. Nc3 11... e6 12. Nf3 12... a6 13.
Rac1 13... Rc8 14. Rhd1 14... Be7 15. a3 15...
O-O 16. Kf1 16... h6 17. h3 17... Rfd8 18. b4 18... Nd4 19. Nxd4 19... Rxd4 20. Ne2 20... Rd3 21. Rxc8 21... Kh7 22. Rc7 22... Bd6 23. Rc6 23... Be5 24. Rxa6 24... Nd5 25. Ra7 25... f6 26. g3 26... Bb2 27.
Rd7 27... Bxa3 28. Kg2 28... Bxb4 29. Nf4 29... Nxf4 30. gxf4 30... Rxd7 31. f3 31... Rxd2 32. Rxd2 32... Bxd2 33. Kf2 33... Bxf4 34. Ke2 34... g5 35. Kd3 35... h5 36.
Ke4 36... f5 37. Kd3 37... g4 38. hxg4 38... fxg4 39. Ke4 39... Bc7 40.
fxg4 40... hxg4 41. Ke3 41... g3 42. Kf3 42...
Kh6 43. Kg4 43... e5 44. Kxg3 44... e4 45. Kf2 45... Bb6 46. Ke2 46... e3 47. Kf3 47... Kg5 48. Ke2 48... Kf4 49.
Ke1 49... Kf3 50. Kf1 50... Bc5 51. Ke1 51... e2 52. Kd2 52... Kf2 53.
Kd3 53... e1=Q",1. 0:03:00 1... 0:03:00 2. 0:03:01 2... 0:03:01 3. 0:02:57 3... 0:02:59 4. 0:02:39 4... 0:02:57 5. 0:02:39 5... 0:02:43 6. 0:02:25 6... 0:02:42 7. 0:01:56 7... 0:02:03 8. 0:01:56 8... 0:02:03 9. 0:01:51 9... 0:02:01 10. 0:01:37 10... 0:02:00 11. 0:01:37 11... 0:02:00 12. 0:01:36 12... 0:01:42 13. 0:01:35 13... 0:01:32 14. 0:01:30 14... 0:01:27 15. 0:01:21 15... 0:01:27 16. 0:01:21 16... 0:01:16 17. 0:01:21 17... 0:01:13 18. 0:01:21 18... 0:01:12 19. 0:01:21 19... 0:01:12 20. 0:01:21 20... 0:01:08 21. 0:01:21 21... 0:01:07 22. 0:01:12 22... 0:01:06 23. 0:01:11 23... 0:01:06 24. 0:01:09 24... 0:01:05 25. 0:00:55 25... 0:00:57 26. 0:00:53 26... 0:00:51 27. 0:00:49 27... 0:00:48 28. 0:00:41 28... 0:00:48 29. 0:00:40 29... 0:00:47 30. 0:00:39 30... 0:00:48 31. 0:00:37 31... 0:00:48 32. 0:00:37 32... 0:00:49 33. 0:00:39 33... 0:00:50 34. 0:00:40 34... 0:00:51 35. 0:00:40 35... 0:00:52 36. 0:00:40 36... 0:00:49 37. 0:00:40 37... 0:00:50 38. 0:00:40 38... 0:00:50 39. 0:00:39 39... 0:00:46 40. 0:00:36 40... 0:00:47 41. 0:00:36 41... 0:00:47 42. 0:00:37 42... 0:00:49 43. 0:00:36 43... 0:00:49 44. 0:00:37 44... 0:00:50 45. 0:00:38 45... 0:00:48 46. 0:00:38 46... 0:00:49 47. 0:00:37 47... 0:00:51 48. 0:00:38 48... 0:00:52 49. 0:00:39 49... 0:00:53 50. 0:00:38 50... 0:00:51 51. 0:00:39 51... 0:00:49 52. 0:00:39 52... 0:00:50 53. 0:00:38 53... 0:00:50,
Rated Blitz game,https://lichess.org/ZaXt5bWu,2024.08.01,-,Akshay600,Ruslan1984,1-0,2024.08.01,00:03:59,1819,1813,,,C50,Italian Game: Paris Defense,180+2,Normal,"1. e4 1... e5 2. Bc4 2... Nc6 3. Nf3 3... d6 4. d4 4... Bg4 5. dxe5 5... Nxe5 6. Be2 6...
Nxf3 7. Bxf3 7... Bxf3 8. Qxf3 8... Qf6 9.
Qb3 9... O-O-O 10. Be3 10... a6 11. Nd2 11... Nh6 12. f3 12... d5 13. h4 13... dxe4 14. Bg5 14... Qd6 15. Bxd8 15... Qxd8 16. fxe4 16... Ng4 17.
Qxf7 17... Bc5 18. Qf5 18... Qd7 19. Qxc5 19... Re8 20. O-O-O 20... Nf2 21. Qxf2",1. 0:03:00 1... 0:03:00 2. 0:03:01 2... 0:03:01 3. 0:03:02 3... 0:03:01 4. 0:03:03 4... 0:03:00 5. 0:03:03 5... 0:03:00 6. 0:03:04 6... 0:02:48 7. 0:03:05 7... 0:02:49 8. 0:03:05 8... 0:02:50 9. 0:03:04 9... 0:02:50 10. 0:03:03 10... 0:02:51 11. 0:03:03 11... 0:02:41 12. 0:03:00 12... 0:02:33 13. 0:03:00 13... 0:02:32 14. 0:03:01 14... 0:02:21 15. 0:03:01 15... 0:02:22 16. 0:03:00 16... 0:02:15 17. 0:02:48 17... 0:01:54 18. 0:02:46 18... 0:01:55 19. 0:02:43 19... 0:01:55 20. 0:02:36 20... 0:01:54 21. 0:02:37,
Rated Blitz game,https://lichess.org/5U3JcgPB,2024.08.01,-,cryptoathlete76,lhmolia,0-1,2024.08.01,00:03:59,1135,1172,,,D01,Richter-Veresov Attack: Veresov Variation,180+2,Normal,"1. d4 1... d5 2. Nc3 2... Nf6 3. Bg5 3... Bf5 4. Bxf6 4... exf6 5.
Qd2 5... Nc6 6. a3 6... a6 7. O-O-O 7... h6 8. h3 8... Bh7 9. f3 9... Na5 10. e4 10...
Nc4 11. Qd3 11... c6 12. Nge2 12... Bd6 13. g4 13... g5 14. h4 14...
Qe7 15. hxg5 15... fxg5 16. Kb1 16... Bg6 17.
Na2 17... h5 18. gxh5 18... Bxh5 19. exd5 19... cxd5 20. Nec3 20... Qf6 21.
Nxd5 21... Qxf3 22. Qxc4 22... Qxd1 23. Nc1 23... Bf3 24. Nf6 24... Ke7 25. Nd5 25... Bxd5 26. Qxd5 26... Rxh1 27. Qxh1 27... Rc8 28. Qe4 28... Kd7 29. Bd3 29... g4 30. Qf5 30... Kc7 31.
Qxf7 31... Kb8 32. Qg7 32... g3 33. Qxg3 33... Bxg3",1. 0:03:00 1... 0:03:00 2. 0:03:01 2... 0:03:01 3. 0:03:01 3... 0:03:02 4. 0:03:00 4... 0:03:02 5. 0:02:58 5... 0:03:02 6. 0:02:57 6... 0:03:00 7. 0:02:55 7... 0:03:00 8. 0:02:56 8... 0:03:01 9. 0:02:53 9... 0:02:54 10. 0:02:47 10... 0:02:54 11. 0:02:35 11... 0:02:54 12. 0:02:05 12... 0:02:50 13. 0:01:30 13... 0:02:36 14. 0:01:27 14... 0:02:33 15. 0:01:25 15... 0:02:32 16. 0:01:18 16... 0:02:26 17. 0:01:01 17... 0:02:12 18. 0:00:41 18... 0:02:05 19. 0:00:35 19... 0:01:53 20. 0:00:22 20... 0:01:45 21. 0:00:21 21... 0:01:34 22. 0:00:13 22... 0:01:34 23. 0:00:13 23... 0:01:18 24. 0:00:12 24... 0:01:16 25. 0:00:05 25... 0:01:14 26. 0:00:06 26... 0:01:13 27. 0:00:03 27... 0:01:01 28. 0:00:04 28... 0:00:56 29. 0:00:05 29... 0:00:52 30. 0:00:07 30... 0:00:51 31. 0:00:08 31... 0:00:51 32. 0:00:08 32... 0:00:49 33. 0:00:07 33... 0:00:49,
Rated Blitz game,https://lichess.org/nsbIO8ce,2024.08.01,-,Gregshm,hasankose1983,1-0,2024.08.01,00:03:59,1941,1946,,,E87,"King's Indian Defense: Sämisch Variation, Closed Variation",180+2,Time forfeit,"1. d4 1... Nf6 2. c4 2... g6 3. f3 3... Bg7 4. e4 4... d6 5. Nc3 5... O-O 6. Be3 6... e5 7. d5 7... a5 8. Qd2 8... Na6 9. O-O-O 9...
Ne8 10. Bh6 10... Nc5 11. Bxg7 11... Kxg7 12. g4 12... a4 13. h4 13...
a3 14. b3 14... c6 15.
h5 15... g5 16. h6 16... Kh8 17. Nge2 17... f6 18. Bg2 18... Qb6 19.
Kc2 19... Bd7 20. Rb1 20... Nc7 21. Ng3 21... N7a6 22. Nf5 22... Nb4 23.
Kd1 23... Ncd3 24. Nxd6 24... Nf2 25. Ke2 25... Nxh1 26. Bxh1 26... cxd5 27. Nxd5 27... Nxd5 28. Qxd5 28... Qd4 29. Nf7 29... Kg8 30. Nxe5 30... Qxd5 31. exd5 31... fxe5 32. Kd3 32... Rfd8 33.
Ke4 33... Re8 34. Rc1 34... Kf7 35. c5 35... Rac8 36. Bg2 36... Kf6 37.
Bf1",1. 0:03:00 1... 0:03:00 2. 0:03:01 2... 0:03:01 3. 0:03:00 3... 0:03:02 4. 0:03:00 4... 0:03:03 5. 0:03:01 5... 0:03:04 6. 0:03:01 6... 0:02:58 7. 0:03:02 7... 0:02:59 8. 0:03:03 8... 0:02:57 9. 0:03:03 9... 0:02:52 10. 0:03:02 10... 0:02:49 11. 0:03:03 11... 0:02:50 12. 0:03:04 12... 0:02:50 13. 0:03:04 13... 0:02:50 14. 0:03:05 14... 0:02:49 15. 0:03:04 15... 0:02:44 16. 0:02:55 16... 0:02:42 17. 0:02:47 17... 0:01:55 18. 0:02:47 18... 0:01:46 19. 0:02:45 19... 0:01:30 20. 0:02:46 20... 0:00:52 21. 0:02:44 21... 0:00:53 22. 0:02:41 22... 0:00:54 23. 0:02:41 23... 0:00:44 24. 0:02:34 24... 0:00:44 25. 0:02:33 25... 0:00:42 26. 0:02:34 26... 0:00:38 27. 0:02:31 27... 0:00:32 28. 0:02:29 28... 0:00:14 29. 0:02:20 29... 0:00:09 30. 0:02:14 30... 0:00:10 31. 0:02:14 31... 0:00:11 32. 0:02:06 32... 0:00:09 33. 0:02:06 33... 0:00:09 34. 0:02:04 34... 0:00:10 35. 0:02:05 35... 0:00:10 36. 0:02:05 36... 0:00:11 37. 0:02:05,
Rated Blitz game,https://lichess.org/J7lOniZk,2024.08.01,-,vladislav_savitsky,SerenadeForWinds,1-0,2024.08.01,00:03:59,956,1086,,,D02,Queen's Pawn Game: Chigorin Variation,180+2,Normal,"1. Nf3 1... d5 2. d4 2... Nc6 3. h4 3... Nf6 4. Nc3 4... Bg4 5. Ne5 5... Nxd4 6. Nxg4 6...
Nxg4 7. Qxd4 7... Nf6 8. Bg5 8... c6 9. Bxf6 9... exf6 10. Qe3 10... Be7 11. O-O-O 11... O-O 12. g3 12... Qb6 13. Qxe7 13... Rfe8 14. Qd6 14... Rad8 15. Qf4 15... d4 16. Ne4 16... Rd5 17.
Nd6 17... Re7 18. Bg2 18... Rb5 19. Nxb5 19... Qxb5 20. Qxd4 20... Qxe2 21. Qd8 21... Re8 22. Qd7 22... h6 23. b3 23...
Kh7 24. Qf5 24... g6 25. Qxf6 25... Rf8 26. h5 26... gxh5 27. Rd6 27... Qg4 28. Qxh6 28... Kg8 29. Rxh5",1. 0:03:00 1... 0:03:00 2. 0:03:01 2... 0:03:01 3. 0:03:01 3... 0:03:01 4. 0:02:51 4... 0:02:57 5. 0:02:48 5... 0:02:56 6. 0:02:49 6... 0:02:57 7. 0:02:48 7... 0:02:56 8. 0:02:45 8... 0:02:46 9. 0:02:45 9... 0:02:44 10. 0:02:43 10... 0:02:44 11. 0:02:43 11... 0:02:42 12. 0:02:44 12... 0:02:40 13. 0:02:39 13... 0:02:34 14. 0:02:34 14... 0:02:28 15. 0:02:26 15... 0:02:14 16. 0:02:20 16... 0:02:02 17. 0:02:19 17... 0:01:44 18. 0:02:18 18... 0:01:41 19. 0:02:16 19... 0:01:42 20. 0:02:14 20... 0:01:42 21. 0:02:15 21... 0:01:42 22. 0:02:05 22... 0:01:22 23. 0:01:55 23... 0:01:14 24. 0:01:51 24... 0:01:14 25. 0:01:47 25... 0:01:02 26. 0:01:46 26... 0:01:01 27. 0:01:35 27... 0:00:51 28. 0:01:35 28... 0:00:51 29. 0:01:25,
Rated Blitz game,https://lichess.org/vVeqyONr,2024.08.01,-,strength_M,Luchoplata,1-0,2024.08.01,00:03:59,1962,2056,,,A40,Englund Gambit Complex: Englund Gambit,180+2,Normal,"1. d4 1... e5 2. dxe5 2... Nc6 3. Nf3 3... Qe7 4. Nc3 4... Nxe5 5.
Nxe5 5... Qxe5 6. e4 6... c6 7. Bd3 7... Bc5 8. O-O 8... Ne7 9. Kh1 9... O-O 10. f4 10...
Qc7 11. Bd2 11... b5 12. a3 12... Bb7 13. Qh5 13... g6 14. Qxc5",1. 0:03:00 1... 0:03:00 2. 0:03:01 2... 0:03:01 3. 0:03:01 3... 0:03:02 4. 0:03:00 4... 0:03:02 5. 0:03:00 5... 0:03:02 6. 0:03:01 6... 0:03:03 7. 0:02:59 7... 0:03:02 8. 0:02:59 8... 0:02:58 9. 0:02:59 9... 0:02:45 10. 0:03:00 10... 0:02:42 11. 0:02:57 11... 0:02:41 12. 0:02:56 12... 0:02:11 13. 0:02:57 13... 0:01:31 14. 0:02:56,
Rated Blitz game,https://lichess.org/OuwgFN63,2024.08.01,-,Alexis_ON,tjlarena,1/2-1/2,2024.08.01,00:03:59,1893,2011,,,B13,Caro-Kann Defense: Exchange Variation,180+2,Normal,"1. e4 1... c6 2. d4 2... d5 3. exd5 3... cxd5 4. Nf3 4... Nf6 5. Be2 5... Nc6 6. c3 6...
Bg4 7. h3 7... Bxf3 8.
Bxf3 8... e6 9. O-O 9... Bd6 10. Bg5 10... Rc8 11. Re1 11... O-O 12.
Nd2 12... Bb8 13. Nf1 13... Qd6 14. Bxf6 14... gxf6 15. Qd2 15... f5 16.
Qg5 16... Kh8 17. Qf6 17... Kg8 18. Qg5 18... Kh8 19. Qf6 19... Kg8 20. Qg5",1. 0:03:00 1... 0:03:00 2. 0:03:01 2... 0:03:01 3. 0:03:01 3... 0:03:01 4. 0:03:03 4... 0:03:03 5. 0:03:04 5... 0:03:04 6. 0:03:03 6... 0:03:05 7. 0:03:03 7... 0:03:06 8. 0:03:04 8... 0:03:07 9. 0:03:05 9... 0:03:09 10. 0:03:05 10... 0:03:09 11. 0:03:03 11... 0:03:06 12. 0:03:03 12... 0:03:05 13. 0:02:55 13... 0:02:59 14. 0:02:37 14... 0:02:59 15. 0:02:38 15... 0:02:57 16. 0:02:38 16... 0:02:58 17. 0:02:29 17... 0:02:58 18. 0:02:28 18... 0:02:59 19. 0:02:29 19... 0:03:00 20. 0:02:31,
Rated Blitz tournament https://lichess.org/tournament/9ItBGKQi,https://lichess.org/LRFC2R0z,2024.08.01,-,NalinisGambit,ClubColombiaTuq,0-1,2024.08.01,00:03:46,875,1745,,,A43,Benoni Defense: Old Benoni,180+2,Normal,"1. d4 1... c5 2. e3 2... e6 3. Nc3 3... Nc6 4. dxc5 4... Bxc5 5.
Nb5 5... Nge7 6. Nf3 6... a6 7. Nc3 7... d5 8. Ne2 8... O-O 9. Ng5 9... h6 10. Nxf7 10... Rxf7 11. f4 11... e5 12. g3 12... exf4 13. exf4 13... Bg4 14. h3 14... Bf3 15. Rh2 15... d4 16.
c3 16... d3 17. Ng1 17... Bxd1 18. Kxd1 18... Bxg1 19. Bxd3 19... Bxh2 20. Be3 20... Qxd3 21. Ke1 21... Qxe3 22. Kd1 22... Rd8 23. Kc2 23... Rd2 24. Kb3 24... Nd5 25.
Ka4 25... Qb6 26. Ka3 26... Qxb2 27. Ka4 27... Nxc3",1. 0:03:00 1... 0:01:30 2. 0:03:00 2... 0:01:28 3. 0:03:00 3... 0:01:26 4. 0:03:01 4... 0:01:25 5. 0:03:01 5... 0:01:22 6. 0:03:00 6... 0:01:21 7. 0:03:00 7... 0:01:19 8. 0:02:59 8... 0:01:18 9. 0:03:00 9... 0:01:17 10. 0:03:01 10... 0:01:15 11. 0:03:03 11... 0:01:14 12. 0:03:03 12... 0:01:13 13. 0:03:03 13... 0:01:11 14. 0:02:58 14... 0:01:09 15. 0:02:58 15... 0:01:08 16. 0:02:56 16... 0:01:06 17. 0:02:51 17... 0:01:04 18. 0:02:52 18... 0:01:03 19. 0:02:52 19... 0:00:59 20. 0:02:49 20... 0:00:57 21. 0:02:49 21... 0:00:56 22. 0:02:50 22... 0:00:55 23. 0:02:51 23... 0:00:48 24. 0:02:53 24... 0:00:44 25. 0:02:52 25... 0:00:41 26. 0:02:51 26... 0:00:35 27. 0:02:51 27... 0:00:34,
Rated Blitz game,https://lichess.org/fG3ntFLU,2024.08.01,-,walaasarwat,hargija,1-0,2024.08.01,00:03:36,2305,2200,,,B06,Modern Defense: Two Knights Variation,180+2,Time forfeit,"1. e4 1... g6 2. d4 2... Bg7 3. Nf3 3... d6 4. Nc3 4... a6 5. a4 5... e6 6.
Be3 6... Ne7 7.
Qd2 7... h6 8.
h4 8... b6 9.
Bd3 9... Bb7 10. h5 10... g5 11. Nh2 11... Nd7 12. f4 12... gxf4 13. Bxf4 13... Nc6 14.
d5 14... Nce5 15. dxe6 15... Nxd3 16. cxd3 16...
fxe6 17. Ng4 17... Nc5 18. Qe3 18... e5 19. Bxh6 19... Bxh6 20. Nxh6 20...
Nxd3 21. Qxd3 21... Rxh6 22.
Nd5 22... c6 23. Ne3 23... Qg5 24. Nf5 24...
Rf6 25. Nxd6 25... Rxd6 26. Qxd6 26... Qe3 27.
Kf1 27... Qf4 28. Kg1 28...
Qe3 29. Kh2 29... Qf4 30. g3 30... Qf2 31.
Kh3 31... Bc8 32. Kh4",1. 0:03:00 0. 0:03:00 1... 0:02:59 0. 0:03:01 2. 0:03:00 0. 0:03:03 2... 0:02:59 0. 0:03:03 3. 0:03:00 0. 0:03:02 3... 0:03:00 0. 0:03:03 4. 0:03:00 0. 0:03:05 4... 0:03:00 0. 0:03:04 5. 0:02:57 0. 0:03:05 5... 0:02:57 0. 0:03:06 6. 0:02:58 0. 0:03:07 6... 0:02:59 1. 0:03:07 7. 0:02:59 0. 0:02:24 7... 0:02:38 1. 0:02:01 8. 0:02:35 0. 0:01:58 8... 0:02:32 0. 0:02:00 9. 0:02:20 0. 0:01:44 9... 0:02:10 0. 0:01:06 10. 0:01:54 0. 0:01:06 10... 0:01:54 0. 0:01:01 11. 0:01:54 0. 0:01:01 11... 0:01:42 0. 0:00:27 12. 0:01:40 0. 0:00:20 12... 0:01:26 0. 0:00:05 13. 0:01:17 0. 0:00:02 13... 0:01:17 0. 0:00:03 14. 0:01:02 0. 0:00:04 14... 0:01:02 0. 0:00:05 15. 0:01:02 0. 0:00:06 15... 0:00:56 0. 0:00:06 16. 0:00:57 0. 0:00:07 16... 0:00:58,
Rated Blitz tournament https://lichess.org/tournament/UkN7F9SL,https://lichess.org/rek0Q5qB,2024.08.01,-,xaviermontero,Lucas_zhen_chess,0-1,2024.08.01,00:03:31,1011,1561,,,B50,"Sicilian Defense: Delayed Alapin Variation, with d6",180+2,Normal,"1. e4 1... c5 2. Nf3 2... d6 3. c3 3... Nf6 4. Bd3 4... Qc7 5. O-O 5... Bd7 6. Re1 6... Nc6 7. c4 7... Nd4 8. Nxd4 8... cxd4 9. Qb3 9...
e5 10. Na3 10... Be6 11. Nb5 11... Qc6 12. Qb4 12... a6 13. Nxd6 13... Bxd6",1. 0:03:00 1... 0:03:00 2. 0:03:01 2... 0:03:01 3. 0:03:02 3... 0:03:02 4. 0:03:00 4... 0:02:51 5. 0:02:58 5... 0:02:50 6. 0:02:14 6... 0:02:49 7. 0:02:08 7... 0:02:47 8. 0:02:08 8... 0:02:49 9. 0:02:04 9... 0:02:44 10. 0:01:33 10... 0:02:36 11. 0:01:31 11... 0:02:33 12. 0:01:11 12... 0:02:29 13. 0:01:09 13... 0:02:27,
Rated Blitz tournament https://lichess.org/tournament/UkN7F9SL,https://lichess.org/6RGkYg72,2024.08.01,-,Roberth250422,wgaritaz,0-1,2024.08.01,00:03:31,1505,853,,,C40,King's Knight Opening,180+2,Normal,"1. e4 1... e5 2. Nf3 2... Bb4 3. c3 3... Ba5 4. b4 4... Bb6 5. a4 5... a5 6. Ba3 6...
Nf6 7. Be2 7... d6 8. b5 8... Bg4 9.
d4 9... Bxf3 10. Bxf3 10...
Nh5 11. Bxh5 11... Qh4 12. O-O 12... Nd7 13.
Qf3 13... O-O 14. dxe5 14... Nxe5 15. Qh3 15... Qf4 16. Bf3 16... Nd3 17. c4 17...
Nxf2 18. Rxf2 18... Qc1 19. Bxc1 19... Rfe8 20.
e5 20... Rxe5 21. Bxb7 21... Re1",1. 0:03:00 0. 0:03:00 1... 0:03:01 0. 0:03:00 2. 0:02:58 0. 0:03:00 2... 0:02:59 0. 0:03:00 3. 0:03:00 1. 0:02:14 3... 0:02:44 1. 0:02:04 4. 0:02:28 1. 0:02:02 4... 0:02:21 0. 0:01:58 5. 0:02:17 0. 0:01:54 5... 0:02:17 0. 0:01:50 6. 0:02:17 0. 0:01:49 6... 0:02:15 0. 0:01:36 7. 0:02:15 1. 0:01:28 7... 0:02:11 0. 0:01:26 8. 0:02:01 1. 0:01:07 8... 0:01:43 0. 0:01:01 9. 0:01:33 0. 0:00:59 9... 0:01:34 0. 0:00:59 10. 0:01:34 0. 0:00:50 10... 0:01:32 4. 0:00:49 11. 0:01:32 4. 0:00:40,
Rated Blitz game,https://lichess.org/CnB9J5VA,2024.08.01,-,andy2233,joxyhandmannkrote,1-0,2024.08.01,00:03:31,1313,1273,,,C22,Center Game: Paulsen Attack Variation,180+2,Normal,"1. e4 1... e5 2. d4 2... exd4 3. Qxd4 3... Nc6 4. Qe3 4... b6 5. Nc3 5... Bc5 6. Qg3 6...
Qf6 7. Nd5 7... Qd4 8.
Nxc7 8... Kf8 9. Nxa8 9... Nf6 10. Bd3 10... Bd6 11. Bf4 11... Bc5 12.
Ne2 12... Ke7 13. O-O 13... Qxb2 14. Nc7",1. 0:03:00 1... 0:03:00 2. 0:03:01 2... 0:03:01 3. 0:03:03 3... 0:03:02 4. 0:03:03 4... 0:03:02 5. 0:03:03 5... 0:03:03 6. 0:02:58 6... 0:03:03 7. 0:02:52 7... 0:02:06 8. 0:02:44 8... 0:02:06 9. 0:02:43 9... 0:02:04 10. 0:02:29 10... 0:01:27 11. 0:02:07 11... 0:01:07 12. 0:02:02 12... 0:00:47 13. 0:01:58 13... 0:00:43 14. 0:01:44,
Rated Blitz game,https://lichess.org/88tWwly5,2024.08.01,-,Mickihamster,Enginksyk,1-0,2024.08.01,00:03:31,1776,1781,,,B20,Sicilian Defense: Bowdler Attack,180+2,Time forfeit,"1. e4 1... c5 2. Bc4 2... Nc6 3. Nc3 3... d6 4. d3 4... Nf6 5. Bg5 5... e6 6. f4 6...
Be7 7. Nge2 7... O-O 8. O-O 8... a6 9. a4 9... Rb8 10.
Ng3 10... Bd7 11. f5 11...
exf5 12. Nxf5 12... Bxf5 13. Rxf5 13... Nd4 14.
Rf2 14... b5 15. axb5 15... axb5 16. Bb3 16... Qc7 17. Bxf6 17... Bxf6 18.
Nd5 18... Qd8 19. Nxf6 19... gxf6 20. Bd5 20...
Kh8 21. Qh5 21... Rg8 22. Qxf7 22... Rg7 23.
Qxf6 23... Qxf6 24. Rxf6 24...
Nxc2 25. Rc1 25... Nd4 26. Kf2 26... Rd8 27.
Ra1 27... Rc7 28. Ra6 28... c4 29. Raxd6 29... Rxd6 30. Rxd6 30... cxd3 31.
Ba2 31... Rc2 32. Ke3 32...
Re2 33. Kxd3 33... Rxg2 34. Rxd4 34... Rxh2 35. Rb4 35...
Rh3 36. Kd4 36... Rh4 37. Rxb5 37... Rf4 38.
Bd5 38... h5 39. Rc5 39... Kh7 40. Rc1 40...
h4 41. Rb1 41... Kh6 42. b4 42... h3 43. b5 43... Rf8 44.
b6 44... Rb8 45. b7 45... Kh5 46. Ke3 46...
Kh4 47. Rh1 47... Kg3 48. Rxh3 48... Kxh3 49.
e5 49... Kg4 50.
Ke4 50... Kg5 51. Kd4 51... Kf5 52. e6 52... Kf6 53. Kc5 53... Ke7 54. Kb6 54... Kd8 55. Ka7 55... Kc7 56. Bg2 56... Re8 57. Bh3 57... Rh8 58.
Bg4 58... Re8 59. Bf5 59...
Rf8 60. Bg6 60... Rh8 61.
e7 61... Rg8 62.
e8=Q 62... Rxe8 63.
Bxe8",1. 0:03:00 0. 0:03:00 1... 0:02:59 0. 0:03:01 2. 0:02:59 0. 0:03:02 2... 0:02:58 0. 0:03:03 3. 0:02:57 0. 0:03:05 3... 0:02:56 0. 0:03:06 4. 0:02:55 0. 0:03:07 4... 0:02:54 0. 0:03:08 5. 0:02:54 0. 0:03:05 5... 0:02:47 0. 0:03:06 6. 0:02:36 0. 0:03:04 6... 0:02:34 0. 0:03:01 7. 0:02:34 0. 0:03:02 7... 0:02:34 0. 0:02:53 8. 0:02:30 0. 0:02:54 8... 0:02:22 0. 0:02:51 9. 0:02:14 0. 0:02:51 9... 0:02:15 0. 0:02:44 10. 0:02:15 0. 0:02:45 10... 0:02:12 0. 0:02:38 11. 0:02:11 0. 0:02:26 11... 0:01:59 0. 0:02:24 12. 0:01:56 0. 0:02:25 12... 0:01:57 0. 0:02:20 13. 0:01:52 0. 0:02:19 13... 0:01:40 0. 0:01:09 14. 0:01:32 0. 0:01:03 14... 0:01:27 0. 0:00:58 15. 0:01:24 0. 0:00:53 15... 0:01:22 0. 0:00:54 16. 0:01:07 1. 0:00:49 16... 0:01:08 3. 0:00:19 17. 0:01:04 3. 0:00:07 17... 0:01:02 3. 0:00:08 18. 0:01:01 3. 0:00:08 18... 0:01:01 3. 0:00:08 19. 0:01:00 3. 0:00:09 19... 0:01:00 3. 0:00:10 20. 0:00:52 3. 0:00:09 20... 0:00:53 3. 0:00:09 21. 0:00:45 3. 0:00:09 21... 0:00:47 5. 0:00:10 22. 0:00:48 3. 0:00:10 22... 0:00:48 3. 0:00:11 23. 0:00:49 1. 0:00:12 23... 0:00:45 2. 0:00:13 24. 0:00:46 2. 0:00:14 24... 0:00:40 1. 0:00:15 25. 0:00:41 0. 0:00:15 25... 0:00:42 2. 0:00:17 26. 0:00:41 2. 0:00:17 26... 0:00:41 2. 0:00:18 27. 0:00:42 1. 0:00:19 27... 0:00:42 2. 0:00:19 28. 0:00:40 2. 0:00:20 28... 0:00:29 3. 0:00:16 29. 0:00:27 3. 0:00:11 29... 0:00:24 3. 0:00:10 30. 0:00:24 4. 0:00:11 30... 0:00:20 3. 0:00:11 31. 0:00:16 0. 0:00:04 31... 0:00:16 0. 0:00:04 32. 0:00:17,
Rated Blitz game,https://lichess.org/ky8JwEHz,2024.08.01,-,Herege777,roberobert,1-0,2024.08.01,00:03:31,1242,1344,,,B02,Alekhine Defense: Scandinavian Variation,180+2,Normal,"1. e4 1... Nf6 2. Nc3 2... d5 3. e5 3... Nfd7 4. d4 4... e6 5. Nf3 5... c5 6.
Be3 6... c4 7. Be2 7... a6 8. O-O 8... b5 9. a3 9... Be7 10. h3 10... O-O 11. Nh2 11...
f6 12. f4 12...
Bb7 13. f5 13... fxe5 14. fxe6 14... exd4 15.
Bxd4 15... Rxf1 16. Qxf1 16...
Nf6 17. Bxf6 17... Bxf6 18. Ng4 18... Bxc3 19. Qf7 19... Kh8 20. e7",1. 0:03:00 0. 0:03:00 1... 0:03:00 0. 0:03:00 2. 0:02:58 0. 0:03:01 2... 0:02:59 0. 0:03:02 3. 0:03:01 0. 0:03:04 3... 0:03:01 0. 0:03:05 4. 0:03:00 0. 0:03:06 4... 0:03:01 0. 0:03:07 5. 0:03:01 0. 0:03:07 5... 0:03:01 0. 0:03:08 6. 0:03:02 0. 0:03:05 6... 0:03:01 0. 0:02:59 7. 0:02:41 0. 0:02:54 7... 0:02:41 0. 0:02:52 8. 0:02:33 0. 0:02:52 8... 0:02:31 0. 0:02:54 9. 0:02:25 0. 0:02:53 9... 0:02:14 0. 0:02:39 10. 0:02:06 0. 0:02:39 10... 0:01:58,
Rated Blitz game,https://lichess.org/XOrN3hdy,2024.08.01,-,cavaludo,wolfar41,1-0,2024.08.01,00:03:31,1434,1442,,,B32,Sicilian Defense: Open,180+2,Normal,"1. e4 1... c5 2. Nf3 2... Nc6 3. d4 3... cxd4 4. Nxd4 4... Nxd4 5.
Qxd4 5... d6 6. Nc3 6... Bd7 7. Bb5 7... Bxb5 8. Nxb5 8... a6 9. Nc3 9... e5 10. Qd5 10...
Qc7 11. O-O 11... Be7 12. Qd3 12... Nf6 13. Qg3 13... O-O 14. Bh6 14... Nh5 15. Qg4 15... f5 16. exf5 16... Rf6 17.
Nd5 17... Qxc2 18. Nxf6 18... Bxf6 19. Qxh5 19... gxh6 20. Qxh6 20... Qxf5 21. Rac1 21... Bd8 22.
Rc3 22... Bg5 23. Qxd6 23... Rd8 24. Qc7 24... Qg6 25. Rg3 25... h6 26.
Qxd8",1. 0:03:00 1... 0:03:00 2. 0:03:02 2... 0:03:01 3. 0:03:03 3... 0:03:02 4. 0:03:05 4... 0:03:03 5. 0:03:07 5... 0:03:04 6. 0:03:04 6... 0:03:03 7. 0:02:55 7... 0:03:00 8. 0:02:57 8... 0:02:57 9. 0:02:49 9... 0:02:56 10. 0:02:39 10... 0:02:50 11. 0:02:34 11... 0:02:44 12. 0:02:28 12... 0:02:44 13. 0:02:14 13... 0:02:42 14. 0:02:13 14... 0:02:17 15. 0:02:10 15... 0:01:39 16. 0:01:56 16... 0:01:36 17. 0:01:49 17... 0:01:16 18. 0:01:41 18... 0:01:17 19. 0:01:19 19... 0:01:16 20. 0:01:11 20... 0:01:15 21. 0:01:01 21... 0:00:59 22. 0:00:57 22... 0:00:50 23. 0:00:47 23... 0:00:43 24. 0:00:35 24... 0:00:31 25. 0:00:15 25... 0:00:23 26. 0:00:06,
Rated Blitz game,https://lichess.org/d9WXVJEw,2024.08.01,-,MoluscoHungry,ChessPlayer908907,1-0,2024.08.01,00:03:31,1862,1868,,,C34,King's Gambit Accepted: MacLeod Defense,180+2,Normal,"1. e4 1... e5 2. f4 2... Nc6 3. Nf3 3... exf4 4. Bc4 4... Bc5 5. d4 5... Bb4 6. c3 6...
Ba5 7. b4 7... Bb6 8.
O-O 8... Nge7 9. Bxf4 9... O-O 10. Nbd2 10... Ng6 11. Bg5 11... Qe8 12.
Qb3 12... Nce5 13. Nxe5 13... Nxe5 14. Kh1 14... Nxc4 15. Nxc4 15... Qxe4 16. Ne5 16... d5 17.
Rae1 17... f6 18. Rxe4 18... fxg5 19. Qxd5",1. 0:03:00 1... 0:03:00 2. 0:03:01 2... 0:02:58 3. 0:03:02 3... 0:02:57 4. 0:03:00 4... 0:02:58 5. 0:02:58 5... 0:02:55 6. 0:02:57 6... 0:02:56 7. 0:02:59 7... 0:02:57 8. 0:02:58 8... 0:02:57 9. 0:02:59 9... 0:02:55 10. 0:03:00 10... 0:02:49 11. 0:03:00 11... 0:02:45 12. 0:02:59 12... 0:02:24 13. 0:02:53 13... 0:02:25 14. 0:02:35 14... 0:02:23 15. 0:02:35 15... 0:02:18 16. 0:02:31 16... 0:02:12 17. 0:02:32 17... 0:01:33 18. 0:02:30 18... 0:01:34 19. 0:02:31,
Rated Blitz game,https://lichess.org/nEbntgsc,2024.08.01,-,livemane10,yahya0007,1-0,2024.08.01,00:03:31,1142,1129,,,B06,Modern Defense: Two Knights Variation,180+2,Normal,"1. d4 1... g6 2. Nc3 2... Bg7 3. Nf3 3... d6 4. e4 4... Nc6 5. d5 5... Ne5 6. Nxe5 6...
Bxe5 7. Be3 7... Nf6 8. f4 8... Bxc3 9. bxc3 9... Bg4 10. Be2 10...
Bxe2 11. Qxe2 11... Nxe4 12. Qd3 12... Nc5 13.
Qd4 13... O-O 14. O-O 14... b6 15. f5 15... Qd7 16. fxg6 16... fxg6 17. Bh6 17... Rxf1 18. Rxf1 18... Qa4 19. Qg7",1. 0:03:00 1... 0:03:00 2. 0:02:59 2... 0:03:02 3. 0:03:00 3... 0:03:04 4. 0:02:59 4... 0:03:06 5. 0:02:59 5... 0:03:07 6. 0:02:58 6... 0:03:07 7. 0:03:00 7... 0:03:06 8. 0:02:43 8... 0:03:02 9. 0:02:43 9... 0:03:02 10. 0:02:35 10... 0:03:02 11. 0:02:35 11... 0:03:03 12. 0:02:23 12... 0:03:00 13. 0:02:21 13... 0:02:58 14. 0:02:17 14... 0:02:56 15. 0:02:17 15... 0:02:54 16. 0:02:16 16... 0:02:55 17. 0:02:07 17... 0:02:54 18. 0:02:06 18... 0:02:47 19. 0:02:04,
Rated Blitz game,https://lichess.org/O1rmBbyx,2024.08.01,-,Alondra-Mrqz19,max2711,0-1,2024.08.01,00:03:31,1527,1494,,,C47,Four Knights Game,180+2,Time forfeit,"1. e4 1... e5 2. Nc3 2... Nf6 3. Nf3 3... Nc6 4. Be2 4... Bb4 5. d3 5... O-O 6. Bd2 6... a6 7. O-O 7... d6 8. a3 8... Bc5 9. b4 9... Ba7 10. Nd5 10...
Nxd5 11. exd5 11... Ne7 12. c4 12... h6 13.
Rb1 13... Bf5 14. Re1 14... c6 15. dxc6 15... Nxc6 16. Nh4 16... Bh7 17. Nf3 17... Nd4 18. Nxd4 18...
Bxd4 19. Bf3 19... Rb8 20. Be3 20... Qb6 21.
c5 21... dxc5 22. Bxd4 22... cxd4 23. Rxe5 23... Qd6 24.
Rc5 24... b6 25. Rd5 25... Qf6 26. Be4 26...
Bxe4 27. dxe4 27... Rfd8 28. Rf5 28... Qg6 29. Qf3 29... Qe6 30. Rf4 30... Rd7 31. Re1 31... Rbd8 32. g4 32... d3 33. Rd1 33...
Qb3",1. 0:03:00 0. 0:03:00 1... 0:03:02 0. 0:03:01 2. 0:03:03 0. 0:03:02 2... 0:03:05 0. 0:03:00 3. 0:03:06 0. 0:03:00 3... 0:03:06 0. 0:02:55 4. 0:03:08 0. 0:02:56 4... 0:03:09 0. 0:02:57 5. 0:03:10 0. 0:02:58 5... 0:03:12 0. 0:02:58 6. 0:03:13 0. 0:02:59 6... 0:03:15 0. 0:02:49 7. 0:03:15 0. 0:02:45 7... 0:03:17 0. 0:02:20 8. 0:03:17 0. 0:02:17 8... 0:03:18 0. 0:02:17 9. 0:03:19 0. 0:02:11 9... 0:03:19 0. 0:02:12 10. 0:03:20 0. 0:02:10 10... 0:03:20 0. 0:02:04 11. 0:03:19 0. 0:02:05 11... 0:03:20 0. 0:01:53 12. 0:03:19 0. 0:01:44 12... 0:03:17 0. 0:01:38 13. 0:03:16 0. 0:01:32 13... 0:03:08 0. 0:01:29 14. 0:03:09 0. 0:01:27 14... 0:03:09 0. 0:01:26 15. 0:03:10 0. 0:01:02 15... 0:03:08 0. 0:01:01 16. 0:03:08 5. 0:01:01 16... 0:03:04 0. 0:01:01 17. 0:03:00 0. 0:01:00,
Rated Blitz game,https://lichess.org/iUwm9enj,2024.08.01,-,krw36,staydaman,1-0,2024.08.01,00:03:31,1876,1956,,,B01,Scandinavian Defense: Modern Variation,180+2,Time forfeit,"1. e4 1... d5 2. exd5 2... Nf6 3. d4 3... Qxd5 4. c4 4... Qe4 5. Ne2 5... e6 6. Nc3 6...
Qg6 7. Ng3 7... Bb4 8.
Bd3 8... Qg4 9. Qxg4 9... Nxg4 10. O-O 10... O-O 11. Nb5 11... Na6 12.
a3 12... Be7 13. b4 13... c6 14. Nc3 14... Bd7 15. Bf4 15... Rac8 16.
Rab1 16... Nc7 17. Rfe1 17... a5 18. bxa5 18... Bxa3 19. Rxb7 19... Rfd8 20. Bxc7 20... Rxc7 21. Rxc7 21... Bb4 22. Rc1 22... Be8 23. c5 23...
Rxd4 24. Rc8 24... Kf8 25. Be4 25... Bxc3 26. Rxc3 26... Ke7 27. Rd3 27... Ra4 28. Rdd8 28... Bd7 29. Rb8 29... Rxa5 30.
h3 30... Ne5 31. Ra8 31... Rxc5 32. Rdb8 32... Rc1 33. Kh2 33... f5 34.
Bf3 34... g5 35. Rb7 35... h6 36. Raa7 36... f4 37. Nh5",1. 0:03:00 1... 0:03:00 2. 0:02:57 2... 0:03:01 3. 0:02:54 3... 0:03:00 4. 0:02:49 4... 0:02:50 5. 0:02:44 5... 0:02:35 6. 0:02:43 6... 0:02:35 7. 0:02:40 7... 0:02:32 8. 0:02:39 8... 0:02:03 9. 0:02:29 9... 0:02:03 10. 0:02:31 10... 0:01:53 11. 0:02:30 11... 0:01:51 12. 0:02:29 12... 0:01:51 13. 0:02:30 13... 0:01:49 14. 0:02:30 14... 0:01:40 15. 0:02:17 15... 0:01:39 16. 0:02:10 16... 0:01:26 17. 0:01:38 17... 0:01:09 18. 0:01:25 18... 0:01:08 19. 0:01:25 19... 0:00:49 20. 0:01:20 20... 0:00:37 21. 0:01:20 21... 0:00:38 22. 0:01:19 22... 0:00:36 23. 0:01:12 23... 0:00:28 24. 0:01:04 24... 0:00:28 25. 0:01:02 25... 0:00:26 26. 0:01:01 26... 0:00:23 27. 0:00:45 27... 0:00:22 28. 0:00:43 28... 0:00:19 29. 0:00:29 29... 0:00:15 30. 0:00:27 30... 0:00:11 31. 0:00:18 31... 0:00:10 32. 0:00:18 32... 0:00:09 33. 0:00:19 33... 0:00:09 34. 0:00:16 34... 0:00:09 35. 0:00:14 35... 0:00:03 36. 0:00:13 36... 0:00:04 37. 0:00:10,
Rated Blitz game,https://lichess.org/SK74JjlD,2024.08.01,-,captan64,Doctorchess3,1-0,2024.08.01,00:03:31,2206,2072,,,B07,Pirc Defense,180+2,Normal,"1. e4 1... d6 2. d4 2... Nf6 3. Nc3 3... g6 4. f3 4... Bg7 5. Be3 5... a6 6. Qd2 6... h5 7. O-O-O 7... c6 8.
Nge2 8... Qa5 9. Kb1 9... b5 10. Nf4 10... Nbd7 11. h3 11... c5 12.
dxc5 12... Nxc5 13. Bxc5 13... dxc5 14. Nfd5 14... Be6 15. Nxf6 15... Bxf6 16. Nd5 16... Bxd5 17.
Qxa5",1. 0:03:00 1... 0:03:00 2. 0:02:58 2... 0:03:00 3. 0:02:55 3... 0:03:01 4. 0:02:51 4... 0:03:01 5. 0:02:50 5... 0:02:56 6. 0:02:50 6... 0:02:54 7. 0:02:48 7... 0:02:53 8. 0:02:42 8... 0:02:47 9. 0:02:41 9... 0:02:44 10. 0:02:39 10... 0:02:30 11. 0:02:21 11... 0:02:13 12. 0:02:13 12... 0:02:12 13. 0:01:57 13... 0:02:12 14. 0:01:53 14... 0:01:47 15. 0:01:43 15... 0:01:44 16. 0:01:43 16... 0:01:35 17. 0:01:41,
Rated Blitz game,https://lichess.org/CsFQPXVa,2024.08.01,-,Raspberry_yoghurt,kKoala1,1-0,2024.08.01,00:03:31,1203,1218,,,D00,Queen's Pawn Game,180+2,Normal,"1. d4 1... d5 2. e3 2... Bf5 3. Bd3 3... Bxd3 4. Qxd3 4... e6 5. Nf3 5... c5 6. O-O 6...
cxd4 7. Nxd4 7... Nc6 8. Qb5 8... Qc7 9. Nxc6 9... Qxc6 10. Qd3 10... Nf6 11. Nc3 11... a6 12. Bd2 12... Bd6 13.
Rfe1 13... O-O 14. e4 14... dxe4 15. Nxe4 15... Nxe4 16. Rxe4 16... Qc7 17.
Rh4 17... h6 18. c3 18... Rad8 19. Qh3 19... Be7 20. Rg4 20... Rxd2 21.
Qxh6 21... Rfd8 22. Qxg7",1. 0:03:00 1... 0:03:00 2. 0:03:01 2... 0:02:59 3. 0:03:02 3... 0:02:59 4. 0:03:04 4... 0:02:58 5. 0:03:05 5... 0:02:57 6. 0:03:06 6... 0:02:58 7. 0:03:06 7... 0:02:58 8. 0:03:03 8... 0:02:50 9. 0:03:01 9... 0:02:48 10. 0:02:54 10... 0:02:46 11. 0:02:51 11... 0:02:39 12. 0:02:49 12... 0:02:38 13. 0:02:40 13... 0:02:37 14. 0:02:38 14... 0:02:31 15. 0:02:38 15... 0:02:31 16. 0:02:38 16... 0:02:25 17. 0:02:36 17... 0:02:18 18. 0:01:55 18... 0:02:15 19. 0:01:51 19... 0:02:09 20. 0:01:51 20... 0:02:09 21. 0:01:49 21... 0:01:44 22. 0:01:46,
Rated Blitz game,https://lichess.org/amF7RM1b,2024.08.01,-,Bhubaneshwar,Crash7777,0-1,2024.08.01,00:03:31,1746,1771,,,B40,Sicilian Defense: French Variation,180+2,Time forfeit,"1. e4 1... c5 2. Nf3 2... e6 3. Bc4 3... d5 4. exd5 4... exd5 5. Bb5 5... Nc6 6. O-O 6...
Nf6 7. d4 7... Be6 8.
Bg5 8... Be7 9. Ne5 9... Rc8 10. c3 10... O-O 11. Nxc6 11... bxc6 12. Ba4 12... cxd4 13. Qxd4 13... c5 14. Qh4 14...
Qb6 15. Bc2 15... h6 16. Bxf6 16... Bxf6 17. Qf4 17... Qxb2 18. Na3 18... Qxc3 19. Qe3 19... Qxe3 20. fxe3 20... Bxa1 21. Rxa1 21... Rb8 22. Nb1 22... Rb2 23. Ba4 23... Rfb8 24. Na3 24... R8b6 25. Nb5 25... R6xb5 26. Bxb5 26... Rxb5 27. a4 27... Ra5 28. Kf2 28... Bd7",1. 0:03:00 1... 0:03:00 2. 0:03:00 2... 0:03:01 3. 0:02:55 3... 0:03:02 4. 0:02:56 4... 0:03:04 5. 0:02:52 5... 0:03:04 6. 0:02:52 6... 0:03:03 7. 0:02:52 7... 0:02:53 8. 0:02:48 8... 0:02:53 9. 0:02:38 9... 0:02:49 10. 0:02:26 10... 0:02:50 11. 0:02:21 11... 0:02:50 12. 0:02:20 12... 0:02:51 13. 0:02:15 13... 0:02:48 14. 0:02:12 14... 0:02:27 15. 0:02:09 15... 0:01:59 16. 0:01:56 16... 0:02:00 17. 0:01:42 17... 0:01:53 18. 0:01:27 18... 0:01:45 19. 0:01:22 19... 0:01:42 20. 0:01:21 20... 0:01:43 21. 0:01:21 21... 0:01:42 22. 0:01:03 22... 0:01:42 23. 0:00:44 23... 0:01:42 24. 0:00:41 24... 0:01:29 25. 0:00:23 25... 0:01:25 26. 0:00:23 26... 0:01:27 27. 0:00:24 27... 0:01:26 28. 0:00:21 28... 0:01:27,
Rated Blitz game,https://lichess.org/AXTkkOco,2024.08.01,-,Ledoamer,schachpeter,1-0,2024.08.01,00:03:31,2027,2006,,,C02,"French Defense: Advance Variation, Milner-Barry Gambit",180+2,Time forfeit,"1. e4 1... e6 2. d4 2... d5 3. e5 3... c5 4. c3 4... Qb6 5. Nf3 5... Nc6 6. Bd3 6... Bd7 7. dxc5 7... Bxc5 8.
O-O 8... a5 9. a4 9...
f6 10. exf6 10... Nxf6 11. b3 11... O-O 12. Bg5 12... Ng4 13. Bh4 13... e5 14. Bxh7 14... Kxh7 15. Qxd5 15... Rad8 16. Ng5 16... Kg6 17. Nf3 17... Nf6 18. Bxf6 18... gxf6 19. Qe4 19... Kg7 20. Nbd2 20... Rh8 21.
Nh4 21... f5 22. Nxf5 22... Bxf5 23. Qxf5 23... Rdf8 24. Qg5 24... Kf7 25.
Ne4 25... Be7 26. Qf5 26... Ke8 27. Qg6 27... Kd7 28. Rad1 28... Kc7 29. b4 29... axb4 30. cxb4 30... Qxb4 31. Rb1 31... Qxa4 32. Nc3 32... Qc4 33. Nb5 33... Kc8 34.
Rfc1 34... Qf7 35. Rxc6 35... bxc6 36. Qxc6 36... Kd8 37. Rd1 37... Bd6 38. Qxd6 38... Kc8 39. Rc1 39... Kb7 40. Rc7 40... Qxc7 41. Qxc7 41... Ka6 42. Nd6 42... Rb8 43. g3 43... Rb1 44.
Kg2 44... Rhb8 45. Qc6",1. 0:03:00 1... 0:03:00 2. 0:03:01 2... 0:03:02 3. 0:03:02 3... 0:03:03 4. 0:03:03 4... 0:03:05 5. 0:03:04 5... 0:03:06 6. 0:03:05 6... 0:03:07 7. 0:03:06 7... 0:03:08 8. 0:03:07 8... 0:03:07 9. 0:03:07 9... 0:02:59 10. 0:03:05 10... 0:02:59 11. 0:03:02 11... 0:02:58 12. 0:03:01 12... 0:02:48 13. 0:03:01 13... 0:02:39 14. 0:03:01 14... 0:02:29 15. 0:02:59 15... 0:02:17 16. 0:02:51 16... 0:02:03 17. 0:02:38 17... 0:00:46 18. 0:02:30 18... 0:00:43 19. 0:02:29 19... 0:00:42 20. 0:02:24 20... 0:00:40 21. 0:02:17 21... 0:00:35 22. 0:02:16 22... 0:00:33 23. 0:02:17 23... 0:00:31 24. 0:02:13 24... 0:00:30 25. 0:02:13 25... 0:00:28 26. 0:02:10 26... 0:00:23 27. 0:02:07 27... 0:00:22 28. 0:02:07 28... 0:00:22 29. 0:01:52 29... 0:00:22 30. 0:01:53 30... 0:00:23 31. 0:01:50 31... 0:00:23 32. 0:01:43 32... 0:00:19 33. 0:01:40 33... 0:00:18 34. 0:01:39 34... 0:00:17 35. 0:01:39 35... 0:00:13 36. 0:01:39 36... 0:00:12 37. 0:01:37 37... 0:00:12 38. 0:01:30 38... 0:00:08 39. 0:01:26 39... 0:00:07 40. 0:01:25 40... 0:00:07 41. 0:01:25 41... 0:00:08 42. 0:01:21 42... 0:00:07 43. 0:01:19 43... 0:00:04 44. 0:01:20 44... 0:00:06 45. 0:01:18,
Rated Blitz game,https://lichess.org/KX26TTUK,2024.08.01,-,schachsponti54,amgadshams,0-1,2024.08.01,00:03:31,1727,1715,,,B00,"Nimzowitsch Defense: Kennedy Variation, Linksspringer Variation",180+2,Normal,"1. e4 1... Nc6 2. d4 2... e5 3. d5 3... Nce7 4. Nc3 4... Nf6 5. Bg5 5... Ng6 6. Bb5 6...
Bc5 7. h3 7... a6 8.
Bd3 8... b5 9. Nf3 9... h6 10. Be3 10... Bxe3 11. fxe3 11... Nh5 12.
Qd2 12... d6 13. O-O-O 13... b4 14. Ne2 14... O-O 15. Rhf1 15... a5 16.
Nh4 16... Nxh4 17. Qe1 17... Ba6 18. Ng3 18... Bxd3 19. Rxd3 19... Qg5 20.
Nxh5 20... Qxh5 21. Qf2 21... f5 22. exf5 22... Rxf5 23. Qg1 23... Rxf1 24. Qxf1 24... Rf8 25.
Qg1 25... Qe2 26. Rd2 26... Rf1 27. Qxf1 27... Qxf1 28. Rd1 28... Qxg2",1. 0:03:00 1... 0:03:00 2. 0:03:01 2... 0:03:01 3. 0:03:01 3... 0:03:02 4. 0:03:00 4... 0:03:03 5. 0:02:58 5... 0:03:04 6. 0:02:55 6... 0:03:04 7. 0:02:51 7... 0:03:05 8. 0:02:47 8... 0:03:06 9. 0:02:33 9... 0:03:05 10. 0:02:26 10... 0:02:56 11. 0:02:26 11... 0:02:56 12. 0:02:20 12... 0:02:49 13. 0:02:20 13... 0:02:49 14. 0:02:18 14... 0:02:47 15. 0:02:11 15... 0:02:47 16. 0:02:12 16... 0:02:45 17. 0:01:45 17... 0:02:29 18. 0:01:44 18... 0:02:11 19. 0:01:42 19... 0:01:49 20. 0:01:31 20... 0:01:48 21. 0:01:24 21... 0:01:45 22. 0:01:20 22... 0:01:46 23. 0:01:06 23... 0:01:39 24. 0:01:06 24... 0:01:41 25. 0:00:51 25... 0:01:41 26. 0:00:44 26... 0:01:38 27. 0:00:36 27... 0:01:39 28. 0:00:37 28... 0:01:37,
Rated Blitz game,https://lichess.org/dT1DP2jg,2024.08.01,-,Arc2000,Jubilawsvisky,0-1,2024.08.01,00:03:52,1434,1433,,,B00,Nimzowitsch Defense: Declined Variation,180+2,Normal,"1. e4 1... Nc6 2. Nf3 2... b6 3. Nc3 3... Bb7 4. d4 4... e6 5. d5 5... exd5 6. Nxd5 6...
g6 7. Bg5 7... f6 8.
Bd2 8... Nge7 9. Bc3 9... Nxd5 10. exd5 10... Qe7 11. Be2 11... Ne5 12.
Nxe5 12... fxe5 13. O-O 13... Bg7 14. Re1 14... O-O-O 15. a3 15... d6 16. Bb5 16... Rhf8 17.
Qg4 17... Kb8 18. f4 18... Bxd5 19. fxe5 19... dxe5 20. Bb4 20... c5 21.
Bc6 21... Bxc6 22. Bc3 22... e4 23. Qg3 23... Kb7 24. Bxg7 24... Qxg7 25. Rad1 25... Rxd1 26. Rxd1 26... Qf7 27. h3 27...
Qf4 28. Qc3 28... Qf2 29. Kh1 29... e3 30. Qg7 30... Ka6 31. Qc3 31... Qxg2",1. 0:03:00 1... 0:03:00 2. 0:03:01 2... 0:03:00 3. 0:02:58 3... 0:03:01 4. 0:02:58 4... 0:03:02 5. 0:02:56 5... 0:03:03 6. 0:02:48 6... 0:03:00 7. 0:02:44 7... 0:02:54 8. 0:02:32 8... 0:02:53 9. 0:02:29 9... 0:02:49 10. 0:02:25 10... 0:02:36 11. 0:02:25 11... 0:02:29 12. 0:02:18 12... 0:02:30 13. 0:02:14 13... 0:02:30 14. 0:02:12 14... 0:02:30 15. 0:02:00 15... 0:02:06 16. 0:01:45 16... 0:01:59 17. 0:01:42 17... 0:01:55 18. 0:01:26 18... 0:01:50 19. 0:01:23 19... 0:01:45 20. 0:00:56 20... 0:01:36 21. 0:00:52 21... 0:01:33 22. 0:00:48 22... 0:01:18 23. 0:00:26 23... 0:01:10 24. 0:00:23 24... 0:01:10 25. 0:00:14 25... 0:01:09 26. 0:00:15 26... 0:01:04 27. 0:00:14 27... 0:00:50 28. 0:00:08 28... 0:00:46 29. 0:00:08 29... 0:00:45 30. 0:00:08 30... 0:00:42 31. 0:00:06 31... 0:00:36,
Rated Blitz game,https://lichess.org/S51HiBFx,2024.08.01,-,kht080,TALpaslan,0-1,2024.08.01,00:03:52,1581,1569,,,D00,Queen's Pawn Game,180+2,Normal,"1. d4 1... d5 2. e3 2... e6 3. Nf3 3... c6 4. Be2 4... Bd6 5. c4 5... Qc7 6. Nc3 6... e5 7. c5 7... Be7 8. Nxe5 8... Nd7 9. Nxf7 9...
Kxf7 10. Bh5 10... g6 11. Qf3 11... Ngf6 12. Bg4 12... Rf8 13. Bxd7 13... Bxd7 14. e4 14... Kg7 15. e5 15... Ne4 16.
Qe3 16... Bg5 17. Qxg5 17... Nxg5 18. Bxg5 18... Qa5 19. Be7 19... Rf5 20.
O-O 20... Qb4 21. Rfd1 21... Qxb2 22. Rab1 22... Qxc3 23. Rxb7 23... Rd8 24.
Bf6 24... Kh6 25. Bxd8 25... Rxf2 26. Rxd7 26... Qc2 27. Bh4 27... Rxg2 28. Kf1 28... Qe2",1. 0:03:00 1... 0:03:00 2. 0:03:01 2... 0:03:01 3. 0:03:02 3... 0:03:02 4. 0:03:03 4... 0:03:03 5. 0:03:05 5... 0:03:03 6. 0:03:06 6... 0:03:02 7. 0:03:06 7... 0:02:52 8. 0:03:05 8... 0:02:51 9. 0:02:57 9... 0:02:48 10. 0:02:57 10... 0:02:47 11. 0:02:58 11... 0:02:47 12. 0:02:57 12... 0:02:44 13. 0:02:49 13... 0:02:42 14. 0:02:50 14... 0:02:37 15. 0:02:48 15... 0:02:37 16. 0:02:41 16... 0:02:33 17. 0:02:12 17... 0:02:32 18. 0:02:14 18... 0:02:19 19. 0:02:12 19... 0:02:01 20. 0:01:59 20... 0:02:01 21. 0:01:55 21... 0:01:57 22. 0:01:55 22... 0:01:57 23. 0:01:49 23... 0:01:57 24. 0:01:47 24... 0:01:49 25. 0:01:41 25... 0:01:20 26. 0:01:36 26... 0:01:10 27. 0:00:50 27... 0:01:10 28. 0:00:50 28... 0:01:07,
Rated Blitz game,https://lichess.org/WA85pfYG,2024.08.01,-,The0thers,Alex120999,0-1,2024.08.01,00:03:52,2314,2155,,,C71,Ruy Lopez: Noah's Ark Trap,180+2,Normal,"1. e4 1... e5 2. Nf3 2... Nc6 3. Bb5 3... a6 4. Ba4 4... d6 5. d4 5... b5 6. Bb3 6...
Nxd4 7. Nxd4 7... exd4 8. Qxd4 8... c5 9. Qd5 9... Be6 10. Qc6 10... Bd7 11. Qd5 11... c4 12.
Bxc4 12... bxc4 13. Qxc4 13... Nf6 14. Bg5 14... Be7 15. Nc3 15... O-O 16. Be3 16... Rb8 17.
b3 17... Re8 18. O-O 18... Bf8 19. Bg5 19... Be7 20. Be3 20... Qa5 21.
Nd5 21... Nxd5 22. Qxd5 22... Qxd5 23. exd5 23... Bf6 24. Rad1 24... Bf5 25. c4 25... h6 26.
Rd2 26... g5 27. h3 27... Bg6 28. Rc1 28... Rec8 29. Ba7 29... Rb7 30.
Be3 30... Bg7 31. Re2 31... a5 32. Bd2 32... a4 33. bxa4 33... Rb2 34.
Kf1",1. 0:03:00 1... 0:03:00 2. 0:03:01 2... 0:03:01 3. 0:03:02 3... 0:03:02 4. 0:03:03 4... 0:03:03 5. 0:03:00 5... 0:03:03 6. 0:03:01 6... 0:03:04 7. 0:03:03 7... 0:03:06 8. 0:03:04 8... 0:03:07 9. 0:01:46 9... 0:03:07 10. 0:01:47 10... 0:03:08 11. 0:01:49 11... 0:03:09 12. 0:01:50 12... 0:03:10 13. 0:01:52 13... 0:03:12 14. 0:01:51 14... 0:03:12 15. 0:01:50 15... 0:03:06 16. 0:01:44 16... 0:03:02 17. 0:01:40 17... 0:02:58 18. 0:01:40 18... 0:02:56 19. 0:01:29 19... 0:02:47 20. 0:00:46 20... 0:02:38 21. 0:00:27 21... 0:02:35 22. 0:00:24 22... 0:02:33 23. 0:00:26 23... 0:02:34 24. 0:00:23 24... 0:02:34 25. 0:00:23 25... 0:02:29 26. 0:00:15 26... 0:02:29 27. 0:00:16 27... 0:02:21 28. 0:00:16 28... 0:02:09 29. 0:00:13 29... 0:02:09 30. 0:00:15 30... 0:02:07 31. 0:00:13 31... 0:01:35 32. 0:00:08 32... 0:01:36 33. 0:00:05 33... 0:01:36 34. 0:00:04,
Rated Blitz game,https://lichess.org/gklMsF1N,2024.08.01,-,Isaisa10,Richi74,0-1,2024.08.01,00:03:52,1136,1100,,,B10,Caro-Kann Defense,180+2,Time forfeit,"1. e4 1... c6 2. Nf3 2... d5 3. exd5 3... cxd5 4. Nc3 4... Bf5 5. d4 5... Nf6 6. Bg5 6... e6 7. Qd2 7... Nc6 8. O-O-O 8...
Be7 9. a3 9...
O-O 10. h3 10... a5 11. g4 11... Be4 12. Nxe4 12... Nxe4 13. Qe3 13... Bxg5 14. Nxg5 14... Qxg5 15. f4 15... Qe7 16. Bd3 16...
Rab8 17. h4 17... b5 18. g5 18... b4 19.
h5 19... bxa3 20. Bxe4 20... axb2 21. Kb1 21...
dxe4 22. Qxe4 22... Qc7 23. g6 23... h6 24. gxf7 24... Rxf7 25. Rhg1 25... Nb4 26.
Rg6 26... Rbf8 27. Rxe6 27... Qxf4 28. Qg6 28... Qf3 29. Rde1 29... Qc3 30. R1e2 30... Qa3",1. 0:03:00 0. 0:03:00 1... 0:03:02 0. 0:03:01 2. 0:02:55 0. 0:03:02 2... 0:02:57 0. 0:02:57 3. 0:02:51 0. 0:02:58 3... 0:02:46 0. 0:02:48 4. 0:02:27 0. 0:02:45 4... 0:02:26 0. 0:02:43 5. 0:02:26 0. 0:02:40 5... 0:02:23 0. 0:02:25 6. 0:02:23 0. 0:02:21 6... 0:02:12 0. 0:02:22 7. 0:02:06 0. 0:02:15 7... 0:02:08 0. 0:02:12 8. 0:02:00 0. 0:02:09 8... 0:02:01 0. 0:01:55 9. 0:02:01 1. 0:01:54 9... 0:01:54 0. 0:01:52 10. 0:01:50 1. 0:01:48 10... 0:01:37 0. 0:01:40 11. 0:01:32 1. 0:01:32 11... 0:01:34 0. 0:01:18 12. 0:01:31 0. 0:01:05 12... 0:01:27 0. 0:00:53 13. 0:01:20 4. 0:00:40 13... 0:01:13 4. 0:00:22 14. 0:01:02 4. 0:00:21 14... 0:00:51 4. 0:00:17 15. 0:00:38 4. 0:00:07 15... 0:00:34 4. 0:00:05,
Rated Blitz game,https://lichess.org/34FRhCrt,2024.08.01,-,kiffy69,Liro57,0-1,2024.08.01,00:03:52,1805,1789,,,E90,"King's Indian Defense: Normal Variation, Rare Defenses",180+2,Normal,"1. Nf3 1... Nf6 2. d4 2... g6 3. c4 3... d6 4. Nc3 4... Bg7 5. e4 5... O-O 6. Bd3 6... Bg4 7. Be3 7... Nc6 8. h3 8... Bxf3 9. gxf3 9...
Nh5 10. Qd2 10... Nxd4 11. Bxd4 11... Bxd4 12. O-O-O 12... e6 13. Rhg1 13... Qf6 14. f4 14... Bxc3 15. bxc3 15... Qxf4 16. Qxf4 16... Nxf4 17. h4 17... e5 18. Kd2 18...
Nh3 19. Rg2 19... Nf4 20. Rgg1 20... a6 21. Rb1 21... b6 22. a4 22...
a5 23. Ke3 23... h5 24. Be2 24... Kh7 25. Rb5 25... f5 26. Rd1 26...
fxe4 27. f3 27... Ng2 28. Kxe4 28... Nxh4 29. Kd5 29... Nf5 30. Bd3 30... Ne3 31. Kc6 31... Nxd1 32. Kxc7 32... Nxc3 33. Rxb6 33... Rac8 34. Kxd6 34... Rfd8 35. Kxe5 35... Rxd3 36. Kf6 36... Rxf3 37. Kg5 37... Rc5 38.
Kh4 38... Rxc4 39. Kg5 39... Rc5 40. Kh4 40... Rf4 41. Kg3 41... Rff5 42. Rb7 42... Kh6 43.
Kh4 43... Rc4 44. Kg3 44... Rxa4 45. Kh3 45... Ne4 46. Kh2 46... Rb5 47.
Rxb5 47... Ra3 48. Kg2 48... Ng5 49. Kh2 49... Ra2 50. Kg3 50... a4 51.
Ra5 51... a3 52. Kh4 52... Nf3 53. Kg3 53... Nd4 54. Kf4 54... Ne6 55.
Ke3 55... Ra1 56. Kf3 56... a2 57. Kg3 57... Rg1 58. Kf2 58... a1=Q 59.
Rxa1 59... Rxa1 60. Kg3 60... Ra3 61. Kf2 61... Kg5 62. Kg2 62... Kg4 63. Kf2 63... h4 64.
Kg2 64... Ra2 65. Kh1 65... g5 66. Kg1 66... Kg3 67. Kf1 67... h3 68.
Kg1 68... Ra1",1. 0:03:00 1... 0:03:00 2. 0:03:00 2... 0:03:00 3. 0:03:02 3... 0:03:01 4. 0:03:03 4... 0:03:02 5. 0:03:04 5... 0:03:03 6. 0:03:04 6... 0:03:03 7. 0:03:05 7... 0:03:01 8. 0:03:06 8... 0:03:01 9. 0:03:02 9... 0:02:55 10. 0:03:03 10... 0:02:48 11. 0:02:57 11... 0:02:49 12. 0:02:59 12... 0:02:44 13. 0:02:58 13... 0:02:39 14. 0:02:50 14... 0:02:35 15. 0:02:50 15... 0:02:33 16. 0:02:49 16... 0:02:34 17. 0:02:41 17... 0:02:22 18. 0:02:36 18... 0:02:16 19. 0:02:33 19... 0:02:16 20. 0:02:33 20... 0:02:14 21. 0:02:32 21... 0:02:12 22. 0:02:31 22... 0:02:12 23. 0:02:28 23... 0:02:07 24. 0:02:27 24... 0:01:58 25. 0:02:18 25... 0:01:53 26. 0:02:05 26... 0:01:48 27. 0:01:57 27... 0:01:39 28. 0:01:53 28... 0:01:31 29. 0:01:49 29... 0:01:26 30. 0:01:46 30... 0:01:24 31. 0:01:43 31... 0:01:24 32. 0:01:45 32... 0:01:18 33. 0:01:45 33... 0:01:10 34. 0:01:44 34... 0:01:11 35. 0:01:39 35... 0:01:11 36. 0:01:33 36... 0:01:07 37. 0:01:31 37... 0:01:04 38. 0:01:29 38... 0:01:02 39. 0:01:30 39... 0:01:02 40. 0:01:30 40... 0:01:00 41. 0:01:30 41... 0:00:59 42. 0:01:27 42... 0:01:00 43. 0:01:27 43... 0:00:57 44. 0:01:26 44... 0:00:55 45. 0:01:27 45... 0:00:48 46. 0:01:25 46... 0:00:47 47. 0:01:23 47... 0:00:42 48. 0:01:21 48... 0:00:39 49. 0:01:20 49... 0:00:40 50. 0:01:20 50... 0:00:39 51. 0:01:21 51... 0:00:40 52. 0:01:21 52... 0:00:40 53. 0:01:21 53... 0:00:39 54. 0:01:19 54... 0:00:38 55. 0:01:18 55... 0:00:36 56. 0:01:16 56... 0:00:36 57. 0:01:17 57... 0:00:36 58. 0:01:11 58... 0:00:35 59. 0:01:10 59... 0:00:34 60. 0:01:11 60... 0:00:35 61. 0:01:11 61... 0:00:35 62. 0:01:11 62... 0:00:35 63. 0:01:12 63... 0:00:35 64. 0:01:13 64... 0:00:36 65. 0:01:14 65... 0:00:37 66. 0:01:15 66... 0:00:32 67. 0:01:15 67... 0:00:33 68. 0:01:16 68... 0:00:32,
Rated Blitz game,https://lichess.org/nOD3M2wY,2024.08.01,-,iStayiClean,kimpop2,1-0,2024.08.01,00:03:52,1678,1670,,,B08,Pirc Defense: Classical Variation,180+2,Normal,"1. d4 1... g6 2. e4 2... Bg7 3. Nf3 3... d6 4. Nc3 4... Nf6 5. Bc4 5... O-O 6. h4 6... e5 7. Be3 7... Re8 8. Bg5 8... h6 9. dxe5 9...
dxe5 10. Be3 10... Qxd1 11. Rxd1 11... Bg4 12.
Nd5 12... Nxd5 13. Bxd5 13... c6 14. Bb3 14...
Na6 15. Rd2 15... Rad8 16. O-O 16... Rxd2 17. Nxd2 17... Kh7 18. Nc4 18... f5 19. f3 19... Bh5 20. Bxa7 20... Nc7 21.
Nd6 21... Rd8 22. Nxb7 22... Rd7 23. Nc5 23... Rd2 24. Nd3 24... fxe4 25.
fxe4 25... Be2 26. Rf2 26... Rxd3 27. cxd3 27... Bxd3 28. Bb8 28... Nb5 29.
Rf7 29... Kg8 30. Re7",1. 0:03:00 1... 0:03:00 2. 0:02:55 2... 0:03:02 3. 0:02:53 3... 0:03:04 4. 0:02:54 4... 0:03:05 5. 0:02:54 5... 0:03:05 6. 0:02:55 6... 0:03:06 7. 0:02:54 7... 0:02:52 8. 0:02:50 8... 0:02:49 9. 0:02:42 9... 0:02:49 10. 0:02:27 10... 0:02:47 11. 0:02:27 11... 0:02:47 12. 0:02:21 12... 0:02:46 13. 0:02:21 13... 0:02:47 14. 0:02:19 14... 0:02:48 15. 0:02:12 15... 0:02:47 16. 0:02:03 16... 0:02:37 17. 0:02:03 17... 0:02:28 18. 0:02:00 18... 0:02:21 19. 0:01:55 19... 0:02:20 20. 0:01:46 20... 0:02:14 21. 0:01:36 21... 0:01:58 22. 0:01:34 22... 0:01:59 23. 0:01:33 23... 0:01:58 24. 0:01:24 24... 0:01:51 25. 0:01:24 25... 0:01:44 26. 0:01:16 26... 0:01:31 27. 0:01:16 27... 0:01:33 28. 0:01:10 28... 0:01:32 29. 0:01:07 29... 0:01:30 30. 0:01:04,
Rated Blitz game,https://lichess.org/PiXOfGxs,2024.08.01,-,luisbeper,PHunt,1-0,2024.08.01,00:03:52,1275,1256,,,C23,Bishop's Opening: Boi Variation,180+2,Normal,"1. e4 1... e5 2. Bc4 2... Bc5 3. d3 3... Qh4 4. Qf3 4... Nf6 5. Nh3 5... d6 6. O-O 6...
Bxh3 7. Qxh3 7... Qxh3 8. gxh3 8... Nbd7 9. Kh1 9... c6 10. Be3 10...
Bxe3 11. fxe3 11... d5 12. exd5 12... cxd5 13. Bb5 13... O-O 14. Nc3 14... a6 15. Ba4 15... b5 16. Bb3 16... d4 17.
exd4 17... exd4 18. Ne2 18... Nb8 19. Nxd4 19... Nbd7 20. Rf2 20... Ne5 21. Rg1 21... Rad8 22.
Nf5 22... g6 23. Ne7 23... Kh8 24. Rxf6 24... Rd7 25. Nd5 25... Re8 26.
Rf2 26... f5 27. Nf6 27... Rde7 28. Nxe8 28... Rxe8 29. Re1 29... a5 30.
Rfe2 30... a4 31. Bd5 31... Kg7 32. Rxe5 32... Rxe5 33. Rxe5 33... Kf6 34.
Re6 34... Kg5 35. Re7 35... f4 36. Rxh7 36... Kf5 37. Rf7 37... Kg5 38.
Rb7 38... Kf5 39. Rxb5 39... Ke5 40. Bc6 40... Kd4 41. Ra5 41... Ke3 42.
Rxa4 42... f3 43. Kg1 43... f2 44. Kf1 44... g5 45. Rg4 45... Kd2 46.
Rxg5 46... Kxc2 47. Rf5 47... Kxd3 48. Rxf2 48... Kc4 49. Bf3 49... Kd3 50. h4 50... Ke3 51.
Be2 51... Kd2 52. Bb5 52... Kc1 53. h5 53... Kb1 54. h6 54... Kxa2 55.
h7 55... Kb3 56. h8=Q 56... Ka2 57. Qa8 57... Kb3 58. Qd5 58... Kb4 59.
Rf4 59... Ka5 60. Bd7 60... Kb6 61. Rb4 61... Kc7 62. Rc4 62... Kd8 63. Bg4 63... Ke7 64.
Re4 64... Kf6 65. Qf5 65... Kg7 66. Be2 66... Kg8 67. Rg4 67... Kh8 68. Qh5",1. 0:03:00 1... 0:03:00 2. 0:03:01 2... 0:03:01 3. 0:03:02 3... 0:03:01 4. 0:03:00 4... 0:03:02 5. 0:02:57 5... 0:03:02 6. 0:02:58 6... 0:03:03 7. 0:02:55 7... 0:02:59 8. 0:02:55 8... 0:02:55 9. 0:02:53 9... 0:02:54 10. 0:02:43 10... 0:02:54 11. 0:02:44 11... 0:02:55 12. 0:02:43 12... 0:02:57 13. 0:02:43 13... 0:02:50 14. 0:02:43 14... 0:02:45 15. 0:02:44 15... 0:02:46 16. 0:02:45 16... 0:02:42 17. 0:02:45 17... 0:02:42 18. 0:02:46 18... 0:02:37 19. 0:02:41 19... 0:02:35 20. 0:02:36 20... 0:02:35 21. 0:02:33 21... 0:02:27 22. 0:02:33 22... 0:02:25 23. 0:02:28 23... 0:02:20 24. 0:02:28 24... 0:02:12 25. 0:02:22 25... 0:02:03 26. 0:02:09 26... 0:01:59 27. 0:02:09 27... 0:01:56 28. 0:02:09 28... 0:01:57 29. 0:02:09 29... 0:01:47 30. 0:02:03 30... 0:01:46 31. 0:02:02 31... 0:01:42 32. 0:02:03 32... 0:01:41 33. 0:02:03 33... 0:01:43 34. 0:02:00 34... 0:01:42 35. 0:01:59 35... 0:01:43 36. 0:01:58 36... 0:01:45 37. 0:01:58 37... 0:01:45 38. 0:01:56 38... 0:01:44 39. 0:01:56 39... 0:01:45 40. 0:01:57 40... 0:01:43 41. 0:01:56 41... 0:01:44 42. 0:01:56 42... 0:01:45 43. 0:00:20 43... 0:01:44 44. 0:00:21 44... 0:01:44 45. 0:00:20 45... 0:01:42 46. 0:00:20 46... 0:01:43 47. 0:00:21 47... 0:01:41 48. 0:00:22 48... 0:01:43 49. 0:00:23 49... 0:01:43 50. 0:00:24 50... 0:01:44 51. 0:00:24 51... 0:01:44 52. 0:00:24 52... 0:01:45 53. 0:00:25 53... 0:01:43 54. 0:00:23 54... 0:01:44 55. 0:00:23 55... 0:01:45 56. 0:00:23 56... 0:01:46 57. 0:00:23 57... 0:01:47 58. 0:00:23 58... 0:01:47 59. 0:00:23 59... 0:01:47 60. 0:00:23 60... 0:01:48 61. 0:00:23 61... 0:01:49 62. 0:00:22 62... 0:01:50 63. 0:00:21 63... 0:01:51 64. 0:00:22 64... 0:01:52 65. 0:00:23 65... 0:01:53 66. 0:00:22 66... 0:01:50 67. 0:00:22 67... 0:01:51 68. 0:00:21,
Rated Blitz game,https://lichess.org/Dl66gGPG,2024.08.01,-,BTstro,Lawdeedaw,0-1,2024.08.01,00:03:52,1525,1527,,,D00,Queen's Pawn Game: Accelerated London System,180+2,Time forfeit,"1. d4 1... d5 2. Bf4 2... e6 3. e3 3... Bd6 4. Bg3 4... Nf6 5. Be2 5... Ne4 6. Nf3 6... Nxg3 7. hxg3 7... Nd7 8. c3 8... Nf6 9. Nbd2 9...
Bd7 10. Qb1 10... Qe7 11. c4 11... c6 12. a3 12... O-O 13. Ng5 13... Ne4 14. Ndxe4 14... dxe4 15. Nxe4 15... f5 16. Nxd6 16... Qxd6 17. c5 17... Qd5 18. Bf3 18... Qc4 19. b4 19... Qc3 20.
Ke2 20... Be8 21. g4 21... Bg6 22. Qc1 22... Qxc1 23. Raxc1 23... fxg4 24. Bxg4 24... Bf5 25. Bxf5 25... Rxf5 26. Rh2 26... Raf8 27. f3 27... e5 28. Rch1 28... h6 29.
e4 29... R5f6 30. dxe5 30... Re6 31. Ke3 31... Rxe5 32. Rd1 32... Re6 33.
Rd7 33... Rf7 34. Rd8 34... Kh7 35. Ra8 35... b6 36. cxb6 36... axb6 37. Rb8 37... c5 38. bxc5 38... bxc5 39. Rh1 39... Rc6 40. Rc1 40... Ra7 41. Rc3 41... c4 42.
Rb4 42... Rac7 43. a4 43... g5 44. a5 44... h5 45. Kd4 45... h4 46.
a6 46... Rxa6 47. Rbxc4 47... Rxc4 48. Rxc4 48... Rd6 49. Ke5 49... Rd2 50. Rc7 50... Kg6 51.
Rc6 51... Kf7 52. Rf6 52... Kg7 53. Rf5 53... Rxg2 54. Ke6 54... h3",1. 0:03:00 1... 0:03:00 2. 0:03:00 2... 0:03:00 3. 0:03:01 3... 0:03:01 4. 0:03:01 4... 0:03:01 5. 0:02:59 5... 0:03:00 6. 0:02:53 6... 0:02:57 7. 0:02:54 7... 0:02:49 8. 0:02:53 8... 0:02:51 9. 0:02:46 9... 0:02:49 10. 0:02:46 10... 0:02:47 11. 0:02:35 11... 0:02:41 12. 0:02:30 12... 0:02:32 13. 0:02:25 13... 0:02:16 14. 0:02:15 14... 0:02:16 15. 0:02:11 15... 0:02:14 16. 0:01:55 16... 0:02:11 17. 0:01:56 17... 0:02:10 18. 0:01:50 18... 0:02:05 19. 0:01:20 19... 0:01:42 20. 0:01:11 20... 0:01:31 21. 0:00:54 21... 0:01:29 22. 0:00:32 22... 0:00:45 23. 0:00:31 23... 0:00:44 24. 0:00:32 24... 0:00:44 25. 0:00:30 25... 0:00:41 26. 0:00:30 26... 0:00:42 27. 0:00:30 27... 0:00:41 28. 0:00:25 28... 0:00:41 29. 0:00:24 29... 0:00:36 30. 0:00:23 30... 0:00:37 31. 0:00:21 31... 0:00:38 32. 0:00:21 32... 0:00:29 33. 0:00:21 33... 0:00:27 34. 0:00:21 34... 0:00:27 35. 0:00:18 35... 0:00:26 36. 0:00:17 36... 0:00:27 37. 0:00:17 37... 0:00:28 38. 0:00:15 38... 0:00:29 39. 0:00:16 39... 0:00:29 40. 0:00:15 40... 0:00:23 41. 0:00:13 41... 0:00:20 42. 0:00:11 42... 0:00:19 43. 0:00:12 43... 0:00:16 44. 0:00:12 44... 0:00:17 45. 0:00:07 45... 0:00:18 46. 0:00:05 46... 0:00:18 47. 0:00:06 47... 0:00:18 48. 0:00:07 48... 0:00:18 49. 0:00:08 49... 0:00:19 50. 0:00:08 50... 0:00:16 51. 0:00:09 51... 0:00:17 52. 0:00:09 52... 0:00:18 53. 0:00:03 53... 0:00:16 54. 0:00:03 54... 0:00:14,
Rated Blitz game,https://lichess.org/KwC8yRgl,2024.08.01,-,Mazarov2231,uglerod1k,1-0,2024.08.01,00:03:52,1494,1514,,,C70,Ruy Lopez: Morphy Defense,180+2,Normal,"1. e4 1... e5 2. Nf3 2... Nc6 3. Bb5 3... a6 4. Ba4 4... h6 5. c3 5... Nf6 6. d3 6...
Bc5 7. Bxc6 7... dxc6 8. Nxe5 8... O-O 9. O-O 9... Bd6 10. Nc4 10...
Bg4 11. f3 11... Bh5 12. Kh1 12... b5 13. Nca3 13... Re8 14. Re1 14... Bxh2 15. Kxh2 15... Qd6 16. Kh1 16... Qg3 17.
Re3 17... Re5 18. Qe1 18... Qg6 19. Qf2 19... Bg4 20. fxg4 20... Nxg4 21. Qg3 21... Qh5 22. Kg1 22... Nxe3 23. Bxe3 23... Qd1 24. Kf2 24... Qxd3 25. Nd2 25... Rxe4 26.
Nxe4",1. 0:03:00 1... 0:03:00 2. 0:02:49 2... 0:03:01 3. 0:02:50 3... 0:03:02 4. 0:02:50 4... 0:03:02 5. 0:02:49 5... 0:03:02 6. 0:02:47 6... 0:02:57 7. 0:02:42 7... 0:02:57 8. 0:02:43 8... 0:02:24 9. 0:02:42 9... 0:02:13 10. 0:02:38 10... 0:02:04 11. 0:02:36 11... 0:02:02 12. 0:02:36 12... 0:01:55 13. 0:02:28 13... 0:01:50 14. 0:02:28 14... 0:01:26 15. 0:02:27 15... 0:01:27 16. 0:02:27 16... 0:01:26 17. 0:02:04 17... 0:01:15 18. 0:02:03 18... 0:01:01 19. 0:01:43 19... 0:00:52 20. 0:01:37 20... 0:00:53 21. 0:01:33 21... 0:00:46 22. 0:01:27 22... 0:00:39 23. 0:01:27 23... 0:00:33 24. 0:01:23 24... 0:00:26 25. 0:01:16 25... 0:00:26 26. 0:01:16,
Rated Blitz game,https://lichess.org/j16niLnu,2024.08.01,-,baiquni,spiderman455,0-1,2024.08.01,00:03:52,1622,1523,,,D20,Queen's Gambit Accepted,180+2,Time forfeit,"1. d4 1... d5 2. c4 2... dxc4 3. Nc3 3... Bf5 4. Nf3 4... e6 5. a3 5... Nf6 6. Bg5 6...
Be7 7. e3 7... Nc6 8.
Bxc4 8... O-O 9. O-O 9... h6 10. Bh4 10... Ng4 11. Bxe7 11... Qxe7 12. Rc1 12... Qd6 13. b4 13... Nf6 14. Ba2 14... Be4 15. Nxe4 15... Nxe4 16. Bb1 16... Ng5 17.
Nxg5 17... hxg5 18. Qc2 18... g6 19. Rfd1 19... Kg7 20. Qe4 20... Rh8 21. h3 21... g4 22.
Qxg4 22... Rh6 23. f4 23... Rah8 24. Rc5 24... Rh4 25. Qg3 25... Ne7 26.
Re5 26... c6 27. Ba2 27... Nf5 28. Qf2 28... Qe7 29. d5 29... cxd5 30.
Bxd5 30... Qd6 31. Bf3 31... Qa6 32. Qb2 32... Kf8 33. Rxf5 33... gxf5 34. Qd2 34... Qb6",1. 0:03:00 1... 0:03:00 2. 0:03:01 2... 0:03:01 3. 0:03:02 3... 0:03:01 4. 0:03:03 4... 0:03:01 5. 0:03:03 5... 0:02:59 6. 0:03:03 6... 0:02:59 7. 0:03:03 7... 0:02:47 8. 0:03:02 8... 0:02:45 9. 0:03:02 9... 0:02:34 10. 0:03:02 10... 0:02:27 11. 0:03:02 11... 0:02:26 12. 0:02:58 12... 0:02:25 13. 0:02:53 13... 0:02:07 14. 0:02:49 14... 0:02:07 15. 0:02:47 15... 0:02:07 16. 0:02:43 16... 0:01:59 17. 0:02:37 17... 0:01:59 18. 0:02:37 18... 0:01:56 19. 0:02:31 19... 0:01:55 20. 0:02:20 20... 0:01:54 21. 0:02:16 21... 0:01:43 22. 0:02:15 22... 0:01:41 23. 0:02:03 23... 0:01:41 24. 0:01:49 24... 0:01:34 25. 0:01:46 25... 0:01:29 26. 0:01:15 26... 0:01:20 27. 0:01:10 27... 0:01:16 28. 0:00:54 28... 0:00:55 29. 0:00:36 29... 0:00:48 30. 0:00:25 30... 0:00:33 31. 0:00:20 31... 0:00:18 32. 0:00:10 32... 0:00:11 33. 0:00:05 33... 0:00:06 34. 0:00:03 34... 0:00:04,
Rated Blitz game,https://lichess.org/YexjuLlX,2024.08.01,-,t_m_zugzwang,Bretdor,0-1,2024.08.01,00:03:52,1767,1721,,,C64,"Ruy Lopez: Classical Variation, Central Variation",180+2,Normal,"1. e4 1... e5 2. Nf3 2... Nc6 3. Bb5 3... Bc5 4. c3 4... d6 5. d4 5... exd4 6. cxd4 6...
Bb4 7. Nc3 7... Bd7 8. a3 8... Ba5 9. b4 9... Bb6 10. Bc4 10... Nf6 11. e5 11... dxe5 12.
dxe5 12... Ng4 13. O-O 13... O-O 14. Nd5 14... Ncxe5 15. Nxe5 15... Nxe5 16. Nxb6 16... axb6 17. Re1 17... Nxc4 18. Qd5 18... Be6 19. Qxb7 19... Bd5",1. 0:03:00 1... 0:03:00 2. 0:03:01 2... 0:03:01 3. 0:03:02 3... 0:03:02 4. 0:03:02 4... 0:03:00 5. 0:03:01 5... 0:03:00 6. 0:03:03 6... 0:03:01 7. 0:03:03 7... 0:03:02 8. 0:03:03 8... 0:03:01 9. 0:02:59 9... 0:03:01 10. 0:02:38 10... 0:02:33 11. 0:02:35 11... 0:02:33 12. 0:02:37 12... 0:02:26 13. 0:02:37 13... 0:02:25 14. 0:01:40 14... 0:02:06 15. 0:01:25 15... 0:02:02 16. 0:01:26 16... 0:01:53 17. 0:01:27 17... 0:01:53 18. 0:01:16 18... 0:01:49 19. 0:01:06 19... 0:01:39,
Rated Blitz game,https://lichess.org/6tVpGpK0,2024.08.01,-,Yamilcas,sergio19gonzalez,0-1,2024.08.01,00:03:52,1186,1174,,,B02,Alekhine Defense: Normal Variation,180+2,Normal,"1. e4 1... Nf6 2. e5 2... Nd5 3. Bc4 3... Nb6 4. Bb3 4... e6 5. Nf3 5... f6 6. d4 6...
f5 7. Bg5 7... Be7 8. h4 8... O-O 9. Qd2 9... a5 10. c3 10... Nc6 11. O-O 11... a4 12. Bc2 12...
Nc4 13. Qc1 13... d5 14. Na3 14... N6a5 15. Bxa4 15... Nxa3 16. bxa3 16... Nc4 17. Bc2 17... Bxa3 18. Qf4 18... Qe8 19. g4 19...
fxg4 20. Nh2 20... Rxf4",1. 0:03:00 0. 0:03:00 1... 0:03:00 0. 0:03:01 2. 0:02:56 0. 0:02:53 2... 0:02:55 0. 0:02:52 3. 0:02:52 0. 0:02:51 3... 0:02:53 0. 0:02:51 4. 0:02:51 0. 0:02:48 4... 0:02:52 0. 0:02:48 5. 0:02:45 0. 0:02:47 5... 0:02:43 1. 0:02:38 6. 0:02:39 1. 0:02:38 6... 0:02:39 2. 0:02:37 7. 0:02:27 1. 0:02:20 7... 0:02:23 1. 0:02:16 8. 0:02:15 1. 0:02:14 8... 0:02:14 1. 0:02:14 9. 0:01:39 1. 0:02:09 9... 0:01:30 1. 0:01:58 10. 0:01:00 0. 0:01:56 10... 0:00:55 1. 0:01:55,
Rated Blitz game,https://lichess.org/Mg1ZjyOM,2024.08.01,-,charlieeeeexxxxx,Marco093,1-0,2024.08.01,00:03:52,1613,1651,,,B06,Modern Defense,180+2,Normal,"1. e4 1... g6 2. Nf3 2... Bg7 3. Bc4 3... d6 4. O-O 4... Bg4 5. h3 5... Bxf3 6. Qxf3 6...
Nf6 7. Nc3 7... Nc6 8.
Bb5 8... O-O 9. Bxc6 9... bxc6 10. Qe3 10... d5 11. d4 11... Nxe4 12.
Nxe4 12... dxe4 13. Qxe4 13... Bxd4 14. Rd1 14... c5 15. Be3 15... f5 16. Qe6 16... Kg7 17.
c3 17... Rf6 18. Qb3 18... Rb8 19. Qa3 19... e5 20. cxd4 20... cxd4 21. Bg5 21... Rbb6 22. Bxf6 22... Rxf6 23. Qxa7 23... e4 24. Rxd4 24... Rd6 25. Rxd6 25... Qxd6 26. Rc1 26... Kh6 27. Rxc7 27... Qd1 28. Kh2 28... f4 29. Rxh7 29... Kg5 30. Qe7 30... Kf5 31.
Rf7",1. 0:03:00 1... 0:03:00 2. 0:03:01 2... 0:03:01 3. 0:03:03 3... 0:03:01 4. 0:03:04 4... 0:03:01 5. 0:03:04 5... 0:03:02 6. 0:03:05 6... 0:03:04 7. 0:03:07 7... 0:03:03 8. 0:03:00 8... 0:03:00 9. 0:02:52 9... 0:03:01 10. 0:02:42 10... 0:02:58 11. 0:02:31 11... 0:02:54 12. 0:02:31 12... 0:02:54 13. 0:02:25 13... 0:02:45 14. 0:02:22 14... 0:02:36 15. 0:02:17 15... 0:02:37 16. 0:02:15 16... 0:02:35 17. 0:02:13 17... 0:02:35 18. 0:02:01 18... 0:02:33 19. 0:01:47 19... 0:01:45 20. 0:01:47 20... 0:01:44 21. 0:01:48 21... 0:01:11 22. 0:01:46 22... 0:01:12 23. 0:01:46 23... 0:01:05 24. 0:01:28 24... 0:00:56 25. 0:01:28 25... 0:00:57 26. 0:01:25 26... 0:00:55 27. 0:01:12 27... 0:00:56 28. 0:01:13 28... 0:00:46 29. 0:01:12 29... 0:00:47 30. 0:01:13 30... 0:00:48 31. 0:01:13,
Rated Blitz game,https://lichess.org/JPfJI369,2024.08.01,-,LUISGUZ64,Philautia15,0-1,2024.08.01,00:03:42,1628,1646,,,D40,Queen's Gambit Declined: Semi-Tarrasch Defense,180+2,Normal,"1. d4 1... d5 2. c4 2... e6 3. Nc3 3... Nf6 4. Nf3 4... c5 5. Qc2 5... cxd4 6. Nxd4 6...
Nc6 7. Nxc6 7... bxc6 8. cxd5 8... cxd5 9. e4 9... Bd7 10. exd5 10... exd5 11. Bg5 11... Bb4 12. O-O-O 12... Bxc3 13. Qxc3 13... O-O 14. Kb1 14... Be6 15. Bxf6 15... Qxf6 16. Qxf6 16... gxf6 17. Bd3 17... Rab8 18.
Rc1 18... Rfc8 19. Rxc8 19... Rxc8 20. Ba6 20... Rc7 21. Rc1 21... Bf5",1. 0:03:00 1... 0:03:00 2. 0:03:01 2... 0:03:01 3. 0:03:03 3... 0:03:02 4. 0:03:04 4... 0:02:58 5. 0:03:05 5... 0:02:55 6. 0:03:07 6... 0:02:54 7. 0:03:03 7... 0:02:55 8. 0:03:03 8... 0:02:55 9. 0:02:58 9... 0:02:14 10. 0:02:58 10... 0:02:08 11. 0:02:49 11... 0:02:00 12. 0:02:48 12... 0:01:47 13. 0:02:42 13... 0:01:47 14. 0:02:37 14... 0:01:20 15. 0:02:24 15... 0:01:18 16. 0:02:24 16... 0:01:19 17. 0:02:25 17... 0:01:16 18. 0:02:23 18... 0:01:10 19. 0:02:22 19... 0:01:11 20. 0:02:16 20... 0:01:09 21. 0:02:11 21... 0:01:07,
Rated Blitz game,https://lichess.org/Qk8B6WWR,2024.08.01,-,Sergey_Miass,RafaelRey,1-0,2024.08.01,00:03:42,1648,1713,,,B21,Sicilian Defense: Smith-Morra Gambit Accepted,180+2,Normal,"1. e4 1... c5 2. d4 2... cxd4 3. c3 3... dxc3 4. Nxc3 4... a6 5. Nf3 5... d6 6. Bc4 6... e6 7. O-O 7... Qc7 8. Qe2 8... b5 9. Bb3 9...
Nf6 10. Bg5 10... Be7 11. Rac1 11... Qb6 12. e5 12... dxe5 13. Nxe5 13... O-O 14. Ng4 14... Nxg4 15. Bxe7 15... Nxh2 16. Bxf8 16... Nxf1 17. Bxg7 17... Ng3 18. Qg4 18... Qc6 19. Qxg3 19... Bb7 20. Bh6",1. 0:03:00 1... 0:03:00 2. 0:03:00 2... 0:03:00 3. 0:03:02 3... 0:03:00 4. 0:03:04 4... 0:03:01 5. 0:03:06 5... 0:02:59 6. 0:03:07 6... 0:03:00 7. 0:03:08 7... 0:03:01 8. 0:03:09 8... 0:02:58 9. 0:03:10 9... 0:02:58 10. 0:03:10 10... 0:02:58 11. 0:03:09 11... 0:02:47 12. 0:03:04 12... 0:02:43 13. 0:03:03 13... 0:02:34 14. 0:03:04 14... 0:02:12 15. 0:03:04 15... 0:02:04 16. 0:03:03 16... 0:02:01 17. 0:02:56 17... 0:01:29 18. 0:02:57 18... 0:00:34 19. 0:02:46 19... 0:00:33 20. 0:02:46,
Rated Blitz game,https://lichess.org/TgTbfh5T,2024.08.01,-,Tuka305,jpa710,1-0,2024.08.01,00:03:42,1236,1233,,,C42,Russian Game: Italian Variation,180+2,Normal,"1. e4 1... e5 2. Bc4 2... Nf6 3. Nf3 3... Bc5 4. Nxe5 4... O-O 5. d3 5... d6 6. Nf3 6...
Bg4 7. Nbd2 7... Nc6 8. h3 8... Bh5 9. Nf1 9... Nd4 10. g4 10... Bg6 11. Nh4 11... h6 12.
Nxg6",1. 0:03:00 1... 0:03:00 2. 0:02:57 2... 0:03:01 3. 0:02:58 3... 0:03:01 4. 0:02:57 4... 0:03:02 5. 0:02:51 5... 0:03:01 6. 0:02:49 6... 0:02:37 7. 0:02:48 7... 0:02:31 8. 0:02:48 8... 0:02:31 9. 0:02:42 9... 0:02:27 10. 0:02:36 10... 0:02:17 11. 0:02:21 11... 0:02:08 12. 0:02:20,
Rated Blitz game,https://lichess.org/UO43w9q9,2024.08.01,-,deftedge,juicetintuna,1-0,2024.08.01,00:03:42,1769,1828,,,D07,"Queen's Gambit Declined: Chigorin Defense, Tartakower Gambit",180+2,Normal,"1. d4 1... d5 2. c4 2... Nc6 3. Nc3 3... e5 4. cxd5 4... Nxd4 5.
e3 5... Nf5 6. Bd3 6... Nf6 7. e4 7... Nd4 8. Nge2 8... Bb4 9.
Qa4 9... Nc6 10. dxc6 10... Bxc3",1. 0:03:00 1... 0:03:00 2. 0:03:01 2... 0:03:01 3. 0:03:02 3... 0:03:02 4. 0:02:54 4... 0:03:02 5. 0:02:27 5... 0:03:00 6. 0:02:10 6... 0:03:00 7. 0:01:54 7... 0:02:59 8. 0:01:52 8... 0:02:57 9. 0:01:48 9... 0:02:51 10. 0:01:49 10... 0:02:49,
Rated Blitz game,https://lichess.org/86TD7K03,2024.08.01,-,AlexanderGust,bad64,1-0,2024.08.01,00:03:42,2122,2043,,,C10,French Defense: Rubinstein Variation,180+2,Time forfeit,"1. e4 1... e6 2. d4 2... d5 3. Nc3 3... dxe4 4. Nxe4 4... Nf6 5.
Ng3 5... Be7 6. Nf3 6... O-O 7. Be3 7... b6 8. Bd3 8... Bb7 9. O-O 9... Nbd7 10. c3 10...
c5 11. Bc2 11... cxd4 12. Nxd4 12... Qc7 13. Qe2 13... g6 14. Rac1 14... Rfd8 15. h4 15... h5 16. Rfd1 16... Nd5 17.
Bg5 17... Bxg5 18. hxg5 18... Qe5 19. Qxe5 19... Nxe5 20. Ne4 20... Kg7 21. Nb5 21... Nf4 22.
Rxd8 22... Rxd8 23. Re1 23... Bxe4 24. Bxe4 24... Ned3 25. Rb1 25... a6 26. Nd4 26... Nc5 27.
Bf3 27... e5 28. Nc6 28... Re8 29. Re1 29... e4 30. b4 30... Na4 31.
Re3 31... Rc8 32. Bd1 32... Rxc6 33. Bxa4 33... b5 34. Bb3 34... Ne6 35.
Rxe4 35... Nxg5 36. Re3 36... Rd6 37. Kf1 37... Kf6 38. Ke2 38... Nh7 39. Rf3 39... Kg5 40.
Rxf7 40... Nf6 41. g3 41... Ng4 42. f3 42... Ne5 43. f4 43... Kh6 44.
fxe5",1. 0:03:00 1... 0:03:00 2. 0:03:00 2... 0:03:01 3. 0:03:01 3... 0:03:02 4. 0:03:01 4... 0:03:04 5. 0:02:55 5... 0:03:05 6. 0:02:56 6... 0:03:06 7. 0:02:52 7... 0:03:06 8. 0:02:49 8... 0:03:07 9. 0:02:47 9... 0:03:07 10. 0:02:48 10... 0:03:08 11. 0:02:45 11... 0:03:08 12. 0:02:45 12... 0:02:50 13. 0:02:18 13... 0:02:26 14. 0:02:18 14... 0:02:25 15. 0:02:16 15... 0:02:17 16. 0:02:11 16... 0:02:06 17. 0:02:00 17... 0:02:02 18. 0:01:59 18... 0:01:57 19. 0:01:52 19... 0:01:58 20. 0:01:42 20... 0:01:40 21. 0:01:19 21... 0:01:29 22. 0:01:11 22... 0:01:28 23. 0:01:13 23... 0:01:25 24. 0:01:11 24... 0:01:19 25. 0:01:05 25... 0:01:15 26. 0:01:02 26... 0:01:12 27. 0:00:57 27... 0:00:53 28. 0:00:54 28... 0:00:50 29. 0:00:46 29... 0:00:43 30. 0:00:41 30... 0:00:32 31. 0:00:31 31... 0:00:21 32. 0:00:24 32... 0:00:17 33. 0:00:23 33... 0:00:18 34. 0:00:21 34... 0:00:14 35. 0:00:17 35... 0:00:14 36. 0:00:18 36... 0:00:12 37. 0:00:17 37... 0:00:11 38. 0:00:17 38... 0:00:08 39. 0:00:17 39... 0:00:02 40. 0:00:16 40... 0:00:03 41. 0:00:13 41... 0:00:02 42. 0:00:07 42... 0:00:03 43. 0:00:08 43... 0:00:03 44. 0:00:09,
Rated Blitz game,https://lichess.org/kjQ9ahFF,2024.08.01,-,G00G133NP4554NT,Leve_Palestina89,1-0,2024.08.01,00:03:42,1524,1476,,,B23,"Sicilian Defense: Closed, Chameleon Variation",180+2,Normal,"1. e4 1... c5 2. Nc3 2... Nc6 3. Nge2 3... e5 4. Nd5 4... d6 5. Nec3 5... Be7 6. Bc4 6...
Nf6 7. Nxe7 7... Qxe7 8. d3 8... Be6 9. Nd5 9... Bxd5 10. exd5 10... Nb8 11. O-O 11... O-O 12.
f4 12... e4 13. Re1 13... Nbd7 14. dxe4 14... a6 15. e5 15... dxe5 16.
fxe5 16... Nxe5 17. Bf4 17... Nfd7 18. d6 18... Qf6 19. Bxe5 19... Nxe5 20. Bd5 20... Rab8 21.
Rf1 21... Qd8 22. Qh5 22... Qxd6 23. Rad1 23... Qc7 24. Rde1 24... Ng6 25.
Bc4 25... b5 26. Bd5 26... c4 27. b3 27... Nf4 28. Qf5 28... Nxd5 29.
Qxd5 29... c3 30. b4 30... a5 31. bxa5 31... Qxa5 32. Rf3 32... Rbc8 33.
Ref1 33... Qb6 34. Kh1 34... b4 35. Rxf7 35... Rxf7 36. Qxf7 36... Kh8 37. Qf8 37... Rxf8 38. Rxf8",1. 0:03:00 1... 0:03:00 2. 0:03:01 2... 0:03:00 3. 0:03:02 3... 0:03:01 4. 0:03:03 4... 0:03:00 5. 0:03:04 5... 0:03:00 6. 0:02:58 6... 0:02:59 7. 0:02:53 7... 0:02:57 8. 0:02:43 8... 0:02:57 9. 0:02:37 9... 0:02:57 10. 0:02:33 10... 0:02:52 11. 0:02:16 11... 0:02:52 12. 0:02:14 12... 0:02:50 13. 0:02:07 13... 0:02:42 14. 0:02:07 14... 0:02:34 15. 0:01:58 15... 0:02:32 16. 0:02:00 16... 0:02:31 17. 0:01:55 17... 0:02:12 18. 0:01:38 18... 0:02:05 19. 0:01:06 19... 0:02:05 20. 0:01:05 20... 0:01:59 21. 0:00:59 21... 0:01:59 22. 0:00:43 22... 0:01:55 23. 0:00:44 23... 0:01:46 24. 0:00:32 24... 0:01:43 25. 0:00:19 25... 0:01:42 26. 0:00:17 26... 0:01:41 27. 0:00:15 27... 0:01:33 28. 0:00:05 28... 0:01:32 29. 0:00:07 29... 0:01:31 30. 0:00:08 30... 0:01:30 31. 0:00:07 31... 0:01:31 32. 0:00:08 32... 0:01:24 33. 0:00:08 33... 0:01:20 34. 0:00:09 34... 0:01:19 35. 0:00:08 35... 0:01:15 36. 0:00:08 36... 0:01:16 37. 0:00:09 37... 0:01:17 38. 0:00:09,
Rated Blitz game,https://lichess.org/gLulhD9J,2024.08.01,-,AntoniuxBlock,KorneevIgor,0-1,2024.08.01,00:03:42,1937,1913,,,B18,Caro-Kann Defense: Classical Variation,180+2,Normal,"1. e4 1... c6 2. d4 2... d5 3. Nc3 3... dxe4 4. Nxe4 4... Bf5 5.
Ng3 5... Bg6 6. Nf3 6... Nf6 7. Nh4 7... e6 8. Nxg6 8... hxg6 9.
h3 9... Bd6 10. c3 10... Qc7 11. Qf3 11... Nbd7 12. Ne4 12... Nxe4 13.
Qxe4 13... Nf6 14. Qf3 14... a5 15. a4 15... Rd8 16. Be2 16... g5 17.
Bxg5 17... c5 18. Bxf6 18... gxf6 19. Qxf6 19... Rg8 20. O-O 20... cxd4 21.
Qxd4 21... Bh2 22. Kh1 22... Rxd4 23. cxd4 23... Bd6 24. Rac1 24... Qb6 25. Rc2 25... Ke7 26.
Rd1 26... Qb3 27. Rcd2 27... Qxa4 28. d5 28... Qe4 29. Bf3 29... Qf4 30.
Kg1 30... Qxf3 31. dxe6 31... Qxg2",1. 0:03:00 1... 0:03:00 2. 0:03:00 2... 0:03:01 3. 0:03:00 3... 0:03:01 4. 0:03:02 4... 0:03:03 5. 0:03:02 5... 0:03:03 6. 0:03:03 6... 0:03:04 7. 0:03:03 7... 0:03:05 8. 0:03:04 8... 0:03:07 9. 0:03:04 9... 0:03:07 10. 0:03:05 10... 0:03:08 11. 0:02:59 11... 0:03:06 12. 0:02:58 12... 0:03:07 13. 0:02:59 13... 0:03:09 14. 0:03:00 14... 0:03:07 15. 0:02:59 15... 0:03:03 16. 0:02:57 16... 0:02:58 17. 0:02:55 17... 0:02:49 18. 0:02:53 18... 0:02:48 19. 0:02:54 19... 0:02:49 20. 0:02:52 20... 0:02:44 21. 0:02:52 21... 0:02:40 22. 0:02:52 22... 0:02:41 23. 0:02:54 23... 0:02:36 24. 0:02:51 24... 0:02:35 25. 0:02:50 25... 0:02:23 26. 0:02:48 26... 0:02:11 27. 0:02:48 27... 0:02:04 28. 0:02:48 28... 0:02:00 29. 0:02:47 29... 0:01:58 30. 0:02:41 30... 0:01:57 31. 0:02:40 31... 0:01:54,
Rated Blitz game,https://lichess.org/Va11WTZR,2024.08.01,-,Mgiftano,roland234,1-0,2024.08.01,00:03:42,883,798,,,B27,Sicilian Defense,180+2,Time forfeit,"1. e4 1... c5 2. Nf3 2... f6 3. Bc4 3... e5 4. Nc3 4... d6 5. O-O 5... Bg4 6. Be2 6... Nc6 7. Ne1 7... Bxe2 8.
Qxe2 8... Nd4 9. Qh5 9... g6 10. Qg4 10... Qd7 11. Qxd7 11... Kxd7 12. Nd5 12... Be7 13. Nxe7 13... Kxe7 14. d3 14... Kf7 15. c3 15... Ne2 16. Kh1 16... Nxc1 17.
Rxc1 17... Ne7 18. Nc2 18... Rac8 19. d4 19... c4 20. dxe5 20... dxe5 21. b3 21... b5 22. bxc4 22... bxc4 23. Nb4 23... Nc6 24. Na6 24... Rhd8 25. Nc5 25... Rb8 26.
Na6 26... Rb2 27. Nc5 27... Rxa2 28. Nb3 28... Ra3 29. Nc5 29... Ra5 30.
Nb7 30... f5 31. Nxa5 31... Nxa5 32. Ra1 32... Nc6 33. Ra6 33... Ne7 34.
Rxa7 34... Rd3 35. Rc1 35... fxe4 36. Ra4 36... Rd2 37. Rxc4 37... Kf6 38.
Rxe4 38... Rxf2 39. Rf1",1. 0:03:00 1... 0:03:00 2. 0:02:58 2... 0:02:56 3. 0:02:58 3... 0:02:54 4. 0:02:51 4... 0:02:54 5. 0:02:51 5... 0:02:53 6. 0:02:49 6... 0:02:53 7. 0:02:44 7... 0:02:47 8. 0:02:44 8... 0:02:47 9. 0:02:39 9... 0:02:39 10. 0:02:36 10... 0:02:30 11. 0:02:35 11... 0:02:30 12. 0:02:35 12... 0:02:12 13. 0:02:33 13... 0:02:12 14. 0:02:34 14... 0:02:04 15. 0:02:30 15... 0:01:54 16. 0:02:29 16... 0:01:55 17. 0:02:29 17... 0:01:52 18. 0:02:28 18... 0:01:50 19. 0:02:27 19... 0:01:45 20. 0:02:27 20... 0:01:46 21. 0:02:18 21... 0:01:44 22. 0:02:19 22... 0:01:44 23. 0:02:16 23... 0:01:39 24. 0:02:12 24... 0:01:33 25. 0:02:09 25... 0:01:14 26. 0:02:05 26... 0:01:10 27. 0:01:58 27... 0:01:08 28. 0:01:57 28... 0:01:00 29. 0:01:53 29... 0:00:45 30. 0:01:53 30... 0:00:33 31. 0:01:52 31... 0:00:34 32. 0:01:51 32... 0:00:33 33. 0:01:50 33... 0:00:22 34. 0:01:50 34... 0:00:22 35. 0:01:50 35... 0:00:16 36. 0:01:41 36... 0:00:12 37. 0:01:39 37... 0:00:09 38. 0:01:39 38... 0:00:08 39. 0:01:35,
Rated Blitz game,https://lichess.org/LouziCOW,2024.08.01,-,mulefoot,hetortitor1,0-1,2024.08.01,00:03:42,1530,1602,,,E77,King's Indian Defense: Four Pawns Attack,180+2,Normal,"1. d4 1... d6 2. c4 2... Nf6 3. Nc3 3... g6 4. e4 4... Bg7 5. f4 5... O-O 6. Be2 6...
b6 7. Be3 7... c5 8.
d5 8... a6 9. Rc1 9...
Bd7 10. h3 10... b5 11. cxb5 11... axb5 12. Bxb5 12... Bxb5 13. Nxb5 13... Rxa2 14. Qc2 14... Qa5 15. Nc3 15... Ra1 16.
Ne2 16... Rxc1 17. Nxc1 17... Na6 18. O-O 18... Nb4 19. Qb1 19... Qa6 20. e5 20... Nfxd5 21.
Nxd5 21... Nxd5 22. exd6 22... Nxe3 23. dxe7 23... Qxf1 24. Kh2 24... Qxg2",1. 0:03:00 1... 0:03:00 2. 0:03:00 2... 0:03:01 3. 0:03:00 3... 0:03:02 4. 0:03:01 4... 0:03:03 5. 0:03:01 5... 0:03:05 6. 0:03:01 6... 0:03:05 7. 0:03:02 7... 0:03:06 8. 0:03:01 8... 0:03:07 9. 0:02:56 9... 0:03:02 10. 0:02:39 10... 0:03:03 11. 0:02:38 11... 0:03:04 12. 0:02:37 12... 0:03:05 13. 0:02:37 13... 0:03:06 14. 0:02:31 14... 0:02:58 15. 0:02:29 15... 0:02:56 16. 0:02:23 16... 0:02:57 17. 0:02:20 17... 0:02:57 18. 0:02:14 18... 0:02:58 19. 0:02:15 19... 0:02:34 20. 0:02:09 20... 0:02:30 21. 0:02:07 21... 0:02:31 22. 0:02:07 22... 0:02:26 23. 0:02:07 23... 0:02:27 24. 0:02:05 24... 0:02:26,
Rated Blitz game,https://lichess.org/hNd4pwZG,2024.08.01,-,online12,boriskaramazov,1-0,2024.08.01,00:03:42,1215,1098,,,B00,Pirc Defense,180+2,Normal,"1. e4 1... d6 2. Nf3 2... Nf6 3. Bc4 3... g6 4. d3 4... Bg7 5. Ng5 5... O-O 6. Qf3 6...
Nbd7 7. Bf4 7... Qe8 8. O-O 8... e5 9. Be3 9... Nb6 10. Bb3 10... Bg4 11. Qg3 11... d5 12.
exd5 12... Rd8 13. h3 13... Be2 14. Re1 14... Bh5 15. Bc5 15... e4 16.
Bxf8 16... Bxf8 17. d6 17... Bxd6 18. Bxf7 18... Qxf7 19. Nxf7 19... Bxg3 20. Nxd8 20... exd3 21. cxd3 21... Ng4 22. hxg4 22... Bxg4 23. fxg3",1. 0:03:00 1... 0:03:00 2. 0:03:01 2... 0:03:01 3. 0:03:02 3... 0:03:02 4. 0:02:57 4... 0:03:03 5. 0:02:57 5... 0:03:03 6. 0:02:56 6... 0:03:04 7. 0:02:47 7... 0:03:03 8. 0:02:41 8... 0:03:03 9. 0:02:38 9... 0:03:00 10. 0:02:33 10... 0:02:56 11. 0:02:29 11... 0:02:47 12. 0:02:21 12... 0:02:44 13. 0:02:17 13... 0:02:15 14. 0:02:11 14... 0:01:47 15. 0:02:04 15... 0:01:24 16. 0:02:01 16... 0:01:22 17. 0:01:55 17... 0:01:20 18. 0:01:55 18... 0:01:12 19. 0:01:55 19... 0:01:12 20. 0:01:49 20... 0:01:06 21. 0:01:46 21... 0:00:58 22. 0:01:43 22... 0:00:44 23. 0:01:42,
Rated Blitz game,https://lichess.org/S4oLrtXD,2024.08.01,-,ximikos,kerwing,0-1,2024.08.01,00:03:42,1083,1022,,,C47,Four Knights Game: Italian Variation,180+2,Normal,"1. e4 1... e5 2. Nf3 2... Nc6 3. Nc3 3... Nf6 4. Bc4 4... h6 5.
Bxf7 5... Kxf7 6. d3 6... d5 7. exd5 7... Nxd5 8. d4 8... Bg4 9. h3 9... Bxf3 10. Qxf3 10... Kg8 11. Nxd5 11... Nxd4 12. Qe4 12... Bd6 13.
Be3 13... c5 14. O-O-O 14... Qa5 15. Nc3 15... Rb8 16. Qd5 16... Kh7 17.
Qxd6 17... Rhe8 18. Rhe1 18... Rbd8 19. Qxd8 19... Rxd8 20. Bxd4 20... cxd4 21. Ne4 21... Qxa2 22.
Nc5 22... b6 23. Ne6 23... Rd6 24. Nc7 24... Rc6 25. Nb5 25... d3 26.
Rxd3 26... Qa1 27. Kd2 27... Qxb2 28. Nxa7 28... Qxc2 29. Ke3 29... Re6 30. Nb5 30... Qc5 31.
Nd4 31... exd4 32. Kd2 32... Qb4 33. Kd1 33... Rxe1 34. Kc2 34... Qc4 35. Kd2 35... Ra1 36.
Rg3 36... Ra2 37. Ke1 37... Qc1",1. 0:03:00 1... 0:03:00 2. 0:02:59 2... 0:03:01 3. 0:02:59 3... 0:02:54 4. 0:02:56 4... 0:02:49 5. 0:02:51 5... 0:02:49 6. 0:02:50 6... 0:02:44 7. 0:02:50 7... 0:02:41 8. 0:02:44 8... 0:02:33 9. 0:02:41 9... 0:02:33 10. 0:02:43 10... 0:02:32 11. 0:02:43 11... 0:02:30 12. 0:02:25 12... 0:02:20 13. 0:02:23 13... 0:02:17 14. 0:02:15 14... 0:02:02 15. 0:02:01 15... 0:01:54 16. 0:01:55 16... 0:01:54 17. 0:01:55 17... 0:01:44 18. 0:01:30 18... 0:01:38 19. 0:00:51 19... 0:01:39 20. 0:00:50 20... 0:01:37 21. 0:00:51 21... 0:01:33 22. 0:00:39 22... 0:01:29 23. 0:00:38 23... 0:01:28 24. 0:00:30 24... 0:01:28 25. 0:00:28 25... 0:01:26 26. 0:00:20 26... 0:01:23 27. 0:00:20 27... 0:01:19 28. 0:00:16 28... 0:01:18 29. 0:00:16 29... 0:01:15 30. 0:00:11 30... 0:01:13 31. 0:00:11 31... 0:01:14 32. 0:00:09 32... 0:01:10 33. 0:00:06 33... 0:01:11 34. 0:00:06 34... 0:01:10 35. 0:00:06 35... 0:01:11 36. 0:00:04 36... 0:01:10 37. 0:00:04 37... 0:01:08,
Rated Blitz game,https://lichess.org/GS5DoS1R,2024.08.01,-,tapoukitos,alexsmonte,1-0,2024.08.01,00:03:42,1759,1768,,,D00,Queen's Pawn Game: Accelerated London System,180+2,Normal,"1. d4 1... d5 2. Bf4 2... e6 3. e3 3... Nf6 4. Nd2 4... a6 5. c3 5... c5 6.
Bd3 6... c4 7.
Bc2 7... Nc6 8.
Ngf3 8... Bd6 9. O-O 9... Bxf4 10. exf4 10...
O-O 11. g3 11...
b5 12. a3 12...
a5 13. Ne5 13... Bb7 14. Ndf3 14... b4 15.
axb4 15... axb4 16. Rxa8 16... Bxa8 17. Ba4 17...
Nxe5 18. fxe5 18... Ng4 19. h3 19... Nh6 20.
Bc2 20... b3 21. Bb1 21... Bc6 22. Nh2 22... Qa5 23. Qh5 23... Kh8 24. Ng4 24... Nf5 25. Bxf5 25...
exf5 26. Qxf5 26... Qc7 27. Ra1 27... Bd7 28.
Qf4 28... Bxg4 29. Qxg4 29...
f6 30. e6 30...
Re8 31. Ra6 31... h6 32. Kg2 32... Kg8 33.
Qg6 33... Rd8 34. Qf5 34... Qe7 35. Ra5 35...
Kf8 36. Rxd5 36... Rxd5 37. Qxd5 37... g6 38.
Qxc4 38... Kg7 39. Qxb3 39... f5 40. d5",1. 0:03:00 0. 0:03:00 1... 0:03:00 0. 0:03:01 2. 0:03:01 0. 0:03:02 2... 0:02:54 0. 0:03:04 3. 0:02:56 0. 0:03:05 3... 0:02:54 0. 0:03:04 4. 0:02:55 0. 0:03:04 4... 0:02:56 0. 0:03:05 5. 0:02:52 0. 0:03:05 5... 0:02:53 0. 0:03:04 6. 0:02:54 0. 0:02:55 6... 0:02:51 0. 0:02:54 7. 0:02:52 0. 0:02:54 7... 0:02:49 0. 0:02:50 8. 0:02:50 0. 0:02:50 8... 0:02:35 0. 0:02:51 9. 0:02:26 0. 0:02:47 9... 0:02:21 0. 0:02:41 10. 0:02:14 0. 0:02:40 10... 0:02:10 0. 0:02:39 11. 0:02:10 0. 0:02:29 11... 0:01:52 0. 0:02:28 12. 0:01:31 0. 0:02:11 12... 0:01:30 0. 0:02:04 13. 0:01:29 0. 0:02:04 13... 0:01:30 0. 0:01:59 14. 0:00:57 0. 0:01:53 14... 0:00:53 0. 0:01:42 15. 0:00:53 0. 0:01:30 15... 0:00:42 0. 0:01:22 16. 0:00:24 0. 0:01:21 16... 0:00:22 0. 0:01:09 17. 0:00:20 0. 0:01:07 17... 0:00:14 0. 0:00:59 18. 0:00:06 0. 0:00:49 18... 0:00:06 1. 0:00:50 19. 0:00:07 1. 0:00:47 19... 0:00:07 1. 0:00:49 20. 0:00:07 1. 0:00:48 20... 0:00:07,
Rated Blitz game,https://lichess.org/EnLmW4ON,2024.08.01,-,samourai123,Thomas_Alex,0-1,2024.08.01,00:03:42,2218,2286,,,E63,"King's Indian Defense: Fianchetto Variation, Panno Variation",180+2,Normal,"1. d4 1... d6 2. c4 2... g6 3. Nf3 3... Bg7 4. g3 4... Nf6 5. Bg2 5... O-O 6. O-O 6...
Nc6 7. Nc3 7... a6 8.
h3 8... Rb8 9. Re1 9... b5 10. b3 10... bxc4 11. bxc4 11... Rb4 12.
Qd3 12... Na5 13. Nd2 13... Be6 14. d5 14... Bf5 15. e4 15... Bd7 16.
Ba3 16... Rb8 17. Rab1 17... c6 18. Rxb8 18... Qxb8 19. Rb1 19... Qa7 20.
Nf3 20... cxd5 21. cxd5 21... Rc8 22. Nd4 22... Nxe4 23. Nxe4 23... Bxd4 24. Nd2 24... Rc3 25.
Qe4 25... Rxa3 26. Qxe7 26... Bxf2 27. Kh2 27... Bb5 28. Qd8 28... Kg7 29. Ne4 29... Bd4 30.
Qxd6 30... Rxa2 31. Rc1 31... Nc4 32. Rf1 32... Qd7 33. Qf4 33... Ne3 34. Nf2 34... Nxf1 35. Bxf1 35... Rxf2",1. 0:03:00 1... 0:03:00 2. 0:03:02 2... 0:03:00 3. 0:03:00 3... 0:03:02 4. 0:03:01 4... 0:03:04 5. 0:03:02 5... 0:03:04 6. 0:03:03 6... 0:03:05 7. 0:03:05 7... 0:03:05 8. 0:03:05 8... 0:03:05 9. 0:03:06 9... 0:03:02 10. 0:03:00 10... 0:02:59 11. 0:03:00 11... 0:02:41 12. 0:02:37 12... 0:02:07 13. 0:02:31 13... 0:01:52 14. 0:02:18 14... 0:01:47 15. 0:02:17 15... 0:01:46 16. 0:02:16 16... 0:01:43 17. 0:02:17 17... 0:01:35 18. 0:02:00 18... 0:01:34 19. 0:02:02 19... 0:01:28 20. 0:01:50 20... 0:01:22 21. 0:01:47 21... 0:01:21 22. 0:01:44 22... 0:01:09 23. 0:01:35 23... 0:01:02 24. 0:01:14 24... 0:00:53 25. 0:00:55 25... 0:00:38 26. 0:00:53 26... 0:00:29 27. 0:00:48 27... 0:00:23 28. 0:00:35 28... 0:00:23 29. 0:00:35 29... 0:00:21 30. 0:00:26 30... 0:00:19 31. 0:00:15 31... 0:00:19 32. 0:00:15 32... 0:00:14 33. 0:00:06 33... 0:00:08 34. 0:00:04 34... 0:00:08 35. 0:00:04 35... 0:00:09,
Rated Blitz game,https://lichess.org/SX95VEVP,2024.08.01,-,toneyluka1100,hplamers,1-0,2024.08.01,00:03:42,1258,1303,,,C23,Bishop's Opening,180+2,Time forfeit,"1. e4 1... e5 2. Bc4 2... Nc6 3. d3 3... d6 4. h3 4... f5 5. Nc3 5... f4 6. Bxg8 6... Rxg8 7. Qh5 7... g6 8.
Qxh7 8... Ne7 9. Nd5 9... Rg7 10. Qh8 10... Nxd5 11. exd5 11... Qf6 12.
g3 12... g5 13. Qh5 13... Rf7 14. gxf4 14... gxf4 15. Nf3 15... Bd7 16.
Ng5 16... Be7 17. Nxf7 17... c6 18. Qh8",1. 0:03:00 1... 0:03:00 2. 0:03:01 2... 0:03:02 3. 0:03:01 3... 0:03:04 4. 0:03:01 4... 0:03:02 5. 0:02:49 5... 0:02:53 6. 0:02:35 6... 0:02:53 7. 0:02:36 7... 0:02:46 8. 0:02:37 8... 0:02:40 9. 0:02:26 9... 0:02:37 10. 0:02:06 10... 0:02:26 11. 0:02:04 11... 0:02:21 12. 0:01:28 12... 0:02:03 13. 0:01:24 13... 0:01:49 14. 0:01:19 14... 0:01:44 15. 0:01:13 15... 0:01:36 16. 0:01:07 16... 0:01:11 17. 0:01:01 17... 0:00:51 18. 0:00:47,
Rated Blitz game,https://lichess.org/oZmREhUU,2024.08.01,-,MathB02,Wejaz5,1-0,2024.08.01,00:03:29,1158,1289,,,A07,King's Indian Attack,180+2,Normal,"1. Nf3 1... d5 2. g3 2... c6 3. Bg2 3... Nf6 4. O-O 4... g6 5. d3 5... Bg7 6. Nbd2 6...
O-O 7. Nh4 7... Nbd7 8. e4 8... dxe4 9. dxe4 9... Ne5 10. b3 10...
Neg4 11. Bb2 11... e5 12. h3 12... Nh6 13. Nc4 13... Qxd1 14. Raxd1 14... Nd7 15. Nd6 15... a5 16. Nxc8 16... Raxc8 17. Rxd7 17... f6 18. Nf3 18... b5 19. Rb7 19...
a4 20. bxa4 20... bxa4 21. Ra7 21... f5 22. Rxa4 22... fxe4 23. Nd2 23... e3 24. fxe3 24... Rxf1 25. Bxf1 25... Nf5 26.
Bc4 26... Kf8 27. e4 27... Nxg3 28. Ba3 28... Ke8 29. Be6 29... Ne2 30.
Kf1 30... Ng3 31. Ke1 31... Rd8 32. Ra7 32... Bf8 33. Nc4 33... Nxe4 34.
Nxe5 34... Bxa3 35. Rxa3 35... Nd2 36. Nxc6 36... Nb1 37. Ra7 37... Kf8 38. Nxd8",1. 0:03:00 1... 0:03:00 2. 0:03:02 2... 0:03:01 3. 0:03:03 3... 0:03:03 4. 0:03:05 4... 0:03:05 5. 0:03:05 5... 0:03:06 6. 0:03:07 6... 0:03:08 7. 0:03:08 7... 0:03:08 8. 0:03:07 8... 0:03:08 9. 0:03:09 9... 0:03:05 10. 0:03:02 10... 0:03:06 11. 0:03:00 11... 0:03:05 12. 0:02:53 12... 0:02:53 13. 0:02:45 13... 0:02:46 14. 0:02:45 14... 0:02:34 15. 0:02:46 15... 0:02:23 16. 0:02:47 16... 0:02:24 17. 0:02:48 17... 0:02:11 18. 0:02:45 18... 0:02:09 19. 0:02:44 19... 0:02:08 20. 0:02:45 20... 0:02:07 21. 0:02:46 21... 0:02:03 22. 0:02:46 22... 0:02:04 23. 0:02:47 23... 0:01:59 24. 0:02:47 24... 0:01:58 25. 0:02:49 25... 0:01:58 26. 0:02:50 26... 0:01:54 27. 0:02:49 27... 0:01:50 28. 0:02:39 28... 0:01:48 29. 0:02:31 29... 0:01:43 30. 0:02:30 30... 0:01:34 31. 0:02:29 31... 0:01:24 32. 0:02:27 32... 0:01:14 33. 0:02:24 33... 0:01:08 34. 0:02:21 34... 0:01:04 35. 0:02:20 35... 0:00:54 36. 0:02:19 36... 0:00:52 37. 0:02:18 37... 0:00:31 38. 0:02:12,
Rated Blitz game,https://lichess.org/EbDowYZn,2024.08.01,-,alfross12,kapyvarolaton,0-1,2024.08.01,00:03:15,1740,1740,,,A00,Hungarian Opening,180+2,Normal,"1. g3 1... d5 2. c4 2... c6 3. cxd5 3... cxd5 4. Bg2 4... Nc6 5. Nf3 5... Bg4 6. a3 6... e5 7. b4 7... e4 8. Ng1 8... Qf6 9. Nc3 9...
Be6 10. Bb2 10... Qd8 11. e3 11... Nf6 12. Nge2 12... a6 13. b5 13...
Ne5 14. bxa6 14... Nd3 15. Kf1 15... Nxb2 16.
Qc2 16... Nd3 17. Nd4 17... bxa6 18. a4 18... Bc5 19. Nc6 19... Qc7 20.
Nd4 20... O-O 21. Nxe6 21... fxe6 22. Qd1 22... e5 23. a5 23... d4 24.
Nxe4 24... Nxe4 25. Bxe4 25... Rxf2 26. Kg1 26... Raf8 27. Bxd3 27... dxe3 28. Qe1 28... exd2 29.
Qd1 29... Re2",1. 0:03:00 1... 0:03:00 2. 0:03:02 2... 0:02:59 3. 0:03:03 3... 0:02:59 4. 0:03:05 4... 0:02:57 5. 0:03:06 5... 0:02:55 6. 0:03:03 6... 0:02:45 7. 0:03:03 7... 0:02:32 8. 0:03:02 8... 0:02:26 9. 0:03:01 9... 0:01:38 10. 0:03:01 10... 0:01:32 11. 0:03:02 11... 0:01:26 12. 0:03:01 12... 0:01:17 13. 0:03:00 13... 0:01:03 14. 0:03:00 14... 0:01:04 15. 0:03:00 15... 0:01:02 16. 0:02:59 16... 0:00:54 17. 0:02:59 17... 0:00:29 18. 0:02:49 18... 0:00:25 19. 0:02:42 19... 0:00:21 20. 0:02:36 20... 0:00:20 21. 0:02:36 21... 0:00:21 22. 0:02:34 22... 0:00:18 23. 0:02:33 23... 0:00:13 24. 0:02:33 24... 0:00:14 25. 0:02:33 25... 0:00:11 26. 0:02:31 26... 0:00:11 27. 0:02:31 27... 0:00:12 28. 0:02:17 28... 0:00:12 29. 0:02:06 29... 0:00:10,
Rated Blitz game,https://lichess.org/Zwmg6GUZ,2024.08.01,-,lliilllliill,DoubleAleks49,1-0,2024.08.01,00:03:15,2256,2120,,,A04,Zukertort Opening: Dutch Variation,180+2,Time forfeit,"1. Nf3 1... f5 2. g3 2... Nf6 3. Bg2 3... g6 4. O-O 4... Bg7 5. d4 5... O-O 6. b4 6... a5 7. b5 7... c6 8. a4 8... d5 9. Nbd2 9...
Nbd7 10. Bb2 10... Ne4 11. c4 11... e6 12. Qb3 12... Nxd2 13. Nxd2 13... Nf6 14. Rac1 14... Kh8 15. e3 15... Ne4 16.
Rfd1 16... g5 17. f3 17... Nxd2 18. Rxd2 18... Bd7 19. e4 19... f4 20.
cxd5 20... exd5 21. exd5 21... cxb5 22. axb5 22... Qb6 23. Kh1 23... Rfd8 24. Bf1 24... Be8 25.
Rc5 25... Bf8 26. d6 26... h6 27. d5 27... Kg8 28. Bd4 28... Bxd6 29.
Rc6 29... a4 30. Qd3 30... Qa5 31. Bc3 31... Qa7 32. Rxd6 32... Rxd6 33. Qf5 33... Bf7 34. Qe5",1. 0:03:00 1... 0:03:00 2. 0:02:59 2... 0:03:01 3. 0:03:01 3... 0:03:02 4. 0:03:01 4... 0:03:04 5. 0:02:59 5... 0:03:04 6. 0:02:59 6... 0:02:55 7. 0:02:57 7... 0:02:55 8. 0:02:55 8... 0:02:53 9. 0:02:32 9... 0:02:48 10. 0:02:27 10... 0:02:46 11. 0:01:59 11... 0:02:27 12. 0:01:48 12... 0:02:19 13. 0:01:48 13... 0:02:20 14. 0:01:28 14... 0:02:13 15. 0:01:27 15... 0:02:14 16. 0:01:08 16... 0:02:10 17. 0:00:50 17... 0:02:04 18. 0:00:52 18... 0:01:34 19. 0:00:52 19... 0:01:27 20. 0:00:47 20... 0:01:21 21. 0:00:48 21... 0:01:20 22. 0:00:45 22... 0:01:10 23. 0:00:36 23... 0:00:44 24. 0:00:27 24... 0:00:40 25. 0:00:24 25... 0:00:36 26. 0:00:25 26... 0:00:26 27. 0:00:24 27... 0:00:26 28. 0:00:17 28... 0:00:20 29. 0:00:15 29... 0:00:12 30. 0:00:11 30... 0:00:08 31. 0:00:08 31... 0:00:05 32. 0:00:05 32... 0:00:05 33. 0:00:06 33... 0:00:03 34. 0:00:07,
Rated Blitz game,https://lichess.org/AvQGqS6p,2024.08.01,-,mikesax,ernestopm,1-0,2024.08.01,00:03:15,1042,1072,,,C47,Four Knights Game: Italian Variation,180+2,Normal,"1. e4 1... e5 2. Nf3 2... Nc6 3. Bc4 3... Nf6 4. Nc3 4... h6 5. O-O 5...
b6 6. d4 6... exd4 7. Nxd4 7... Nxd4 8.
Qxd4 8... d6 9. e5 9... Nd7 10. Re1 10... dxe5 11. Qe4 11... Bd6 12. Qf3 12... Rb8 13.
Qxf7",1. 0:03:00 0. 0:03:00 1... 0:03:01 0. 0:03:00 2. 0:03:00 0. 0:03:01 2... 0:02:57 0. 0:02:58 3. 0:02:57 0. 0:02:53 3... 0:02:56 0. 0:02:47 4. 0:02:56 0. 0:02:49 4... 0:02:57 0. 0:02:49 5. 0:02:52 0. 0:02:40 5... 0:02:51 0. 0:02:15 6. 0:02:46 0. 0:02:13 6... 0:02:36 0. 0:02:03 7. 0:02:34,
Rated Blitz game,https://lichess.org/JVul17Lc,2024.08.01,-,Elghali15,hakaneryt,0-1,2024.08.01,00:03:15,1536,1536,,,D00,Queen's Pawn Game,180+2,Normal,"1. d4 1... d5 2. e3 2... Nf6 3. Nc3 3... Nc6 4. Bb5 4... Bd7 5. Qf3 5... e5 6. dxe5 6...
Nxe5 7. Bxd7 7... Qxd7 8. Qg3 8... Qe6 9.
Nge2 9... g6 10. Nf4 10... Qf5 11. Nfxd5 11... Nxd5 12. Nxd5 12... Bd6 13.
Qh4 13... c6 14. Nf6 14... Kf8 15. Nxh7 15... Kg7 16. Qd4 16... Rad8 17.
Qxa7 17... Kxh7 18. O-O 18... Rb8 19. f3 19...
Nd7 20. Qa4 20... Nc5 21. Qh4 21... Kg7 22. Qd4 22... Qf6 23. Qd2 23... Rbd8 24. Qf2 24... Ne6 25. c3 25... Bc5 26.
Kh1 26... Nf4 27. Qg3 27... Nd3 28. e4 28... Bd6 29. Qg4 29... Rxh2 30. Kg1 30... Nxc1 31. Raxc1 31... Rhh8 32. Rcd1 32... Bc5 33. Rf2 33... Rxd1",1. 0:03:00 1... 0:03:00 2. 0:02:59 2... 0:03:01 3. 0:02:56 3... 0:03:03 4. 0:02:56 4... 0:03:03 5. 0:02:57 5... 0:03:01 6. 0:02:47 6... 0:03:03 7. 0:02:44 7... 0:03:02 8. 0:02:33 8... 0:02:41 9. 0:02:24 9... 0:02:38 10. 0:02:24 10... 0:02:34 11. 0:02:18 11... 0:02:28 12. 0:02:19 12... 0:02:30 13. 0:02:05 13... 0:02:24 14. 0:02:04 14... 0:02:20 15. 0:02:00 15... 0:02:20 16. 0:01:45 16... 0:02:09 17. 0:01:23 17... 0:01:30 18. 0:01:08 18... 0:01:21 19. 0:01:02 19... 0:00:59 20. 0:00:53 20... 0:00:54 21. 0:00:44 21... 0:00:54 22. 0:00:45 22... 0:00:50 23. 0:00:32 23... 0:00:46 24. 0:00:20 24... 0:00:37 25. 0:00:20 25... 0:00:33 26. 0:00:20 26... 0:00:22 27. 0:00:19 27... 0:00:16 28. 0:00:09 28... 0:00:17 29. 0:00:07 29... 0:00:17 30. 0:00:07 30... 0:00:12 31. 0:00:07 31... 0:00:12 32. 0:00:08 32... 0:00:12 33. 0:00:08 33... 0:00:10,
Rated Blitz game,https://lichess.org/w4V08yZL,2024.08.01,-,hwilson90,fotocopiasedu,0-1,2024.08.01,00:03:15,1917,1907,,,B12,Caro-Kann Defense: Maróczy Variation,180+2,Time forfeit,"1. e4 1... c6 2. d4 2... d5 3. f3 3... a6 4. Nc3 4... Nf6 5. e5 5... Ng8 6. Bg5 6... h6 7. Bh4 7... Bf5 8. Bd3 8... Bxd3 9. Qxd3 9...
Qb6 10. Nge2 10... e6 11. O-O 11... Ne7 12. Na4 12... Qa7 13. Nc5 13... b6 14. Nb3 14... Nd7 15. c4 15... b5 16.
cxb5 16... cxb5 17. Rac1 17... Nxe5 18. Qc3 18... Nc4 19. Kh1 19... Nf5 20. Bf2 20... Bd6 21.
Nc5 21... O-O 22. b3 22... Nb6 23. g4 23... Ne7 24. Bg3 24... Bxg3 25.
Nxg3 25... Rac8 26. Qd3 26... Nd7 27. Nxd7 27... Qxd7 28. f4 28... Rxc1 29. Rxc1 29... Rc8 30.
Qd2 30... Rxc1 31. Qxc1 31... Qc6 32. Qxc6 32... Nxc6 33. Ne2 33... Nb4 34. a3 34... Nd3 35.
Kg2 35... g5 36. Kf3 36... Ne1 37. Kf2 37... Nc2 38. a4 38... bxa4 39.
bxa4 39... gxf4 40. Nxf4 40... Nxd4 41. Ke3 41... Nc6 42. Kd3 42... Ne5 43. Kc3 43... Nxg4 44.
Kb4 44... Ne3 45. Ka5 45... e5 46. Ne2 46... d4 47. Kxa6 47... d3 48.
Nc3 48... d2 49. a5 49... Nd5 50. Nd1 50... e4 51. Kb7 51... Nb4 52.
a6 52... Nxa6 53. Kxa6 53... f5 54. Kb5 54... f4 55. Kc4 55... e3 56.
Kd3 56... Kf7 57. Ke2 57... Kg6 58. Kf3 58... Kf5 59. Nc3 59... Ke5 60.
Nd1 60... Kd4 61. Kxf4 61... e2",1. 0:03:00 1... 0:03:00 2. 0:03:01 2... 0:03:01 3. 0:03:02 3... 0:03:01 4. 0:03:02 4... 0:02:58 5. 0:03:03 5... 0:02:58 6. 0:03:01 6... 0:02:58 7. 0:03:01 7... 0:02:59 8. 0:03:00 8... 0:02:59 9. 0:03:02 9... 0:02:57 10. 0:02:53 10... 0:02:52 11. 0:02:51 11... 0:02:54 12. 0:02:48 12... 0:02:51 13. 0:02:43 13... 0:02:48 14. 0:02:31 14... 0:02:45 15. 0:02:12 15... 0:02:12 16. 0:01:52 16... 0:02:06 17. 0:01:44 17... 0:01:54 18. 0:01:28 18... 0:01:55 19. 0:01:18 19... 0:01:55 20. 0:01:18 20... 0:01:49 21. 0:01:18 21... 0:01:46 22. 0:01:15 22... 0:01:28 23. 0:01:06 23... 0:01:27 24. 0:01:01 24... 0:01:26 25. 0:01:03 25... 0:01:25 26. 0:00:57 26... 0:01:23 27. 0:00:50 27... 0:01:22 28. 0:00:47 28... 0:01:17 29. 0:00:47 29... 0:01:19 30. 0:00:43 30... 0:01:17 31. 0:00:45 31... 0:01:17 32. 0:00:43 32... 0:01:18 33. 0:00:44 33... 0:01:18 34. 0:00:42 34... 0:01:19 35. 0:00:36 35... 0:01:17 36. 0:00:15 36... 0:01:15 37. 0:00:11 37... 0:01:14 38. 0:00:11 38... 0:01:15 39. 0:00:13 39... 0:01:09 40. 0:00:13 40... 0:01:09 41. 0:00:14 41... 0:01:07 42. 0:00:13 42... 0:01:06 43. 0:00:12 43... 0:01:07 44. 0:00:11 44... 0:01:02 45. 0:00:09 45... 0:01:03 46. 0:00:09 46... 0:01:03 47. 0:00:10 47... 0:01:03 48. 0:00:10 48... 0:00:59 49. 0:00:11 49... 0:01:00 50. 0:00:10 50... 0:00:55 51. 0:00:11 51... 0:00:55 52. 0:00:11 52... 0:00:55 53. 0:00:13 53... 0:00:56 54. 0:00:12 54... 0:00:56 55. 0:00:13 55... 0:00:57 56. 0:00:14 56... 0:00:55 57. 0:00:10 57... 0:00:54 58. 0:00:10 58... 0:00:53 59. 0:00:09 59... 0:00:51 60. 0:00:09 60... 0:00:48 61. 0:00:09 61... 0:00:47,
Rated Blitz game,https://lichess.org/DqgsP0yK,2024.08.01,-,carlosgwapito,Ercus,0-1,2024.08.01,00:03:15,1664,1730,,,A22,English Opening: Carls-Bremen System,180+2,Time forfeit,"1. c4 1... e5 2. Nc3 2... Nf6 3. g3 3... Bc5 4. Bg2 4... O-O 5. Nf3 5... Nc6 6. d3 6... d5 7. cxd5 7... Nxd5 8.
O-O 8... Nxc3 9. bxc3 9... Bd6 10. a4 10... f5 11. a5 11... a6 12.
Bg5 12... Qd7 13. Re1 13... h6 14. Bc1 14... f4 15. Ba3 15... fxg3 16.
hxg3 16... Qg4 17. Bxd6 17... cxd6 18. Nh2 18... Qf5 19. Rf1 19... Be6 20. Qb1 20... Rab8 21.
Nf3 21... g5 22. Nh2 22... d5 23. e4 23... dxe4 24. Bxe4 24... Qh3 25.
Nf3 25... Bf5 26. Bxf5 26... Rxf5 27. Nh2 27... h5 28. Qb3 28... Kg7 29.
Qe6 29... Rbf8 30. Qd7 30... R8f7 31. Qc8 31... h4 32. Rab1 32... hxg3",1. 0:03:00 1... 0:03:00 2. 0:03:01 2... 0:03:01 3. 0:03:03 3... 0:03:02 4. 0:03:04 4... 0:03:02 5. 0:03:06 5... 0:03:03 6. 0:03:07 6... 0:03:02 7. 0:03:06 7... 0:02:58 8. 0:03:07 8... 0:02:40 9. 0:03:05 9... 0:02:40 10. 0:02:47 10... 0:02:37 11. 0:02:46 11... 0:02:36 12. 0:02:45 12... 0:02:35 13. 0:02:43 13... 0:02:35 14. 0:02:32 14... 0:02:28 15. 0:02:32 15... 0:02:26 16. 0:02:33 16... 0:02:22 17. 0:02:26 17... 0:02:20 18. 0:02:03 18... 0:02:16 19. 0:02:02 19... 0:02:14 20. 0:01:44 20... 0:02:13 21. 0:01:29 21... 0:02:03 22. 0:01:21 22... 0:01:42 23. 0:00:55 23... 0:01:28 24. 0:00:53 24... 0:01:26 25. 0:00:19 25... 0:01:24 26. 0:00:16 26... 0:01:23 27. 0:00:15 27... 0:01:17 28. 0:00:10 28... 0:01:13 29. 0:00:10 29... 0:01:11 30. 0:00:10 30... 0:01:09 31. 0:00:08 31... 0:01:09 32. 0:00:04 32... 0:01:06,
Rated Blitz game,https://lichess.org/mwlmtTJi,2024.08.01,-,HearUsFade,zeommoez,1-0,2024.08.01,00:03:15,1471,1497,,,B10,Caro-Kann Defense,180+2,Normal,"1. e4 1... c6 2. Nf3 2... d5 3. e5 3... Bg4 4. d4 4... e6 5. h3 5... Bxf3 6. Qxf3 6... c5 7. dxc5 7... Bxc5 8.
Bb5 8... Nc6 9. O-O 9... a6 10. Bxc6 10... bxc6 11. Nc3 11... Ne7 12.
Be3 12... Ba7 13. Bxa7 13... Rxa7 14. Na4 14... Qa5 15. b3 15... O-O 16.
Qe3 16... Rc8 17. Qxa7 17... Nf5 18. Qc5 18... Qxc5 19. Nxc5 19... Nd4 20.
c3 20... Nb5 21. Rac1 21... Nc7 22. f4 22... Ne8 23. Nb7 23... f6 24.
c4 24... Rc7 25. Nd6 25... Nxd6 26. exd6 26... Rd7 27. c5 27... f5 28.
Rfe1 28... Kf7 29. Re2 29... Rd8 30. Rce1 30... Re8 31. b4 31... h6 32. a4 32... g5 33. fxg5 33... hxg5 34. b5 34... axb5 35. axb5 35... cxb5 36. Rb2 36... Rb8 37. d7 37... Ke7 38. c6 38...
Rb6 39. Rc1 39... Kd6 40. c7 40... Kxd7 41. c8=Q 41... Ke7 42. Qc7",1. 0:03:00 1... 0:03:00 2. 0:03:01 2... 0:03:01 3. 0:03:02 3... 0:03:01 4. 0:03:02 4... 0:03:01 5. 0:03:03 5... 0:03:01 6. 0:03:03 6... 0:03:03 7. 0:03:04 7... 0:03:03 8. 0:03:01 8... 0:03:02 9. 0:03:03 9... 0:03:02 10. 0:03:03 10... 0:03:03 11. 0:03:03 11... 0:02:56 12. 0:02:59 12... 0:02:53 13. 0:02:59 13... 0:02:54 14. 0:03:00 14... 0:02:51 15. 0:02:58 15... 0:02:43 16. 0:02:59 16... 0:02:40 17. 0:02:58 17... 0:02:38 18. 0:02:50 18... 0:02:35 19. 0:02:51 19... 0:02:35 20. 0:02:47 20... 0:02:32 21. 0:02:44 21... 0:02:25 22. 0:02:36 22... 0:02:24 23. 0:02:32 23... 0:02:23 24. 0:02:28 24... 0:02:18 25. 0:02:28 25... 0:02:17 26. 0:02:29 26... 0:02:18 27. 0:02:31 27... 0:02:09 28. 0:02:30 28... 0:02:08 29. 0:02:31 29... 0:01:51 30. 0:02:31 30... 0:01:52 31. 0:02:25 31... 0:01:49 32. 0:02:25 32... 0:01:49 33. 0:02:24 33... 0:01:51 34. 0:02:14 34... 0:01:49 35. 0:02:16 35... 0:01:49 36. 0:02:15 36... 0:01:38 37. 0:02:11 37... 0:01:36 38. 0:02:12 38... 0:01:35 39. 0:02:11 39... 0:01:20 40. 0:02:10 40... 0:01:15 41. 0:02:11 41... 0:01:16 42. 0:02:11,
Rated Blitz game,https://lichess.org/mtIvDsMa,2024.08.01,-,Kabechaloco,Ale30122008,1-0,2024.08.01,00:03:15,1762,1738,,,C29,Vienna Game: Vienna Gambit,180+2,Normal,"1. e4 1... e5 2. f4 2... Nf6 3. Nc3 3... d6 4. Nf3 4... Be7 5. Bc4 5... O-O 6. f5 6... g6 7. fxg6 7... hxg6 8.
O-O 8... Nc6 9. d3 9... Bg4 10. Qe1 10... Bxf3 11. Rxf3 11... Nd4 12.
Qg3 12... Nxf3 13. gxf3 13... Nh5 14. Qxg6 14... Kh8 15. Qxh5 15... Kg7 16. Bh6 16... Kf6 17.
Qg5",1. 0:03:00 1... 0:03:00 2. 0:03:00 2... 0:03:02 3. 0:02:56 3... 0:02:59 4. 0:02:57 4... 0:02:58 5. 0:02:56 5... 0:02:56 6. 0:02:53 6... 0:02:55 7. 0:02:48 7... 0:02:57 8. 0:02:48 8... 0:02:57 9. 0:02:45 9... 0:02:58 10. 0:02:45 10... 0:02:54 11. 0:02:44 11... 0:02:55 12. 0:02:37 12... 0:02:52 13. 0:02:34 13... 0:02:50 14. 0:02:32 14... 0:02:49 15. 0:02:32 15... 0:02:44 16. 0:02:25 16... 0:02:43 17. 0:02:19,
Rated Blitz game,https://lichess.org/Pbp21gL2,2024.08.01,-,AlanNeumann,AnouarYang,0-1,2024.08.01,00:03:15,1950,1935,,,C46,Three Knights Opening,180+2,Normal,"1. e4 1... e5 2. Nc3 2... Nc6 3. Nf3 3... Bb4 4. Bc4 4... Nf6 5. d3 5... d6 6. h3 6... Be6 7. Bb3 7... O-O 8. Bg5 8... h6 9. Bh4 9... g5 10. Bg3 10... Bxb3 11.
axb3 11... a6 12. Qd2 12... Nd4 13. Ra4 13... Nxf3 14. gxf3 14... Bxc3 15. bxc3 15... Nh5 16. h4 16... Nf4 17. hxg5 17... hxg5 18. d4 18... Kg7 19. Rg1 19... f6 20.
Bxf4 20... exf4 21. Qxf4 21... Kf7 22. Qg4 22... Rh8 23. f4 23... Qe8 24. f3 24... Rh4 25.
Qh3 25... Rxh3",1. 0:03:00 1... 0:03:00 2. 0:03:02 2... 0:03:02 3. 0:03:03 3... 0:03:03 4. 0:03:05 4... 0:03:02 5. 0:03:06 5... 0:03:04 6. 0:03:05 6... 0:03:05 7. 0:03:06 7... 0:03:06 8. 0:03:06 8... 0:03:07 9. 0:03:06 9... 0:03:07 10. 0:03:08 10... 0:02:58 11. 0:03:09 11... 0:02:39 12. 0:03:07 12... 0:02:39 13. 0:03:05 13... 0:02:37 14. 0:03:07 14... 0:02:34 15. 0:03:06 15... 0:02:35 16. 0:03:04 16... 0:02:23 17. 0:03:01 17... 0:02:19 18. 0:02:59 18... 0:02:15 19. 0:02:59 19... 0:02:14 20. 0:02:59 20... 0:02:14 21. 0:03:00 21... 0:02:08 22. 0:02:59 22... 0:02:07 23. 0:02:56 23... 0:02:07 24. 0:02:55 24... 0:01:51 25. 0:02:36 25... 0:01:48,
Rated Blitz game,https://lichess.org/I8SOVF9R,2024.08.01,-,faga84,fozov,0-1,2024.08.01,00:03:15,1839,1807,,,C11,"French Defense: Classical Variation, Steinitz Variation",180+2,Normal,"1. e4 1... e6 2. d4 2... d5 3. Nc3 3... Nf6 4. e5 4... Nfd7 5. f4 5... Bb4 6. Nf3 6...
O-O 7. Bd3 7... h6 8.
O-O 8... c5 9. a3 9...
Ba5 10. Be3 10... cxd4 11. Nxd4 11... Nc6 12. Nxc6 12... bxc6 13. b4 13... Bb6 14. Bxb6 14... axb6 15. Qg4 15... Ba6 16.
Rf3 16... Bxd3 17. cxd3 17... f5 18. exf6 18... Qxf6 19. Rg3 19... Qxc3 20. Qxg7 20... Qxg7 21. Rxg7 21... Kxg7",1. 0:03:00 1... 0:03:00 2. 0:03:01 2... 0:03:01 3. 0:03:01 3... 0:03:01 4. 0:03:01 4... 0:03:01 5. 0:03:03 5... 0:03:01 6. 0:02:55 6... 0:03:01 7. 0:02:55 7... 0:03:02 8. 0:02:55 8... 0:03:01 9. 0:02:55 9... 0:03:02 10. 0:02:44 10... 0:03:03 11. 0:02:36 11... 0:03:02 12. 0:02:30 12... 0:03:02 13. 0:02:31 13... 0:03:00 14. 0:02:17 14... 0:03:01 15. 0:02:08 15... 0:02:53 16. 0:02:02 16... 0:02:46 17. 0:02:02 17... 0:02:38 18. 0:01:51 18... 0:02:38 19. 0:00:23 19... 0:02:23 20. 0:00:23 20... 0:02:22 21. 0:00:25 21... 0:02:23,
Rated Blitz game,https://lichess.org/OH2ZLlV6,2024.08.01,-,jagp,ilches,0-1,2024.08.01,00:03:15,1605,1570,,,C42,Russian Game: Cozio Attack,180+2,Normal,"1. e4 1... e5 2. Nf3 2... Nf6 3. Nxe5 3... d6 4. Nf3 4... Nxe4 5. Qe2 5... Qe7 6. d3 6... Nf6 7. Qxe7 7...
Bxe7 8. Nc3 8... Be6 9. Be2 9... c6 10.
O-O 10... Nbd7 11. Bg5 11... Ne5 12. Nxe5 12...
dxe5 13. Ne4 13... Nxe4 14. Bxe7 14... Kxe7 15. dxe4 15... Rad8 16. Rad1 16... Rxd1 17. Rxd1 17... Rd8 18.
Rxd8 18... Kxd8 19. a3 19...
Kc7 20. g3 20... f6 21. f4 21... exf4 22.
gxf4 22... b6 23.
b4 23... Ba2 24.
Kf2 24... Bb1 25. Bd3 25... c5 26. bxc5 26... bxc5 27. Ke3 27... g6 28. h4 28... a5 29. c3 29... Bxd3 30. Kxd3 30...
Kd6 31. Kc4 31...
h6 32. Kb5 32... g5 33. hxg5 33... hxg5 34. fxg5 34... fxg5 35. Kc4 35...
g4 36. Kd3 36... Ke5 37. Ke3 37... g3 38.
Kf3 38... g2 39. Kxg2 39... Kxe4 40. Kf2 40... Kd3 41. Kf3 41... Kxc3 42.
Ke3 42... Kb3 43. Kd3 43... c4 44. Kd2 44...
c3 45. Kc1 45... c2 46. Kd2 46... Kb2",1. 0:03:00 0. 0:03:00 1... 0:03:01 0. 0:03:00 2. 0:03:02 0. 0:03:01 2... 0:02:59 0. 0:03:01 3. 0:03:00 0. 0:03:00 3... 0:03:01 0. 0:03:01 4. 0:03:03 0. 0:03:03 4... 0:03:04 0. 0:03:04 5. 0:03:05 0. 0:03:05 5... 0:03:05 0. 0:03:06 6. 0:03:06 0. 0:03:05 6... 0:03:06 0. 0:03:07 7. 0:03:00 0. 0:03:08 7... 0:03:01 0. 0:02:55 8. 0:03:01 0. 0:02:50 8... 0:03:01 0. 0:02:49 9. 0:03:02 0. 0:02:49 9... 0:03:01 0. 0:02:51 10. 0:03:01 0. 0:02:45 10... 0:02:59 0. 0:02:44 11. 0:03:00 0. 0:02:45 11... 0:03:00 0. 0:02:45 12. 0:03:00 0. 0:02:45 12... 0:02:59 0. 0:02:46 13. 0:02:58 0. 0:02:47 13... 0:02:58 0. 0:02:49 14. 0:02:55 0. 0:02:46 14... 0:02:53 0. 0:02:42 15. 0:02:49 0. 0:02:41 15... 0:02:50 0. 0:02:38 16. 0:02:51 0. 0:02:35 16... 0:02:43 0. 0:02:35 17. 0:02:41 0. 0:02:37 17... 0:02:39 0. 0:02:39 18. 0:02:34 0. 0:02:30 18... 0:02:35 0. 0:02:30 19. 0:02:33 0. 0:02:31 19... 0:02:35 0. 0:02:32 20. 0:02:36 0. 0:02:33 20... 0:02:37 0. 0:02:35 21. 0:02:38 0. 0:02:36 21... 0:02:39 0. 0:02:37 22. 0:02:41 0. 0:02:38 22... 0:02:41 0. 0:02:39 23. 0:02:42 0. 0:02:41 23... 0:02:40 0. 0:02:42,
Rated Blitz game,https://lichess.org/zyZM8vGj,2024.08.01,-,pawnpwn23,Tactia1Rook,1-0,2024.08.01,00:03:15,899,857,,,D00,Queen's Pawn Game,180+2,Normal,"1. d4 1... d5 2. e3 2... e5 3. dxe5 3... Bc5 4. Nc3 4... c6 5. e4 5... Be6 6. exd5 6...
cxd5 7. f4 7... Bf5 8.
Bd3 8... Qd7 9. Bb5 9... Nc6 10. Nxd5 10... Qe6 11. Nc7 11... Ke7 12.
Nxe6 12... Nb4 13. Nxc5 13... Nxc2 14. Kf1 14... Rd8 15. Qf3 15... Rd1 16. Qxd1 16... Nxa1 17. Nxb7 17... Bc2 18. Qd8 18... Ke6 19. Qd7",1. 0:03:00 1... 0:03:00 2. 0:03:01 2... 0:03:01 3. 0:03:02 3... 0:02:57 4. 0:02:53 4... 0:02:56 5. 0:02:50 5... 0:02:57 6. 0:02:51 6... 0:02:58 7. 0:02:46 7... 0:02:53 8. 0:02:43 8... 0:02:47 9. 0:02:43 9... 0:02:44 10. 0:02:39 10... 0:02:39 11. 0:02:37 11... 0:02:37 12. 0:02:38 12... 0:02:32 13. 0:02:21 13... 0:02:30 14. 0:02:21 14... 0:02:24 15. 0:02:08 15... 0:02:11 16. 0:02:07 16... 0:02:10 17. 0:01:52 17... 0:02:04 18. 0:01:50 18... 0:02:03 19. 0:01:46,
Rated Blitz game,https://lichess.org/GRRjRhQ4,2024.08.01,-,Chiquita_Dave,garbagechessdude,1-0,2024.08.01,00:03:15,1491,1514,,,A40,Queen's Pawn Game,180+2,Normal,"1. d4 1... c6 2. e3 2... d5 3. c4 3... Bf5 4. Bd3 4... Bxd3 5. Qxd3 5... Nf6 6. Nc3 6...
e6 7. Nf3 7... Bd6 8.
c5 8... Be7 9. a3 9...
O-O 10. b4 10... a6 11. Bb2 11... Nbd7 12. O-O 12... Ne4 13. Nxe4 13... dxe4 14. Qxe4 14... Nf6 15. Qd3 15... Nd5 16.
Ne5 16... Bf6 17. Nf3 17... Be7 18. Rac1 18... Bf6 19. Nd2 19... Be7 20.
Nc4 20... h6 21. e4 21... Nf6 22. e5 22... Nd5 23. Ne3 23... Bg5 24.
Rce1 24... Nxe3 25. fxe3 25... Qd5 26. e4 26...
Qd7 27. Rf3 27... Rad8 28. Rg3 28... Rb8 29. Qf3 29... Qe7 30. Qg4 30... Rbe8 31. h4 31... Bxh4 32. Qxg7",1. 0:03:00 1... 0:03:00 2. 0:03:01 2... 0:03:02 3. 0:03:02 3... 0:03:04 4. 0:03:02 4... 0:03:05 5. 0:03:04 5... 0:03:06 6. 0:03:05 6... 0:03:07 7. 0:03:06 7... 0:03:07 8. 0:03:07 8... 0:03:08 9. 0:03:08 9... 0:03:08 10. 0:03:09 10... 0:03:09 11. 0:03:10 11... 0:03:10 12. 0:03:10 12... 0:03:09 13. 0:03:10 13... 0:03:11 14. 0:03:11 14... 0:03:12 15. 0:03:11 15... 0:03:12 16. 0:03:06 16... 0:03:13 17. 0:03:05 17... 0:03:14 18. 0:03:04 18... 0:03:15 19. 0:03:02 19... 0:03:16 20. 0:03:03 20... 0:03:16 21. 0:02:52 21... 0:03:17 22. 0:02:47 22... 0:03:18 23. 0:02:45 23... 0:03:19 24. 0:02:44 24... 0:03:19 25. 0:02:44 25... 0:03:19 26. 0:02:23 26... 0:03:19 27. 0:02:14 27... 0:03:20 28. 0:02:09 28... 0:03:19 29. 0:02:04 29... 0:03:20 30. 0:02:02 30... 0:03:19 31. 0:02:03 31... 0:03:19 32. 0:01:59,
Rated Blitz game,https://lichess.org/aAbCtJ9D,2024.08.01,-,Doodlepops,kriegor191,0-1,2024.08.01,00:03:15,1275,1389,,,C00,French Defense: La Bourdonnais Variation,180+2,Normal,"1. e4 1... e6 2. f4 2... b6 3. Nf3 3... Bb7 4. Nc3 4... Bb4 5. d3 5... d5 6. Qe2 6... Nf6 7. Bd2 7...
Nc6 8. exd5 8... Bxc3 9.
Bxc3 9... Qxd5 10. Bxf6 10... gxf6 11. c4 11...
Qa5 12. Nd2 12... Nd4 13.
Qd1 13... Rg8 14. Rg1 14... Bf3 15. b4 15...
Qxb4 16. a3 16... Qc3 17. gxf3 17... Rxg1 18.
Rc1 18... Qxd3 19. Qa4 19... Ke7 20. Qd1 20... Qe3",1. 0:03:00 0. 0:03:00 1... 0:02:57 0. 0:03:00 2. 0:02:58 0. 0:03:01 2... 0:02:58 0. 0:03:03 3. 0:02:57 0. 0:03:02 3... 0:02:50 0. 0:02:54 4. 0:02:49 0. 0:02:45 4... 0:02:48 0. 0:02:37 5. 0:02:40 0. 0:02:36 5... 0:02:29 0. 0:02:37 6. 0:02:29 0. 0:02:34 6... 0:02:20 0. 0:02:31 7. 0:02:08 0. 0:02:26 7... 0:02:08 0. 0:02:07 8. 0:01:33 0. 0:01:47 8... 0:01:33 0. 0:01:43 9. 0:01:30 0. 0:01:39 9... 0:01:26 0. 0:01:33 10. 0:01:12 1. 0:01:26 10... 0:00:48 1. 0:01:25,
Rated Blitz game,https://lichess.org/1N4NCklY,2024.08.01,-,infinite_bagua,Glyntender,0-1,2024.08.01,00:04:06,1334,1273,,,C47,Four Knights Game,180+2,Normal,"1. e4 1... e5 2. Nf3 2... Nc6 3. Nc3 3... Nf6 4. b3 4... Bb4 5. Bb2 5... d6 6. h3 6... O-O 7. d3 7... Nd4 8. Nxd4 8... exd4 9. Qd2 9...
dxc3 10. Bxc3 10... Bxc3 11. Qxc3 11... Re8 12.
f3 12... d5 13. O-O-O 13... d4 14. Qd2 14... c5 15. g4 15... b6 16.
Rg1 16... Bb7 17. Re1 17... Qc7 18. Rg2 18... Re7 19. Rge2 19... Rae8 20. Bg2 20... a5 21. g5 21... Nh5 22. h4 22...
Ng3 23. Rf2 23... Bc6 24. Kb2 24... a4 25. e5 25... Rxe5 26. Rxe5 26... Rxe5 27. Qf4 27... Nh5 28. Qg4 28... g6 29.
f4 29... Bd7 30. Qf3 30... Rf5 31. Bh3 31... Rxf4 32. Qa8 32... Kg7 33.
Rxf4 33... Nxf4 34. Bxd7 34... Qxd7 35. Qe4 35... Nd5 36. Qe5 36... Kf8 37. c4 37... dxc3 38.
Kc2 38... axb3 39. axb3 39... b5 40. Qh8 40... Ke7 41. Qxh7 41... Ne3 42. Kxc3 42... Nd5 43. Kd2 43... Qh3 44. Qg7 44... Qe3 45. Kc2 45... b4 46. Qf6 46... Nxf6 47. gxf6 47... Kxf6",1. 0:03:00 1... 0:03:00 2. 0:03:01 2... 0:03:01 3. 0:03:02 3... 0:03:00 4. 0:02:53 4... 0:02:44 5. 0:02:54 5... 0:02:44 6. 0:02:54 6... 0:02:44 7. 0:02:54 7... 0:02:42 8. 0:02:47 8... 0:02:44 9. 0:02:46 9... 0:02:30 10. 0:02:46 10... 0:02:18 11. 0:02:47 11... 0:02:14 12. 0:02:47 12... 0:02:13 13. 0:02:47 13... 0:02:14 14. 0:02:44 14... 0:02:14 15. 0:02:40 15... 0:02:07 16. 0:02:40 16... 0:02:08 17. 0:02:38 17... 0:02:04 18. 0:02:35 18... 0:01:52 19. 0:02:35 19... 0:01:52 20. 0:02:36 20... 0:01:39 21. 0:02:14 21... 0:01:36 22. 0:01:59 22... 0:01:29 23. 0:02:00 23... 0:01:20 24. 0:01:24 24... 0:01:19 25. 0:01:19 25... 0:01:14 26. 0:01:19 26... 0:01:14 27. 0:01:18 27... 0:01:07 28. 0:00:59 28... 0:01:07 29. 0:00:55 29... 0:01:06 30. 0:00:45 30... 0:01:01 31. 0:00:21 31... 0:00:53 32. 0:00:22 32... 0:00:43 33. 0:00:20 33... 0:00:40 34. 0:00:18 34... 0:00:40 35. 0:00:18 35... 0:00:32 36. 0:00:19 36... 0:00:30 37. 0:00:11 37... 0:00:24 38. 0:00:09 38... 0:00:25 39. 0:00:09 39... 0:00:25 40. 0:00:09 40... 0:00:26 41. 0:00:10 41... 0:00:27 42. 0:00:10 42... 0:00:24 43. 0:00:09 43... 0:00:21 44. 0:00:08 44... 0:00:14 45. 0:00:08 45... 0:00:09 46. 0:00:09 46... 0:00:09 47. 0:00:08 47... 0:00:10,
Rated Blitz game,https://lichess.org/CcjgKY20,2024.08.01,-,aytu67,Lindioweb,1-0,2024.08.01,00:04:06,1922,1913,,,B13,Caro-Kann Defense: Exchange Variation,180+2,Normal,"1. e4 1... c6 2. d4 2... d5 3. exd5 3... cxd5 4. Nc3 4... e6 5. Bf4 5... a6 6. Nf3 6... b5 7. a3 7... Bb7 8. Bd3 8... Bd6 9. Qd2 9...
Nc6 10. O-O 10... h6 11. Rfe1 11... Nf6 12. Ne5 12... Nxd4 13. Rad1 13... Nc6 14. Nxc6 14... Bxc6 15. b4 15... O-O 16.
h3 16... Qc7 17. Bxh6 17... gxh6 18. Qxh6 18... Be7 19. Re3 19... d4 20.
Rg3 20... Qxg3 21. fxg3 21... dxc3 22. g4 22... e5 23. Bf5 23... Be4 24. Qg5 24... Kh8 25.
Bxe4 25... Nxe4 26. Qxe5 26... Bf6 27. Qxe4 27... Kg7 28. Rd5 28... Rfe8 29. Qf5 29... Bh4 30.
Rd1 30... Re6 31. g5 31... Rae8 32. Rf1 32... R8e7 33. Qg4 33... Be1 34.
h4 34... Bd2 35. h5 35... Re4 36. Qf5 36... R7e6 37. Qxf7 37... Kh8 38. Qf8 38... Kh7 39. Rf7",1. 0:03:00 1... 0:03:00 2. 0:03:00 2... 0:03:02 3. 0:03:00 3... 0:03:03 4. 0:03:00 4... 0:03:01 5. 0:03:01 5... 0:02:59 6. 0:03:01 6... 0:02:59 7. 0:02:55 7... 0:02:56 8. 0:02:55 8... 0:02:56 9. 0:02:43 9... 0:02:48 10. 0:02:36 10... 0:02:46 11. 0:02:37 11... 0:02:43 12. 0:02:36 12... 0:02:37 13. 0:02:00 13... 0:02:35 14. 0:01:54 14... 0:02:35 15. 0:01:49 15... 0:02:34 16. 0:01:48 16... 0:02:32 17. 0:01:46 17... 0:02:27 18. 0:01:47 18... 0:02:16 19. 0:01:40 19... 0:02:15 20. 0:01:35 20... 0:02:10 21. 0:01:34 21... 0:02:11 22. 0:01:33 22... 0:02:09 23. 0:01:28 23... 0:02:07 24. 0:01:17 24... 0:02:07 25. 0:01:18 25... 0:02:07 26. 0:01:16 26... 0:02:06 27. 0:01:17 27... 0:02:07 28. 0:01:12 28... 0:02:07 29. 0:01:02 29... 0:02:02 30. 0:00:54 30... 0:01:58 31. 0:00:52 31... 0:01:56 32. 0:00:52 32... 0:01:55 33. 0:00:51 33... 0:01:50 34. 0:00:48 34... 0:01:50 35. 0:00:46 35... 0:01:47 36. 0:00:43 36... 0:01:41 37. 0:00:41 37... 0:01:41 38. 0:00:41 38... 0:01:41 39. 0:00:40,
Rated Blitz game,https://lichess.org/1qG59aGp,2024.08.01,-,FidelerBauer,babyfork,0-1,2024.08.01,00:04:06,1586,1547,,,C25,"Vienna Gambit, with Max Lange Defense",180+2,Normal,"1. e4 1... e5 2. Nc3 2... Nc6 3. f4 3... d6 4. Nf3 4... Nf6 5. Bc4 5... Bg4 6. Bxf7 6... Kxf7 7. Ng5 7... Ke8 8.
Ne2 8... h6 9. Nf3 9... Nxe4 10. c3 10... Bxf3 11. gxf3 11... Qh4 12. Ng3 12... Nxg3 13. Qb3 13... Nxh1 14. Kd1 14... Qxf4 15. d3 15... Qxf3 16. Kc2 16... Qe2 17.
Bd2 17... Nf2 18. Re1 18... Qxd3 19. Kc1 19... Qf5 20. Re3 20... Nd3 21.
Kd1 21... Qf1 22. Kc2 22... Nc5 23. Qxb7 23... Nxb7",1. 0:03:00 1... 0:03:00 2. 0:03:00 2... 0:03:00 3. 0:03:01 3... 0:02:58 4. 0:03:02 4... 0:02:58 5. 0:03:04 5... 0:02:42 6. 0:02:58 6... 0:02:40 7. 0:02:58 7... 0:02:40 8. 0:02:53 8... 0:02:23 9. 0:02:44 9... 0:02:20 10. 0:02:31 10... 0:02:08 11. 0:02:31 11... 0:02:10 12. 0:02:24 12... 0:02:09 13. 0:02:10 13... 0:01:58 14. 0:02:05 14... 0:01:16 15. 0:02:05 15... 0:01:16 16. 0:02:06 16... 0:01:13 17. 0:02:03 17... 0:01:14 18. 0:02:03 18... 0:01:11 19. 0:02:04 19... 0:00:32 20. 0:01:35 20... 0:00:28 21. 0:01:29 21... 0:00:27 22. 0:01:29 22... 0:00:27 23. 0:01:29 23... 0:00:27,
Rated Blitz game,https://lichess.org/YKbde0jf,2024.08.01,-,habibiblack,V1959,0-1,2024.08.01,00:04:06,1863,1961,,,C31,"King's Gambit Declined: Falkbeer Countergambit, Milner-Barry Variation",180+2,Normal,"1. e4 1... e5 2. f4 2... d5 3. Nc3 3... d4 4. Nce2 4... Bg4 5. d3 5... Nc6 6. h3 6... Bxe2 7. Bxe2 7... Qh4 8.
Kf1 8... exf4 9. Nf3 9... Qf6 10. c4 10... O-O-O 11. Bd2 11... g5 12.
a3 12... Kb8 13. b4 13... Ne5 14. c5 14... g4 15. Nxe5 15... Qxe5 16. Bxg4 16... Nf6 17. Bf3 17... Bh6 18. a4 18...
Rhg8 19. Rg1 19... Rg3 20. Rc1 20... Rdg8 21. b5 21... R8g5 22. b6 22... cxb6 23. cxb6 23... a6 24. h4 24... Rxf3 25.
Qxf3 25... Rg3 26. Qf2 26... Ng4 27. Qe1 27... Ne3 28. Bxe3 28... fxe3 29. Ke2 29... Qh5 30. Kf1 30... Qxh4 31. Qe2 31... Qf4 32. Ke1 32... Qf2 33. Qxf2 33... exf2 34. Kxf2 34... Rxd3 35. Rh1 35... Bxc1 36. Rxc1 36... Rc3 37. Rd1 37... d3 38. Ke3 38... Kc8 39.
Rxd3 39... Rxd3 40. Kxd3 40... Kd7 41. Kd4 41... Ke6 42. Kc5 42... h5 43. a5 43... Ke5 44.
g3 44... f6 45. Kc4 45... Kxe4 46. Kc5 46... Ke5 47. Kc4 47... f5 48.
Kc5 48... h4 49. gxh4 49... f4 50. h5 50... f3 51. h6 51... Kf6 52.
h7 52... Kg7 53. Kd6 53... f2 54. Kc7 54... f1=Q 55. Kxb7 55... Qb5 56.
Ka7 56... Kxh7 57. b7 57... Qc5 58. Ka8 58... Qc6 59. Ka7 59... Qc7 60.
Ka8 60... Qc6 61. Ka7 61... Qc5 62. Kxa6 62... Qc7 63. Ka7 63... Qxa5 64. Kb8 64... Kg7 65. Kc8 65... Qc5 66. Kd8 66... Qb6 67. Kc8 67... Qc6 68. Kd8 68... Qxb7",1. 0:03:00 1... 0:03:00 2. 0:03:01 2... 0:02:59 3. 0:03:00 3... 0:02:59 4. 0:03:00 4... 0:02:52 5. 0:03:00 5... 0:02:47 6. 0:02:54 6... 0:02:44 7. 0:02:55 7... 0:02:45 8. 0:02:53 8... 0:02:44 9. 0:02:53 9... 0:02:44 10. 0:02:49 10... 0:02:41 11. 0:02:46 11... 0:02:37 12. 0:02:39 12... 0:02:33 13. 0:02:39 13... 0:02:34 14. 0:02:21 14... 0:02:35 15. 0:02:20 15... 0:02:28 16. 0:02:17 16... 0:02:29 17. 0:02:17 17... 0:02:29 18. 0:02:16 18... 0:02:27 19. 0:02:01 19... 0:02:25 20. 0:01:44 20... 0:02:10 21. 0:01:40 21... 0:02:04 22. 0:01:38 22... 0:02:02 23. 0:01:40 23... 0:02:02 24. 0:01:33 24... 0:01:54 25. 0:01:30 25... 0:01:54 26. 0:01:25 26... 0:01:55 27. 0:01:05 27... 0:01:53 28. 0:01:05 28... 0:01:54 29. 0:00:55 29... 0:01:42 30. 0:00:54 30... 0:01:40 31. 0:00:53 31... 0:01:21 32. 0:00:51 32... 0:01:16 33. 0:00:44 33... 0:01:17 34. 0:00:46 34... 0:01:13 35. 0:00:36 35... 0:01:05 36. 0:00:38 36... 0:00:56 37. 0:00:37 37... 0:00:55 38. 0:00:39 38... 0:00:56 39. 0:00:37 39... 0:00:56 40. 0:00:39 40... 0:00:57 41. 0:00:40 41... 0:00:56 42. 0:00:34 42... 0:00:56 43. 0:00:32 43... 0:00:50 44. 0:00:32 44... 0:00:49 45. 0:00:17 45... 0:00:41 46. 0:00:19 46... 0:00:42 47. 0:00:19 47... 0:00:42 48. 0:00:18 48... 0:00:37 49. 0:00:18 49... 0:00:38 50. 0:00:20 50... 0:00:36 51. 0:00:22 51... 0:00:35 52. 0:00:24 52... 0:00:36 53. 0:00:25 53... 0:00:37 54. 0:00:26 54... 0:00:37 55. 0:00:28 55... 0:00:30 56. 0:00:28 56... 0:00:31 57. 0:00:30 57... 0:00:23 58. 0:00:30 58... 0:00:21 59. 0:00:30 59... 0:00:22 60. 0:00:31 60... 0:00:22 61. 0:00:31 61... 0:00:20 62. 0:00:32 62... 0:00:10 63. 0:00:24 63... 0:00:11 64. 0:00:26 64... 0:00:11 65. 0:00:27 65... 0:00:12 66. 0:00:27 66... 0:00:13 67. 0:00:28 67... 0:00:14 68. 0:00:29 68... 0:00:12,
Rated Blitz game,https://lichess.org/DEZkx8VL,2024.08.01,-,snorting,Dario853,1-0,2024.08.01,00:04:06,1309,1309,,,C00,Rat Defense: Small Center Defense,180+2,Time forfeit,"1. e4 1... e6 2. d4 2... d6 3. e5 3... d5 4. Nf3 4... a6 5. Ng5 5... h6 6. Nxf7 6... Kxf7 7. Qh5 7... g6 8.
Qf3 8... Ke7 9. b3 9... Qe8 10. Ba3 10... Kd7 11. Bxf8 11... Nc6 12.
Bc5 12... b6 13. Ba3 13... Nxd4 14. Qd3 14... Nf5 15. Nc3 15... Nge7 16.
g4 16... Ng7 17. O-O-O 17... g5 18. Bg2 18... c6 19. Bxe7 19... Qxe7 20. Bxd5 20... exd5 21. Nxd5 21... cxd5 22. Qxd5 22... Kc7 23. Qxa8 23... Qxe5 24. Qa7 24... Kc6 25.
Kb1 25... Bxg4 26. Rhe1 26... Qf6 27. f3 27...
Bxf3 28. Qd7 28... Kc5 29. b4 29... Kxb4 30.
Qd2 30... Kc5 31. Qe3 31... Kb5 32. a4 32... Kxa4 33. Rd4 33... Kb5 34. Qb3 34... Kc6 35.
Rc4 35... Kb7 36. Rf1 36... Rc8 37. Rxf3 37... Rxc4 38. Rxf6",1. 0:03:00 1... 0:03:00 2. 0:03:00 2... 0:02:59 3. 0:02:59 3... 0:02:58 4. 0:03:00 4... 0:02:58 5. 0:03:01 5... 0:02:55 6. 0:03:02 6... 0:02:55 7. 0:03:03 7... 0:02:45 8. 0:03:01 8... 0:02:42 9. 0:02:58 9... 0:02:36 10. 0:02:59 10... 0:02:30 11. 0:02:59 11... 0:02:22 12. 0:02:52 12... 0:02:19 13. 0:02:41 13... 0:02:15 14. 0:02:40 14... 0:02:09 15. 0:02:37 15... 0:02:01 16. 0:02:30 16... 0:01:44 17. 0:02:31 17... 0:01:36 18. 0:02:32 18... 0:01:33 19. 0:02:26 19... 0:01:31 20. 0:02:26 20... 0:01:26 21. 0:02:27 21... 0:01:09 22. 0:02:28 22... 0:00:52 23. 0:02:28 23... 0:00:49 24. 0:02:23 24... 0:00:44 25. 0:02:18 25... 0:00:41 26. 0:02:12 26... 0:00:27 27. 0:02:02 27... 0:00:25 28. 0:02:02 28... 0:00:20 29. 0:01:51 29... 0:00:16 30. 0:01:46 30... 0:00:14 31. 0:01:44 31... 0:00:12 32. 0:01:41 32... 0:00:12 33. 0:01:41 33... 0:00:09 34. 0:01:35 34... 0:00:10 35. 0:01:33 35... 0:00:10 36. 0:01:25 36... 0:00:05 37. 0:01:24 37... 0:00:02 38. 0:01:24,
Rated Blitz game,https://lichess.org/qeJzNsMz,2024.08.01,-,KACS,tbish7,1-0,2024.08.01,00:04:06,1470,1459,,,C42,Russian Game: Three Knights Game,180+2,Normal,"1. e4 1... e5 2. Nf3 2... Nf6 3. Nc3 3... Bc5 4. Bb5 4... a6 5. Ba4 5... b5 6. Bb3 6...
Nc6 7. O-O 7... Bb7 8.
Ng5 8... Qe7 9. d3 9... O-O-O 10. Re1 10... h6 11. Nxf7 11... Nd4 12.
Nxd8 12... Nxb3 13. Nxb7 13... Nxa1 14. Nxc5 14... Qxc5 15. Be3 15... Qf8 16. Qxa1 16... g5 17.
a4 17... h5 18. axb5 18... axb5 19. Qa6 19... Kd8 20. Bxg5 20... Ke8 21.
Bxf6 21... Rh6 22. Qa8 22... Kf7 23. Qxf8 23... Kxf8 24. Bxe5 24... Re6",1. 0:03:00 1... 0:03:00 2. 0:03:00 2... 0:03:01 3. 0:02:54 3... 0:02:55 4. 0:02:53 4... 0:02:52 5. 0:02:53 5... 0:02:53 6. 0:02:54 6... 0:02:53 7. 0:02:49 7... 0:02:54 8. 0:02:49 8... 0:02:50 9. 0:02:44 9... 0:02:50 10. 0:02:42 10... 0:02:49 11. 0:02:42 11... 0:02:31 12. 0:02:42 12... 0:02:29 13. 0:02:39 13... 0:02:30 14. 0:02:39 14... 0:02:30 15. 0:02:40 15... 0:02:19 16. 0:02:40 16... 0:02:19 17. 0:02:40 17... 0:02:15 18. 0:02:41 18... 0:02:13 19. 0:02:39 19... 0:02:13 20. 0:02:30 20... 0:02:05 21. 0:02:29 21... 0:02:05 22. 0:02:27 22... 0:02:06 23. 0:02:26 23... 0:02:07 24. 0:02:27 24... 0:02:06,
Rated Blitz game,https://lichess.org/CZczbEol,2024.08.01,-,NathanVar,Stipulated,0-1,2024.08.01,00:04:06,1452,1380,,,B13,Caro-Kann Defense: Exchange Variation,180+2,Normal,"1. e4 1... c6 2. d4 2... d5 3. exd5 3... cxd5 4. Nc3 4... Nf6 5. a3 5... e6 6. h3 6... Nc6 7. Bg5 7... Be7 8. Nf3 8... h6 9. Bh4 9... g5 10. Bg3 10... Bd7 11.
Bb5 11... a6 12. Ba4 12... b5 13. Bb3 13... Ne4 14. Nxe4 14... dxe4 15. Ne5 15... Nxe5 16. Bxe5 16... Bf6 17. O-O 17... Bxe5 18. dxe5 18... Bc6 19. Qxd8 19... Rxd8 20. Rad1 20... O-O 21. c4 21... Kg7 22. cxb5 22... Bxb5 23. Rfe1 23... Bd3 24. Ba4 24... f5 25.
exf6 25... Kxf6 26. b3 26... h5 27. Rc1 27...
Rd4 28. b4 28... Rfd8 29. Bb3 29... Kf5 30. g3 30... g4 31. h4 31...
R8d6 32. Rc5 32... e5 33. Bf7 33... Rh6 34. Bb3 34... Bb5 35. a4 35...
Rd3 36. Rb1 36... Bd7 37. b5 37... axb5 38. axb5 38... Rhd6 39. Bc4 39... Rd1 40. Rxd1 40... Rxd1 41. Kg2 41... Rb1 42.
Rc7 42... Bxb5 43. Bxb5 43... Rxb5 44. Rf7 44... Kg6 45. Rc7 45... Rb2 46. Rc3 46... Rd2 47.
Re3 47... Kf5 48. Kf1 48... Rd3 49. Rxd3 49... exd3 50. Ke1 50... e4 51.
Kd2 51... Ke5 52. Ke3 52... Kd5 53. Kd2 53... Kd4 54. Kd1 54... e3 55.
fxe3 55... Kxe3",1. 0:03:00 1... 0:03:00 2. 0:03:01 2... 0:03:01 3. 0:03:02 3... 0:03:02 4. 0:03:03 4... 0:03:04 5. 0:03:04 5... 0:03:06 6. 0:03:05 6... 0:03:05 7. 0:03:07 7... 0:03:06 8. 0:03:08 8... 0:03:03 9. 0:03:09 9... 0:03:04 10. 0:03:10 10... 0:03:01 11. 0:03:10 11... 0:03:02 12. 0:03:11 12... 0:03:03 13. 0:03:12 13... 0:02:56 14. 0:03:12 14... 0:02:57 15. 0:03:12 15... 0:02:58 16. 0:03:13 16... 0:02:58 17. 0:03:08 17... 0:02:58 18. 0:03:09 18... 0:02:56 19. 0:03:08 19... 0:02:57 20. 0:03:07 20... 0:02:58 21. 0:03:06 21... 0:02:54 22. 0:03:04 22... 0:02:55 23. 0:03:04 23... 0:02:54 24. 0:02:30 24... 0:02:48 25. 0:02:29 25... 0:02:49 26. 0:02:24 26... 0:02:40 27. 0:02:25 27... 0:02:32 28. 0:01:47 28... 0:02:28 29. 0:01:40 29... 0:02:23 30. 0:01:21 30... 0:02:20 31. 0:01:21 31... 0:02:12 32. 0:01:17 32... 0:02:09 33. 0:01:03 33... 0:01:58 34. 0:00:51 34... 0:01:56 35. 0:00:39 35... 0:01:50 36. 0:00:25 36... 0:01:43 37. 0:00:18 37... 0:01:42 38. 0:00:19 38... 0:01:27 39. 0:00:18 39... 0:01:24 40. 0:00:18 40... 0:01:25 41. 0:00:18 41... 0:01:23 42. 0:00:15 42... 0:01:23 43. 0:00:13 43... 0:01:24 44. 0:00:12 44... 0:01:25 45. 0:00:11 45... 0:01:23 46. 0:00:11 46... 0:01:23 47. 0:00:12 47... 0:01:21 48. 0:00:12 48... 0:01:21 49. 0:00:08 49... 0:01:22 50. 0:00:10 50... 0:01:23 51. 0:00:11 51... 0:01:23 52. 0:00:12 52... 0:01:22 53. 0:00:12 53... 0:01:23 54. 0:00:13 54... 0:01:23 55. 0:00:12 55... 0:01:24,
Rated Blitz game,https://lichess.org/1dJp3i1m,2024.08.01,-,Nova_Clockwork,sh4z,1-0,2024.08.01,00:04:06,1024,973,,,B10,Caro-Kann Defense: Breyer Variation,180+2,Normal,"1. e4 1... c6 2. d3 2... d5 3. e5 3... c5 4. d4 4... Nc6 5. c3 5... cxd4 6. cxd4 6... Bf5 7. a3 7... e6 8. g4 8... Bg6 9. h4 9... h5 10. g5 10... Nge7 11.
Bd3 11... Nxd4 12. Bxg6 12... Nxg6 13. Qxd4 13... Qc7 14. Nf3 14... Bc5 15. Qa4 15... Ke7 16.
O-O 16... Nxe5 17. Bf4 17... a6 18. Bxe5 18... Bxf2 19. Rxf2 19... Qc1 20. Rf1 20... Qe3 21. Rf2 21... Qe1 22. Nxe1",1. 0:03:00 1... 0:03:00 2. 0:03:00 2... 0:03:01 3. 0:02:56 3... 0:02:59 4. 0:02:55 4... 0:02:49 5. 0:02:55 5... 0:02:40 6. 0:02:55 6... 0:02:41 7. 0:02:35 7... 0:02:32 8. 0:02:35 8... 0:02:26 9. 0:02:36 9... 0:02:19 10. 0:02:36 10... 0:02:03 11. 0:02:33 11... 0:01:53 12. 0:02:31 12... 0:00:59 13. 0:02:30 13... 0:00:36 14. 0:02:26 14... 0:00:31 15. 0:02:20 15... 0:00:22 16. 0:02:21 16... 0:00:19 17. 0:01:57 17... 0:00:12 18. 0:01:41 18... 0:00:11 19. 0:01:31 19... 0:00:11 20. 0:01:31 20... 0:00:06 21. 0:01:20 21... 0:00:06 22. 0:01:21,
Rated Blitz game,https://lichess.org/AlJ8AsGv,2024.08.01,-,aghmour,itulubela,1-0,2024.08.01,00:04:06,1094,1123,,,C46,Three Knights Opening,180+2,Time forfeit,"1. e4 1... e5 2. Nf3 2... Nc6 3. Nc3 3... Bb4 4. Bc4 4... Na5 5. Bb5 5... c6 6. Be2 6... d5 7. Nxe5 7... f6 8. Nf3 8... Bg4 9. h3 9...
Bxc3 10. dxc3 10... Bxf3 11. Bxf3 11... dxe4 12. Qxd8 12... Rxd8 13. Bxe4 13... Ne7 14. O-O 14... O-O 15. b4 15... Nc4 16. Bd3 16... Ne5 17.
Be2 17... Nf5 18. Bf4 18... Ng6 19. Be3 19... Nxe3 20. fxe3 20... Ne5 21.
c4 21... Rd2 22. Bd3 22... Nxd3 23. cxd3 23... Rxd3 24. Rad1 24... Rxd1 25. Rxd1 25... Re8 26. Re1 26... Kf7 27. Kf2 27... Re4 28. Rc1 28... f5 29. a4 29... b5 30.
axb5 30... cxb5 31. c5 31... Rxb4 32. c6 32... Rb2 33. Kf3",1. 0:03:00 1... 0:03:00 2. 0:03:02 2... 0:01:55 3. 0:02:58 3... 0:01:50 4. 0:02:57 4... 0:01:39 5. 0:02:41 5... 0:01:27 6. 0:02:41 6... 0:01:21 7. 0:02:39 7... 0:00:53 8. 0:02:13 8... 0:00:53 9. 0:02:06 9... 0:00:53 10. 0:02:07 10... 0:00:40 11. 0:02:07 11... 0:00:39 12. 0:02:07 12... 0:00:39 13. 0:02:08 13... 0:00:27 14. 0:02:09 14... 0:00:27 15. 0:02:06 15... 0:00:20 16. 0:01:53 16... 0:00:16 17. 0:01:44 17... 0:00:11 18. 0:01:45 18... 0:00:08 19. 0:01:39 19... 0:00:09 20. 0:01:41 20... 0:00:09 21. 0:01:38 21... 0:00:09 22. 0:01:35 22... 0:00:08 23. 0:01:35 23... 0:00:09 24. 0:01:37 24... 0:00:09 25. 0:01:39 25... 0:00:10 26. 0:01:40 26... 0:00:10 27. 0:01:41 27... 0:00:10 28. 0:01:37 28... 0:00:10 29. 0:01:39 29... 0:00:06 30. 0:01:39 30... 0:00:07 31. 0:01:39 31... 0:00:07 32. 0:01:40 32... 0:00:08 33. 0:01:40,
Rated Blitz game,https://lichess.org/LuNvAjKe,2024.08.01,-,Rhm143,spacefly33,1-0,2024.08.01,00:04:06,1242,1162,,,C70,"Ruy Lopez: Morphy Defense, Caro Variation",180+2,Normal,"1. e4 1... e5 2. Nf3 2... Nc6 3. Bb5 3... a6 4. Ba4 4... b5 5. Bb3 5... h6 6. O-O 6...
Be7 7. d4 7... Nxd4 8.
Nxd4 8... exd4 9. Qxd4 9... c5 10. Qd5 10... Ra7 11. Qxf7",1. 0:03:00 1... 0:03:00 2. 0:03:01 2... 0:03:01 3. 0:03:02 3... 0:03:00 4. 0:03:03 4... 0:03:01 5. 0:03:04 5... 0:02:59 6. 0:03:02 6... 0:03:00 7. 0:02:53 7... 0:03:00 8. 0:02:54 8... 0:03:01 9. 0:02:55 9... 0:02:57 10. 0:02:51 10... 0:02:55 11. 0:02:50,
Rated Blitz game,https://lichess.org/IPCM4TaE,2024.08.01,-,CJawetz,Celikb,1-0,2024.08.01,00:04:06,1752,1656,,,C30,King's Gambit,180+2,Normal,"1. e4 1... e5 2. f4 2... d6 3. Nf3 3... Nc6 4. Bc4 4... Be6 5.
Bxe6 5... fxe6 6. fxe5 6... Nxe5 7. Nxe5 7... dxe5 8. O-O 8... Qd4 9.
Kh1 9... O-O-O 10. d3 10... Nf6 11. Nc3 11... Bd6 12. Qe1 12... Kb8 13.
a3 13... Qb6 14. Be3 14... Bc5 15. Bd2 15... Bd4 16. Na4 16... Qc6 17.
c3 17... Bb6 18. Qe2 18... h6 19. b3 19... Qd7 20. Nb2 20... Qe7 21.
a4 21... a6 22. b4 22... Qd7 23. Qd1 23... Ba7 24. Qb3 24... Ne8 25.
b5 25... a5 26. Nc4 26... Qxd3 27. Nxe5 27... Qxe4 28. Rae1 28... Qd5 29.
Qxd5 29... exd5 30. Nf7 30... Nf6 31. Nxh8 31... Rxh8 32. Re7 32... Ne4 33. Be1 33... g5 34.
Rff7 34... Bb6 35. Rh7 35... Rf8 36. Ref7 36... Re8 37. Rxh6 37... Nxc3 38. Bxc3 38... Re3 39. Rf3 39... Re4 40. h3 40...
Rxa4 41. Rd3 41... Rc4 42. Be5 42... Rc5 43. Rh8 43... Ka7 44. Rd8 44... Rxb5 45. R8xd5 45... c6 46. Rxb5 46... cxb5 47. Bf6 47... g4 48. hxg4 48... a4 49. g5 49...
b4 50. g6 50... a3 51.
g7 51... a2 52. g8=Q 52... Bc5 53. Qxa2 53... Kb6",1. 0:03:00 1... 0:03:00 2. 0:03:00 2... 0:03:00 3. 0:03:01 3... 0:03:01 4. 0:03:02 4... 0:03:00 5. 0:03:01 5... 0:03:01 6. 0:03:03 6... 0:03:01 7. 0:03:04 7... 0:03:02 8. 0:03:06 8... 0:03:01 9. 0:03:03 9... 0:03:00 10. 0:03:03 10... 0:02:58 11. 0:03:03 11... 0:02:52 12. 0:03:04 12... 0:02:39 13. 0:03:04 13... 0:02:36 14. 0:02:54 14... 0:02:36 15. 0:02:54 15... 0:02:31 16. 0:02:54 16... 0:02:28 17. 0:02:50 17... 0:02:27 18. 0:02:51 18... 0:02:17 19. 0:02:45 19... 0:02:09 20. 0:02:44 20... 0:01:58 21. 0:02:43 21... 0:01:55 22. 0:02:43 22... 0:01:36 23. 0:02:36 23... 0:01:34 24. 0:02:36 24... 0:01:25 25. 0:02:34 25... 0:01:21 26. 0:02:33 26... 0:01:14 27. 0:02:12 27... 0:01:13 28. 0:02:08 28... 0:01:11 29. 0:02:01 29... 0:01:09 30. 0:02:01 30... 0:01:06 31. 0:02:01 31... 0:01:07 32. 0:01:59 32... 0:01:05 33. 0:01:57 33... 0:01:03 34. 0:01:55 34... 0:01:00 35. 0:01:48 35... 0:00:57 36. 0:01:46 36... 0:00:45 37. 0:01:44 37... 0:00:38 38. 0:01:44 38... 0:00:33 39. 0:01:35 39... 0:00:30 40. 0:01:26 40... 0:00:31 41. 0:01:23 41... 0:00:26 42. 0:01:08 42... 0:00:21 43. 0:01:07 43... 0:00:21 44. 0:01:07 44... 0:00:20 45. 0:01:07 45... 0:00:18 46. 0:01:07 46... 0:00:19 47. 0:01:05 47... 0:00:16 48. 0:01:05 48... 0:00:17 49. 0:01:03 49... 0:00:17 50. 0:01:02 50... 0:00:17 51. 0:01:02 51... 0:00:19 52. 0:01:02 52... 0:00:15 53. 0:01:02 53... 0:00:15,
Rated Blitz game,https://lichess.org/a6qh28Tk,2024.08.01,-,bumblebee-man,Anurag_V251,0-1,2024.08.01,00:04:06,1602,1617,,,A20,English Opening: King's English Variation,180+2,Normal,"1. c4 1... e5 2. g3 2... Nc6 3. Bg2 3... d6 4. Nc3 4... Nf6 5. d3 5... Be7 6. Nf3 6...
Bf5 7. Bd2 7... a6 8.
O-O 8... Bg6 9. a3 9... O-O 10. Nh4 10... Bh5 11. Nf5 11... Bg4 12.
Nxe7 12... Qxe7 13. h3 13... Bh5 14. Bg5 14... h6 15. Bxf6 15... Qxf6 16. Nd5 16... Qd8 17.
Qd2 17... Nd4 18. Rac1 18... Nxe2 19. Kh1 19... Nxc1 20. Qxc1 20... c6 21.
Ne3 21... Qd7 22. f4 22... exf4 23. Rxf4 23... Rfe8 24. Nf5 24... Bg6 25.
Be4 25... Re5 26. Qf1 26... d5 27. Nxh6 27... gxh6 28. Bxg6 28... fxg6 29. Rf6 29... Qg7 30. Qf4 30... Rae8 31. Kg2 31... Re2 32. Kf3 32... R2e3 33. Kg4 33... R8e5 34.
h4 34... Qd7 35. Rf5 35... Qxf5 36. Qxf5 36... Rxf5 37. Kh3 37... Rff3 38.
Kg4 38... Rxg3 39. Kf4 39... Ref3 40. Ke5 40... Rh3 41. cxd5 41... cxd5 42. Kxd5 42... Rxh4 43. d4 43... Rb3 44. Kc5 44... Rxb2 45. d5 45... Rd2 46. d6 46... Rh3 47. a4 47... Ra3 48.
Kb6 48... Rxa4 49. Kxb7 49... Rxd6 50. Kc7 50... Rf6 51. Kb7 51... Re4 52. Kc8 52... Re7 53.
Kd8 53... Rg7 54. Kc8 54... Rf8",1. 0:03:00 1... 0:03:00 2. 0:03:01 2... 0:03:01 3. 0:03:02 3... 0:03:03 4. 0:03:03 4... 0:03:01 5. 0:03:04 5... 0:03:01 6. 0:03:04 6... 0:03:01 7. 0:02:57 7... 0:03:02 8. 0:02:57 8... 0:03:02 9. 0:02:57 9... 0:03:02 10. 0:02:45 10... 0:02:56 11. 0:02:30 11... 0:02:49 12. 0:02:25 12... 0:02:51 13. 0:02:25 13... 0:02:51 14. 0:02:22 14... 0:02:49 15. 0:02:20 15... 0:02:50 16. 0:02:20 16... 0:02:49 17. 0:02:20 17... 0:02:49 18. 0:01:41 18... 0:02:47 19. 0:01:39 19... 0:02:42 20. 0:01:41 20... 0:02:43 21. 0:01:38 21... 0:02:36 22. 0:01:36 22... 0:02:32 23. 0:01:34 23... 0:02:33 24. 0:01:24 24... 0:02:30 25. 0:01:20 25... 0:02:19 26. 0:01:11 26... 0:02:05 27. 0:00:41 27... 0:02:05 28. 0:00:38 28... 0:02:07 29. 0:00:35 29... 0:02:01 30. 0:00:32 30... 0:01:54 31. 0:00:14 31... 0:01:51 32. 0:00:15 32... 0:01:50 33. 0:00:11 33... 0:01:37 34. 0:00:10 34... 0:01:28 35. 0:00:07 35... 0:01:28 36. 0:00:06 36... 0:01:30 37. 0:00:07 37... 0:01:30 38. 0:00:06 38... 0:01:31 39. 0:00:08 39... 0:01:31 40. 0:00:08 40... 0:01:30 41. 0:00:08 41... 0:01:32 42. 0:00:09 42... 0:01:33 43. 0:00:09 43... 0:01:33 44. 0:00:06 44... 0:01:34 45. 0:00:07 45... 0:01:34 46. 0:00:08 46... 0:01:35 47. 0:00:06 47... 0:01:36 48. 0:00:03 48... 0:01:37 49. 0:00:03 49... 0:01:36 50. 0:00:04 50... 0:01:37 51. 0:00:05 51... 0:01:38 52. 0:00:03 52... 0:01:40 53. 0:00:04 53... 0:01:40 54. 0:00:03 54... 0:01:40,
Rated Blitz game,https://lichess.org/RWU6sTA3,2024.08.01,-,edbalagot,ElSlippyE,1-0,2024.08.01,00:04:06,1788,1762,,,C42,Russian Game: Italian Variation,180+2,Normal,"1. e4 1... e5 2. Nf3 2... Nf6 3. Bc4 3... Bc5 4. O-O 4... Nc6 5. d3 5... d6 6. a4 6... Bg4 7. c3 7... a6 8. Be3 8... Bh5 9. Bxc5 9...
dxc5 10. Nbd2 10... O-O 11. Qe1 11... Qe7 12.
h3 12... h6 13. Qe3 13... Nh7 14. g3 14... Kh8 15. Nh4 15... g5 16.
Nf5 16... Qf6 17. Qxc5 17... b6 18. Qe3 18... Ne7 19. g4 19... Nxf5 20.
exf5 20... Bxg4 21. hxg4 21... c5 22. Ne4 22...
Qe7 23. Bd5 23... Rad8 24. c4 24... b5 25. axb5 25... axb5 26. b3 26... bxc4 27. dxc4 27... Nf6 28. Nxf6 28... Qxf6 29. Ra7 29... Qb6 30. Rfa1 30... Qxb3 31. Qxb3",1. 0:03:00 1... 0:03:00 2. 0:03:01 2... 0:03:01 3. 0:03:02 3... 0:03:01 4. 0:03:03 4... 0:03:02 5. 0:03:04 5... 0:03:02 6. 0:03:05 6... 0:03:02 7. 0:03:06 7... 0:03:03 8. 0:03:07 8... 0:02:49 9. 0:03:07 9... 0:02:50 10. 0:03:09 10... 0:02:47 11. 0:03:08 11... 0:02:32 12. 0:03:08 12... 0:02:32 13. 0:03:08 13... 0:02:23 14. 0:03:03 14... 0:02:13 15. 0:02:59 15... 0:02:09 16. 0:02:52 16... 0:02:09 17. 0:02:47 17... 0:01:57 18. 0:02:40 18... 0:01:47 19. 0:02:31 19... 0:01:42 20. 0:02:27 20... 0:01:39 21. 0:02:28 21... 0:01:27 22. 0:02:28 22... 0:01:23 23. 0:02:21 23... 0:01:22 24. 0:02:21 24... 0:01:17 25. 0:02:19 25... 0:01:18 26. 0:02:17 26... 0:01:16 27. 0:02:14 27... 0:01:15 28. 0:02:06 28... 0:01:15 29. 0:02:01 29... 0:01:10 30. 0:02:00 30... 0:01:07 31. 0:01:56,
Rated Blitz game,https://lichess.org/N2iRuAFQ,2024.08.01,-,alexur60,MahmoudAbdou,1-0,2024.08.01,00:04:16,2148,2130,,,D11,Slav Defense: Modern Line,180+2,Normal,"1. d4 1... d5 2. c4 2... c6 3. Nf3 3... Bg4 4. Ne5 4... Be6 5.
cxd5 5... Bxd5 6. Nc3 6... Nf6 7. f3 7... g6 8. e4 8... Be6 9. Be3 9... Bg7 10. Be2 10... O-O 11. O-O 11... Nbd7 12.
Nd3 12... a5 13. Rc1 13... Bc4 14. b3 14... Ba6 15. Na4 15... Bxd3 16.
Qxd3 16... e5 17. Rfd1 17... exd4 18. Bxd4 18... Qe7 19. Nb6 19... Nxb6 20.
Bxb6 20... Qe6 21. Qd6 21... Rfe8 22. Bc4 22... Qe7 23. Qxe7 23... Rxe7 24. Rd2 24... Nd7 25. Be3 25... Ne5 26. Be2 26... Rd7 27. Rxd7 27... Nxd7 28. Rd1 28... Ne5 29.
Bb6 29... g5 30. Kf2 30... h6 31. g3 31... Re8 32. f4 32... gxf4 33.
gxf4 33... Ng6 34. Ke3 34... Bc3 35. Rd7 35... Re7 36. Rd8 36... Kg7 37.
e5 37... f6 38. Bc5 38... Rc7 39. Bd6 39... Rf7 40. Bc4 40... Bd4 41.
Kxd4 41... fxe5 42. Bxe5 42... Nxe5 43. fxe5 43... Rf4 44. Ke3 44... Rh4 45. Rd7 45... Kg6 46.
Rxb7 46... Kf5 47. e6 47... Rxh2 48. e7 48... Rh3 49. Kd4 49... c5 50.
Kxc5 50... Re3 51. Bf7",1. 0:03:00 1... 0:03:00 2. 0:03:01 2... 0:03:01 3. 0:03:01 3... 0:03:01 4. 0:03:01 4... 0:03:02 5. 0:02:53 5... 0:03:01 6. 0:02:53 6... 0:03:01 7. 0:02:52 7... 0:02:58 8. 0:02:53 8... 0:02:59 9. 0:02:48 9... 0:03:00 10. 0:02:47 10... 0:03:00 11. 0:02:47 11... 0:03:00 12. 0:02:44 12... 0:02:58 13. 0:02:43 13... 0:02:58 14. 0:02:42 14... 0:02:54 15. 0:02:40 15... 0:02:39 16. 0:02:35 16... 0:02:40 17. 0:02:28 17... 0:02:39 18. 0:02:28 18... 0:02:37 19. 0:02:20 19... 0:02:26 20. 0:02:20 20... 0:02:17 21. 0:02:14 21... 0:02:15 22. 0:02:11 22... 0:02:13 23. 0:02:08 23... 0:02:13 24. 0:02:02 24... 0:02:13 25. 0:01:56 25... 0:02:13 26. 0:01:53 26... 0:02:10 27. 0:01:50 27... 0:02:11 28. 0:01:51 28... 0:02:09 29. 0:01:47 29... 0:01:53 30. 0:01:35 30... 0:01:52 31. 0:01:35 31... 0:01:46 32. 0:01:29 32... 0:01:47 33. 0:01:29 33... 0:01:48 34. 0:01:29 34... 0:01:39 35. 0:01:23 35... 0:01:39 36. 0:01:08 36... 0:01:36 37. 0:01:09 37... 0:01:29 38. 0:01:07 38... 0:01:17 39. 0:01:04 39... 0:01:08 40. 0:01:04 40... 0:00:57 41. 0:00:31 41... 0:00:58 42. 0:00:27 42... 0:00:58 43. 0:00:28 43... 0:00:56 44. 0:00:27 44... 0:00:56 45. 0:00:22 45... 0:00:55 46. 0:00:14 46... 0:00:54 47. 0:00:14 47... 0:00:50 48. 0:00:11 48... 0:00:51 49. 0:00:06 49... 0:00:50 50. 0:00:06 50... 0:00:51 51. 0:00:03,
Rated Blitz game,https://lichess.org/OcRthvwn,2024.08.01,-,Nibeio,radiopawn,1-0,2024.08.01,00:04:16,1779,1682,,,C60,Ruy Lopez: Nürnberg Variation,180+2,Normal,"1. e4 1... e5 2. Nf3 2... Nc6 3. Bb5 3... f6 4. c3 4... a6 5. Ba4 5... b5 6. Bb3 6...
Bb7 7. d4 7... exd4 8.
cxd4 8... Na5 9. e5 9... fxe5 10. Nxe5 10... Bxg2 11. Qh5 11... g6 12.
Nxg6 12... hxg6 13. Qxg6 13... Ke7 14. Bg5 14... Nf6 15. Qxf6 15... Ke8 16. Qf7",1. 0:03:00 1... 0:03:00 2. 0:02:59 2... 0:02:43 3. 0:02:57 3... 0:02:43 4. 0:02:52 4... 0:02:44 5. 0:02:53 5... 0:02:44 6. 0:02:52 6... 0:02:45 7. 0:02:52 7... 0:02:45 8. 0:02:49 8... 0:02:46 9. 0:02:33 9... 0:02:46 10. 0:02:28 10... 0:02:43 11. 0:02:24 11... 0:02:41 12. 0:02:23 12... 0:02:39 13. 0:02:07 13... 0:02:40 14. 0:02:07 14... 0:02:38 15. 0:02:03 15... 0:02:38 16. 0:02:01,
Rated Blitz game,https://lichess.org/UqAITeru,2024.08.01,-,savilar17,Freifall,1-0,2024.08.01,00:04:16,1066,1067,,,C66,"Ruy Lopez: Berlin Defense, Improved Steinitz Defense",180+2,Time forfeit,"1. e4 1... e5 2. Nf3 2... Nc6 3. Bb5 3... d6 4. O-O 4... Nf6 5. c3 5... Be7 6. d4 6...
exd4 7. cxd4 7... Nxe4 8. d5 8... a6 9. Bxc6 9... bxc6 10. dxc6 10... O-O 11. Nd4 11... Bf6 12.
Nc3 12... Nxc3 13. bxc3 13... Be6 14. a4 14...
Re8 15. Re1 15... Be5 16. Bb2 16... Qg5 17. Nxe6 17... Rxe6 18. a5 18... Rae8 19. g3 19... h6 20. h3 20... Rb8 21.
Qc2 21... d5 22. Kg2 22... d4 23. cxd4",1. 0:03:00 1... 0:03:00 2. 0:03:01 2... 0:03:00 3. 0:03:03 3... 0:03:00 4. 0:03:04 4... 0:03:00 5. 0:03:05 5... 0:03:00 6. 0:03:05 6... 0:02:56 7. 0:03:06 7... 0:02:55 8. 0:03:03 8... 0:02:36 9. 0:03:00 9... 0:02:34 10. 0:03:01 10... 0:02:32 11. 0:03:02 11... 0:02:16 12. 0:02:58 12... 0:01:53 13. 0:03:00 13... 0:01:52 14. 0:02:56 14... 0:01:37 15. 0:02:55 15... 0:01:32 16. 0:02:39 16... 0:01:22 17. 0:02:36 17... 0:01:17 18. 0:02:23 18... 0:01:13 19. 0:02:18 19... 0:01:02 20. 0:02:16 20... 0:00:51 21. 0:01:56 21... 0:00:06 22. 0:01:52 22... 0:00:06 23. 0:01:52,
Rated Blitz game,https://lichess.org/GdCV3FGO,2024.08.01,-,allansteele3030,WildanNewbie,1-0,2024.08.01,00:04:16,1534,1546,,,C44,Ponziani Opening: Vukovic Gambit,180+2,Normal,"1. e4 1... e5 2. Nf3 2... Nc6 3. c3 3... Nf6 4. d4 4... Nxe4 5. d5 5... Bc5 6. Be3 6...
Bxe3 7. fxe3 7... Ne7 8. Nxe5 8... d6 9. Bb5 9... c6 10. dxc6 10...
bxc6 11. Nxc6 11... Nxc6 12. Bxc6 12... Bd7 13. Bxa8 13... Qxa8 14. O-O 14... O-O 15. Nd2 15... Nxd2 16. Qxd2 16... Bc6 17. Rad1 17... Bxg2 18. Qxg2",1. 0:03:00 1... 0:03:00 2. 0:03:00 2... 0:03:01 3. 0:03:01 3... 0:03:01 4. 0:03:01 4... 0:02:59 5. 0:02:57 5... 0:02:29 6. 0:02:34 6... 0:02:28 7. 0:02:35 7... 0:02:25 8. 0:02:28 8... 0:02:26 9. 0:02:22 9... 0:02:17 10. 0:02:22 10... 0:02:18 11. 0:02:16 11... 0:02:15 12. 0:02:17 12... 0:02:16 13. 0:02:16 13... 0:02:17 14. 0:02:13 14... 0:02:15 15. 0:02:14 15... 0:02:09 16. 0:02:16 16... 0:02:09 17. 0:02:08 17... 0:02:08 18. 0:02:08,
Rated Blitz game,https://lichess.org/qjvPfxhW,2024.08.01,-,Gumpo,unelectric,1-0,2024.08.01,00:04:16,1154,1162,,,D00,Queen's Pawn Game: Accelerated London System,180+2,Time forfeit,"1. d4 1... d5 2. Bf4 2... Bf5 3. e3 3... e6 4. Nf3 4... Nc6 5. Bd3 5... Bg4 6. h3 6... Bh5 7. O-O 7... Nf6 8. Be5 8... Nxe5 9. dxe5 9...
Ne4 10. Bxe4 10... dxe4 11. Qxd8 11... Rxd8 12.
Nd4 12... Bc5 13. c3 13... O-O 14. Nd2 14...
b6 15. Nxe4 15... a5 16. Ng3 16... Bg6 17.
Rad1 17... Bc2 18. Rd2 18...
Bf5 19. Ngxf5 19... exf5 20.
Rfd1 20... Bxd4 21. exd4 21... g6 22. d5 22...
Rfe8 23. Re2 23... a4 24. Rdd2 24... b5 25. b3 25... Kg7 26.
bxa4 26... bxa4 27. c4 27... Rb8 28. c5 28...
Rb1 29. Kh2 29... Rb5 30. Rc2 30... a3 31. f4 31... h5 32. d6 32... cxd6 33.
cxd6 33... Rd8 34. Red2 34... Kh6 35. d7 35...
Rb7 36. Rc3 36... Rdxd7 37. Rxd7 37... Rxd7 38.
Rxa3 38... Rd4 39. Rf3 39... Ra4 40. Rf2 40... h4 41. Kg1 41... Kh5 42. Kh2 42... g5 43. g3 43... hxg3 44. Kxg3 44...
gxf4 45. Rxf4 45... Rxa2 46. Rxf5 46... Kg6 47. Rf3 47... Kg7 48. Re3 48... Ra6 49. Kf4 49... Re6 50. Kf5 50... f6 51.
exf6 51... Rxf6 52. Kg4 52...
Rg6 53. Kh4 53... Rh6 54. Kg4 54... Rg6 55.
Kf3 55... Kh6 56.
Re4 56... Kh5 57.
Kf2 57... Rg5 58.
Kf3 58... Rf5 59. Kg3 59... Rg5 60. Kh2 60... Rf5 61. Re8",1. 0:03:00 0. 0:03:00 1... 0:03:01 0. 0:03:01 2. 0:03:02 0. 0:03:01 2... 0:03:03 0. 0:02:59 3. 0:03:02 0. 0:02:54 3... 0:03:01 0. 0:02:50 4. 0:02:57 0. 0:02:38 4... 0:02:54 0. 0:02:36 5. 0:02:56 0. 0:02:37 5... 0:02:55 0. 0:02:37 6. 0:02:55 0. 0:02:33 6... 0:02:56 0. 0:02:27 7. 0:02:44 0. 0:02:26 7... 0:02:45 0. 0:02:21 8. 0:02:46 0. 0:02:10 8... 0:02:39 0. 0:02:09 9. 0:02:37 0. 0:01:57 9... 0:02:36 0. 0:01:43 10. 0:02:36 0. 0:01:44 10... 0:02:32 0. 0:01:30 11. 0:02:24 0. 0:01:28 11... 0:02:19 0. 0:01:27 12. 0:02:18 1. 0:01:24 12... 0:02:16 0. 0:01:24 13. 0:01:59 1. 0:01:17 13... 0:01:57 0. 0:01:17 14. 0:01:59 0. 0:01:08 14... 0:01:51 1. 0:01:07 15. 0:01:51 1. 0:01:08 15... 0:01:50 3. 0:00:56 16. 0:01:27 1. 0:00:54 16... 0:01:24 1. 0:00:41 17. 0:01:22 1. 0:00:35 17... 0:01:21 5. 0:00:31 18. 0:01:21 1. 0:00:24 18... 0:00:40 2. 0:00:24 19. 0:00:41 2. 0:00:25 19... 0:00:43 2. 0:00:23 20. 0:00:42 2. 0:00:19 20... 0:00:43 2. 0:00:17 21. 0:00:42 2. 0:00:15 21... 0:00:41 2. 0:00:16 22. 0:00:31 2. 0:00:12 22... 0:00:32 2. 0:00:07 23. 0:00:30 2. 0:00:07 23... 0:00:30 2. 0:00:08 24. 0:00:21 2. 0:00:08 24... 0:00:21 2. 0:00:06 25. 0:00:22 2. 0:00:07 25... 0:00:22 2. 0:00:04 26. 0:00:19 2. 0:00:03 26... 0:00:18 2. 0:00:04 27. 0:00:17 2. 0:00:04 27... 0:00:18 2. 0:00:04 28. 0:00:18 0. 0:00:03 28... 0:00:17 0. 0:00:03 29. 0:00:17 0. 0:00:03 29... 0:00:17 2. 0:00:02 30. 0:00:17 2. 0:00:03 30... 0:00:18 2. 0:00:02 31. 0:00:13,
Rated Blitz game,https://lichess.org/JvBlbiL3,2024.08.01,-,Kantz,Laugro,1-0,2024.08.01,00:04:16,1299,1307,,,B00,Owen Defense,180+2,Normal,"1. e4 1... b6 2. d4 2... Bb7 3. Nc3 3... e6 4. Nf3 4... Bb4 5. Bd3 5... Nf6 6. a3 6...
Bxc3 7. bxc3 7... Nxe4 8. O-O 8... Nxc3 9.
Qd2 9... Nd5 10. Be4 10... Qf6 11. c3 11... Nc6 12. c4 12... Nde7 13.
Bb2 13... Qg6 14. Bxg6",1. 0:03:00 1... 0:03:00 2. 0:03:00 2... 0:03:01 3. 0:03:00 3... 0:03:02 4. 0:02:58 4... 0:03:01 5. 0:02:58 5... 0:02:53 6. 0:02:58 6... 0:02:51 7. 0:02:59 7... 0:02:52 8. 0:02:59 8... 0:02:52 9. 0:02:53 9... 0:02:41 10. 0:02:50 10... 0:02:33 11. 0:02:48 11... 0:02:28 12. 0:02:33 12... 0:02:15 13. 0:02:32 13... 0:02:07 14. 0:02:30,
Rated Blitz game,https://lichess.org/U1etwjji,2024.08.01,-,moshebeeri,Santo_1947,1-0,2024.08.01,00:04:16,1382,1344,,,D06,Queen's Gambit Declined: Marshall Defense,180+2,Normal,"1. d4 1... d5 2. c4 2... Nf6 3. cxd5 3... Nxd5 4. e4 4... Nf6 5. Nc3 5... e6 6. Nf3 6...
Bb4 7. Bd3 7... Bd7 8.
O-O 8... O-O 9. a3 9... Bxc3 10. bxc3 10... c6 11. Qb3 11... b5 12.
Bg5 12... h6 13. Bh4 13... a5 14. e5 14... Nd5 15. Bxd8 15... Rxd8 16. Qc2 16... a4 17. Rab1 17... Nf4 18. Qd2 18... Nd5 19. c4 19... bxc4 20. Bxc4 20... Nb6 21.
Be2 21... Nd5 22. Bc4 22... Na6 23. Bxd5 23... cxd5 24. Rb7 24... Bc6 25.
Rb6 25... Rdc8 26. Rc1 26... Bd7 27. Rxc8 27... Bxc8 28. h3 28... Nc7 29.
Rc6 29... Nb5 30. Qc1 30... Bb7 31. Rc7 31... Nxc7 32. Qxc7 32... Ba6 33.
g4 33... Bc4 34. Nd2 34... Bd3 35. Qb7 35... Ra6 36. Qb8 36... Kh7 37.
Qf8 37... Kg6 38. f3 38... Rc6 39. Qb4 39... Rc1 40. Kh2 40... Re1 41.
Ne4 41... Bxe4 42. Qxe1 42... Bxf3 43. Qd2 43... f5 44. exf6 44... gxf6 45. h4 45... Bxg4 46.
Qg2 46... f5 47. Qc2 47... Kh5 48. Qxa4 48... Kxh4 49. Qe8 49... Kg5 50.
Qxe6 50... h5 51. Qxd5 51... h4 52. Qg2 52... f4 53. a4 53... f3 54.
Qf2 54... Kf5 55. a5 55... Ke4 56. a6 56... Bc8 57. a7 57... Bb7 58.
Qxh4 58... Kd5 59. Qh7 59... Kc6 60. Qd3 60... Kb6 61. Qa3 61... Ba8 62. Kg1 62... Kc6 63.
Kf2 63... Kd5 64. Kxf3 64... Kxd4 65. Ke2 65... Kd5 66. Qa6 66... Bc6 67.
a8=Q 67... Bxa8 68. Qxa8 68... Kd6 69. Qa5 69... Ke6 70. Qc5 70... Kf6 71. Qd5 71... Ke7 72.
Qc6 72... Kf7 73. Qd6 73... Kg7 74. Qe6 74... Kf8 75. Kf3 75... Kg7 76.
Kg4 76... Kf8 77. Kg5 77... Kg7 78. Qf6 78... Kg8 79. Qe7 79... Kh8 80.
Kg6 80... Kg8 81. Qg7",1. 0:03:00 1... 0:03:00 2. 0:03:00 2... 0:03:02 3. 0:02:56 3... 0:03:03 4. 0:02:57 4... 0:03:03 5. 0:02:56 5... 0:03:03 6. 0:02:57 6... 0:03:04 7. 0:02:57 7... 0:03:03 8. 0:02:56 8... 0:03:01 9. 0:02:56 9... 0:03:01 10. 0:02:57 10... 0:03:02 11. 0:02:56 11... 0:02:57 12. 0:02:54 12... 0:02:56 13. 0:02:53 13... 0:02:53 14. 0:02:51 14... 0:02:54 15. 0:02:49 15... 0:02:53 16. 0:02:48 16... 0:02:54 17. 0:02:42 17... 0:02:53 18. 0:02:36 18... 0:02:50 19. 0:02:35 19... 0:02:50 20. 0:02:36 20... 0:02:52 21. 0:02:32 21... 0:02:48 22. 0:02:31 22... 0:02:43 23. 0:02:31 23... 0:02:42 24. 0:02:30 24... 0:02:39 25. 0:02:29 25... 0:02:33 26. 0:02:26 26... 0:02:20 27. 0:02:22 27... 0:02:19 28. 0:02:18 28... 0:02:14 29. 0:02:15 29... 0:02:13 30. 0:02:10 30... 0:02:09 31. 0:02:06 31... 0:02:09 32. 0:02:06 32... 0:02:04 33. 0:01:49 33... 0:02:02 34. 0:01:46 34... 0:01:52 35. 0:01:42 35... 0:01:43 36. 0:01:40 36... 0:01:44 37. 0:01:33 37... 0:01:33 38. 0:01:27 38... 0:01:28 39. 0:01:17 39... 0:01:16 40. 0:01:17 40... 0:01:14 41. 0:01:07 41... 0:01:12 42. 0:01:05 42... 0:01:12 43. 0:00:54 43... 0:01:06 44. 0:00:54 44... 0:01:05 45. 0:00:53 45... 0:01:04 46. 0:00:52 46... 0:01:04 47. 0:00:44 47... 0:00:59 48. 0:00:44 48... 0:00:59 49. 0:00:42 49... 0:00:56 50. 0:00:42 50... 0:00:52 51. 0:00:42 51... 0:00:52 52. 0:00:39 52... 0:00:50 53. 0:00:39 53... 0:00:45 54. 0:00:39 54... 0:00:43 55. 0:00:39 55... 0:00:41 56. 0:00:37 56... 0:00:39 57. 0:00:36 57... 0:00:39 58. 0:00:34 58... 0:00:36 59. 0:00:28 59... 0:00:34 60. 0:00:25 60... 0:00:34 61. 0:00:23 61... 0:00:33 62. 0:00:24 62... 0:00:31 63. 0:00:24 63... 0:00:31 64. 0:00:24 64... 0:00:32 65. 0:00:23 65... 0:00:33 66. 0:00:24 66... 0:00:29 67. 0:00:21 67... 0:00:29 68. 0:00:21 68... 0:00:29 69. 0:00:21 69... 0:00:29 70. 0:00:20 70... 0:00:28 71. 0:00:20 71... 0:00:27 72. 0:00:19 72... 0:00:27 73. 0:00:19 73... 0:00:26 74. 0:00:18 74... 0:00:25 75. 0:00:19 75... 0:00:23 76. 0:00:20 76... 0:00:23 77. 0:00:21 77... 0:00:24 78. 0:00:17 78... 0:00:24 79. 0:00:13 79... 0:00:24 80. 0:00:13 80... 0:00:24 81. 0:00:12,
Rated Blitz game,https://lichess.org/qWgeqyqs,2024.08.01,-,Hekuoss,YeisonSotoGiraldo,1-0,2024.08.01,00:04:16,1383,1396,,,A03,Bird Opening: Dutch Variation,180+2,Normal,"1. f4 1... d5 2. Nf3 2... Nc6 3. e3 3... Bf5 4. Bb5 4... Qd7 5. Ne5 5... Qd6 6. Bxc6 6... bxc6 7. O-O 7... f6 8. Nf3 8... e5 9. fxe5 9...
fxe5 10. Nc3 10... Bg4 11.
h3 11... Bh5 12. d3 12... Nf6 13. Qe1 13...
Be7 14. e4 14...
d4 15. Ne2 15... Kd7 16. Ng3 16... Bf7 17. Nf5 17... Qe6 18. Ng5 18...
Qxf5 19. exf5 19... Bd5 20. Ne6 20... g6 21. g4 21... gxf5 22. gxf5 22... Rhg8 23. Kh2 23... Rg2 24. Kh1 24... Re2 25. Kg1 25... Rxe1 26. Rxe1 26... Rg8 27. Kf2 27... Rg2 28. Kf1 28... Rf2 29. Kxf2 29...
c5 30. Rxe5 30... c4 31. Bg5 31... cxd3 32.
cxd3 32... Kd6 33. Bxf6 33... Bxf6 34. Rxd5 34...
Kxd5 35. Nf4 35... Ke5 36. Kf3 36... Kxf5 37.
Re1 37... Kg5 38. b4 38... c6 39. Ne6 39... Kg6 40. Nc5 40...
Kf7 41. Nd7 41... Be7 42. Ne5 42... Kf6 43.
Nxc6 43... Bxb4 44. Nxb4 44...
Kf5 45. Nc6 45... Kg5 46. Nxd4 46... Kh4 47. Kg2 47... a5 48. Nc6 48... a4 49. Nb4 49... Kg5 50. Re4 50... Kf5 51. Nc6 51... Kg6 52. Rxa4",1. 0:03:00 0. 0:03:00 1... 0:03:02 0. 0:03:01 2. 0:03:03 0. 0:03:01 2... 0:03:03 0. 0:02:58 3. 0:02:56 0. 0:02:57 3... 0:02:54 0. 0:02:58 4. 0:02:46 0. 0:02:55 4... 0:02:46 0. 0:02:51 5. 0:02:25 0. 0:02:51 5... 0:01:58 0. 0:02:52 6. 0:01:56 0. 0:02:52 6... 0:01:51 0. 0:02:48 7. 0:01:17 0. 0:02:46 7... 0:00:44 0. 0:02:43 8. 0:00:43 0. 0:02:37 8... 0:00:42 0. 0:02:30 9. 0:00:43 0. 0:02:27 9... 0:00:39 0. 0:01:51 10. 0:00:38 0. 0:01:47 10... 0:00:30 0. 0:01:40 11. 0:00:19 0. 0:01:36 11... 0:00:20 0. 0:01:36 12. 0:00:20 0. 0:01:36 12... 0:00:16 0. 0:01:31 13. 0:00:17 0. 0:01:27 13... 0:00:19 0. 0:01:23 14. 0:00:19 0. 0:01:23 14... 0:00:19 0. 0:01:22 15. 0:00:20 0. 0:01:14 15... 0:00:21 2. 0:01:12 16. 0:00:12 1. 0:01:09 16... 0:00:11 5. 0:01:02 17. 0:00:08 5. 0:01:03 17... 0:00:08 5. 0:01:04 18. 0:00:09 5. 0:01:04 18... 0:00:08 5. 0:01:04 19. 0:00:09 5. 0:00:56 19... 0:00:10 5. 0:00:52 20. 0:00:11 4. 0:00:51 20... 0:00:12 5. 0:00:47 21. 0:00:11 4. 0:00:48 21... 0:00:12 4. 0:00:48 22. 0:00:14 2. 0:00:49 22... 0:00:15 3. 0:00:50 23. 0:00:16 6. 0:00:49 23... 0:00:18 6. 0:00:51 24. 0:00:18 6. 0:00:52 24... 0:00:19 6. 0:00:52 25. 0:00:19 7. 0:00:54 25... 0:00:19 0. 0:00:55 26. 0:00:19 0. 0:00:56 26... 0:00:19,
Rated Blitz game,https://lichess.org/ftMpdijW,2024.08.01,-,ali9696,bars21,0-1,2024.08.01,00:04:16,1202,1198,,,C48,"Four Knights Game: Spanish Variation, Classical Variation",180+2,Normal,"1. e4 1... e5 2. Nc3 2... Nf6 3. Nf3 3... Nc6 4. Bb5 4... Bc5 5. O-O 5... Na5 6. d3 6... c6 7. Ba4 7... b5 8. Bb3 8... O-O 9. Re1 9...
Qc7 10. Be3 10... Bb4 11. Bd2 11... Nxb3 12. cxb3 12... a5 13. Ne2 13...
Bc5 14. Nc3 14... Qb6 15. Be3 15... d6 16. Bxc5 16... dxc5 17. Nxe5 17... Be6 18. Nf3 18... Rad8 19. Ng5 19... Bg4 20.
f3 20... c4 21. Kh1 21... Bh5 22. bxc4 22... bxc4 23. Na4 23... Qf2 24.
Nh3 24... Qh4 25. Nc3 25... Rxd3 26. Qa4 26... Rc8 27. Qxc4 27... Rxf3 28. gxf3 28... Bxf3 29. Kg1 29... Qg4 30. Kf2 30... Qg2 31. Ke3 31... Ng4 32. Kd3 32... Rd8 33.
Nd5 33... cxd5 34. exd5 34... Qxh3 35. Kc3 35... Bxd5 36. Kd4 36... Bxc4 37. Kxc4 37... Qd3 38. Kc5 38... Qd4 39. Kb5 39... Qb4 40. Kc6 40... Qc4 41. Kb6 41... Rd6 42. Kxa5 42... Ra6",1. 0:03:00 1... 0:03:00 2. 0:03:02 2... 0:03:00 3. 0:03:04 3... 0:03:01 4. 0:03:05 4... 0:03:02 5. 0:03:04 5... 0:03:03 6. 0:03:03 6... 0:03:03 7. 0:03:01 7... 0:03:00 8. 0:03:02 8... 0:03:00 9. 0:02:56 9... 0:03:01 10. 0:02:56 10... 0:02:58 11. 0:02:53 11... 0:02:48 12. 0:02:53 12... 0:02:49 13. 0:02:47 13... 0:02:46 14. 0:02:44 14... 0:02:45 15. 0:02:41 15... 0:02:40 16. 0:02:42 16... 0:02:41 17. 0:02:40 17... 0:02:40 18. 0:02:36 18... 0:02:39 19. 0:02:34 19... 0:02:39 20. 0:02:32 20... 0:02:39 21. 0:02:20 21... 0:02:33 22. 0:02:14 22... 0:02:31 23. 0:02:07 23... 0:02:20 24. 0:01:59 24... 0:02:19 25. 0:01:42 25... 0:02:17 26. 0:01:41 26... 0:02:04 27. 0:01:37 27... 0:01:54 28. 0:01:34 28... 0:01:53 29. 0:01:31 29... 0:01:53 30. 0:01:28 30... 0:01:50 31. 0:01:27 31... 0:01:51 32. 0:01:23 32... 0:01:48 33. 0:01:12 33... 0:01:40 34. 0:01:07 34... 0:01:34 35. 0:01:01 35... 0:01:30 36. 0:00:55 36... 0:01:28 37. 0:00:57 37... 0:01:25 38. 0:00:57 38... 0:01:21 39. 0:00:58 39... 0:01:21 40. 0:00:57 40... 0:01:13 41. 0:00:58 41... 0:01:13 42. 0:00:58 42... 0:01:08,
Rated Blitz game,https://lichess.org/JWUngXRz,2024.08.01,-,CoachVendezurov,MaxiDachsiF,0-1,2024.08.01,00:04:16,916,907,,,C20,King's Pawn Game: Napoleon Attack,180+2,Normal,"1. e4 1... e5 2. Qf3 2... Nc6 3. Bc4 3... Nf6 4. Nc3 4... Nd4 5. Qd3 5... Bc5 6. Nf3 6... d5 7.
Bb3 7... dxe4 8. Nxe5 8... Bf5 9. Qb5 9... Nxb5 10.
Nxb5 10... O-O 11. O-O 11... c6 12. Nc3 12...
Qd4 13. Nc4 13... Ng4 14. Nd1 14... Rfe8 15.
Nce3 15... Be6 16. f3 16...
Nxe3 17. Nxe3 17... exf3 18. Rxf3 18... Bg4 19.
Rg3 19... Qe5 20. h3 20... Be6 21. Rf3 21... Bxe3 22. Rxe3 22... Qc5 23. Kh1 23...
Bxb3 24. axb3 24... Qxc2",1. 0:03:00 0. 0:03:00 1... 0:03:01 0. 0:02:58 2. 0:03:02 0. 0:02:50 2... 0:02:51 0. 0:02:47 3. 0:02:49 0. 0:02:44 3... 0:02:48 0. 0:02:37 4. 0:02:41 0. 0:02:34 4... 0:02:38 0. 0:02:25 5. 0:02:36 1. 0:02:20 5... 0:02:36 0. 0:02:13 6. 0:02:29 0. 0:02:08 6... 0:02:22 0. 0:02:07 7. 0:02:11 1. 0:01:59 7... 0:02:07 0. 0:01:53 8. 0:01:56 7. 0:01:39 8... 0:01:52 0. 0:01:30 9. 0:01:51 6. 0:01:25 9... 0:01:51 6. 0:01:17 10. 0:01:51 6. 0:01:05 10... 0:01:31 6. 0:01:03 11. 0:01:22 6. 0:00:57 11... 0:01:20 6. 0:00:52 12. 0:01:08 7. 0:00:47 12... 0:00:54 6. 0:00:46,
Rated Blitz game,https://lichess.org/dFEbk8eM,2024.08.01,-,abdoh3,leovmt,1-0,2024.08.01,00:04:16,931,991,,,C50,Italian Game: Anti-Fried Liver Defense,180+2,Normal,"1. e4 1... e5 2. Nf3 2... Nc6 3. Bc4 3... h6 4. Nc3 4... Nf6 5. d3 5... Bb4 6. Bd2 6... Bc5 7. Nd5 7... Nxd5 8. exd5 8... f6 9. dxc6 9...
bxc6 10. Be3 10... Bb6 11. Bxb6 11... cxb6 12.
O-O 12... d5 13. Bb3 13... c5 14. d4 14... O-O 15. dxe5 15... Kh8 16. exf6 16... Qxf6 17.
Qxd5 17... Qg6 18. Qxa8 18...
Qe8 19. Rfe1 19... Qd7 20. Ne5 20... Qf5 21.
Bc4 21... Re8 22. Nf7 22... Qxf7 23. Bxf7 23... Rf8 24. Re8",1. 0:03:00 0. 0:03:00 1... 0:03:00 0. 0:03:01 2. 0:03:01 0. 0:03:01 2... 0:03:03 0. 0:03:01 3. 0:03:02 0. 0:03:01 3... 0:03:03 0. 0:03:00 4. 0:03:00 0. 0:02:59 4... 0:03:01 0. 0:02:53 5. 0:03:01 0. 0:02:53 5... 0:02:54 0. 0:02:44 6. 0:02:54 0. 0:02:45 6... 0:02:54 0. 0:02:45 7. 0:02:51 0. 0:02:41 7... 0:02:49 0. 0:02:37 8. 0:02:47 0. 0:02:28 8... 0:02:44 4. 0:02:29 9. 0:02:33 4. 0:02:22 9... 0:02:31 4. 0:02:15 10. 0:02:25 4. 0:02:16 10... 0:02:23 4. 0:01:58 11. 0:02:12 3. 0:01:36 11... 0:02:05 4. 0:01:36 12. 0:02:05 4. 0:01:25 12... 0:01:56,
Rated Blitz game,https://lichess.org/zMSP9e5n,2024.08.01,-,Bolade,Lemike138,1-0,2024.08.01,00:04:16,1820,1792,,,A00,Van't Kruijs Opening,180+2,Normal,"1. e3 1... c5 2. d4 2... cxd4 3. Qxd4 3... d6 4. Qd1 4... Nf6 5. Nc3 5... e6 6. Bd2 6...
Be7 7. Bd3 7... Bd7 8.
a3 8... Nc6 9. f4 9...
a6 10. h3 10... Qc7 11. g3 11... b5 12. Ne4 12... Nxe4 13. Bxe4 13... d5 14. Bf3 14... Na5 15. Bxa5 15... Qxa5 16. Qd2 16... Qb6 17. c3 17... a5 18. Ne2 18...
O-O 19. Nd4 19... b4 20. axb4 20... axb4 21. Rxa8 21... Rxa8 22. O-O 22... Ra2 23. Qc1 23... h6 24. Qb1 24... Ra8 25.
Rd1 25... b3 26. Kg2 26... Ra2 27. Kg1 27... Bf6 28. Be2 28... Kh8 29.
Bd3 29... Kg8 30. Bh7 30... Kh8 31. Bd3 31... Kg8 32. g4 32... Be8 33.
Kg2 33... g6 34. Kg3 34... Kg7 35. h4 35... g5 36. fxg5 36... hxg5 37. h5 37... e5 38. Nf5 38... Kf8 39. e4 39...
d4 40. cxd4 40... exd4 41. Rh1 41... Be5 42. Kf3 42... f6 43. h6 43...
Kg8 44. h7 44... Kh8 45. Qc1 45... Qc6 46. Qxc6 46... Bxc6 47. Ne7 47... Ba8 48. Ng6 48... Kg7 49. h8=Q 49... Kxg6 50. Qh6 50... Kf7 51. Bc4 51... Ke7 52. Qg7 52... Kd6 53. Rh8 53... Kc5 54. Rc8 54... Kb4 55.
Qe7 55... Ka5 56. Rxa8 56... Kb6 57. Rxa2 57... bxa2 58. Bxa2 58... Kb5 59. Qb7 59... Kc5 60.
b4 60... Kd6 61. Qb6 61... Ke7 62. Qc5 62... Kd7 63. b5 63... d3 64.
Bb3 64... d2 65. b6 65... Bd6 66. Qd5 66... Kc8 67. Qxd6 67... Kb7 68.
Bd5 68... Ka6 69. Bc4 69... Ka5 70. b7 70...
d1=Q 71. Qxd1 71... f5 72. exf5 72... Kb4 73.
b8=Q 73... Kxc4 74. Qc8",1. 0:03:00 1... 0:03:00 2. 0:03:02 2... 0:03:01 3. 0:03:04 3... 0:03:02 4. 0:03:06 4... 0:03:03 5. 0:03:08 5... 0:03:02 6. 0:03:10 6... 0:03:04 7. 0:03:12 7... 0:03:04 8. 0:03:13 8... 0:03:05 9. 0:03:14 9... 0:03:06 10. 0:03:15 10... 0:03:06 11. 0:03:16 11... 0:03:03 12. 0:03:16 12... 0:03:01 13. 0:03:17 13... 0:03:02 14. 0:03:18 14... 0:02:51 15. 0:03:18 15... 0:02:52 16. 0:03:19 16... 0:02:42 17. 0:03:16 17... 0:02:37 18. 0:03:16 18... 0:02:36 19. 0:03:16 19... 0:02:34 20. 0:03:16 20... 0:02:33 21. 0:03:17 21... 0:02:33 22. 0:03:17 22... 0:02:26 23. 0:03:08 23... 0:02:14 24. 0:03:08 24... 0:02:00 25. 0:03:02 25... 0:01:46 26. 0:02:53 26... 0:01:46 27. 0:02:52 27... 0:01:34 28. 0:02:50 28... 0:01:17 29. 0:02:50 29... 0:01:08 30. 0:02:48 30... 0:01:07 31. 0:02:49 31... 0:01:09 32. 0:02:37 32... 0:01:08 33. 0:02:36 33... 0:01:08 34. 0:02:35 34... 0:01:09 35. 0:02:35 35... 0:01:04 36. 0:02:34 36... 0:01:04 37. 0:02:34 37... 0:00:46 38. 0:02:33 38... 0:00:37 39. 0:02:22 39... 0:00:30 40. 0:02:21 40... 0:00:28 41. 0:02:12 41... 0:00:28 42. 0:02:10 42... 0:00:17 43. 0:02:11 43... 0:00:08 44. 0:02:11 44... 0:00:06 45. 0:01:50 45... 0:00:05 46. 0:01:43 46... 0:00:07 47. 0:01:33 47... 0:00:06 48. 0:01:33 48... 0:00:04 49. 0:01:29 49... 0:00:05 50. 0:01:28 50... 0:00:06 51. 0:01:25 51... 0:00:06 52. 0:01:23 52... 0:00:07 53. 0:01:16 53... 0:00:06 54. 0:01:15 54... 0:00:07 55. 0:01:13 55... 0:00:05 56. 0:01:13 56... 0:00:04 57. 0:01:10 57... 0:00:05 58. 0:01:11 58... 0:00:06 59. 0:01:05 59... 0:00:06 60. 0:01:04 60... 0:00:06 61. 0:01:00 61... 0:00:07 62. 0:00:59 62... 0:00:07 63. 0:00:57 63... 0:00:08 64. 0:00:56 64... 0:00:08 65. 0:00:57 65... 0:00:09 66. 0:00:54 66... 0:00:06 67. 0:00:55 67... 0:00:07 68. 0:00:54 68... 0:00:08 69. 0:00:54 69... 0:00:09 70. 0:00:54 70... 0:00:08 71. 0:00:54 71... 0:00:09 72. 0:00:51 72... 0:00:08 73. 0:00:49 73... 0:00:09 74. 0:00:49,
Rated Blitz game,https://lichess.org/jDndn4jQ,2024.08.01,-,gmfuma,tracertongs,1-0,2024.08.01,00:04:16,1925,1990,,,D00,Queen's Pawn Game: Accelerated London System,180+2,Normal,"1. d4 1... d5 2. Bf4 2... Nf6 3. e3 3... g6 4. Nf3 4... Bg7 5. Bd3 5... c6 6. Nbd2 6... O-O 7. O-O 7... Nbd7 8.
Ne5 8... Nxe5 9. Bxe5 9... Be6 10. c3 10... Rc8 11. Nf3 11... Nd7 12.
Bxg7 12... Kxg7 13. Ng5 13... Bf5 14. Bxf5 14... gxf5 15. Qh5 15... Nf6 16. Qh3 16... h6 17.
Nf3 17... Ng4 18. Ne5 18... Nxe5 19. dxe5 19... Qd7 20. f4 20... Rg8 21.
Rf3 21... Kh7 22. Raf1 22... e6 23. Qh5 23... Rg6 24. Rh3 24... Rcg8 25.
Kh1 25... Qd8 26. Rff3 26... Qf8 27. Rhg3 27... Rxg3 28. Rxg3 28... Rxg3 29. hxg3 29... Qg7 30. Kh2 30... Qg6 31. Qh4 31... f6 32. exf6 32... Kg8 33. f7 33... Kxf7 34.
Kg1 34... Qf6 35. Qh5 35... Ke7 36. g4 36... fxg4 37. Qxg4 37... c5 38.
Qg8 38... Qf8 39. Qh7 39... Qf7 40. Qxh6 40... b5 41. Qg5 41... Kf8 42.
Qd8 42... Kg7 43. Qd6 43... b4 44. Qxc5 44... bxc3 45. Qxc3 45... Kg8 46. Kf2 46... Qb7 47. b3 47... Qa6 48. Qc2 48... Qb6 49. Qg6 49... Kf8 50. Qf6 50... Kg8 51.
g4 51... Qc6 52. Qg6 52... Kh8 53. g5 53... Qc2",1. 0:03:00 1... 0:03:00 2. 0:02:58 2... 0:03:01 3. 0:02:59 3... 0:03:03 4. 0:03:00 4... 0:03:04 5. 0:03:00 5... 0:03:05 6. 0:03:00 6... 0:03:07 7. 0:03:01 7... 0:03:08 8. 0:03:01 8... 0:03:09 9. 0:03:01 9... 0:03:09 10. 0:03:02 10... 0:03:09 11. 0:03:02 11... 0:03:05 12. 0:03:01 12... 0:03:06 13. 0:03:01 13... 0:02:55 14. 0:03:00 14... 0:02:57 15. 0:02:58 15... 0:02:59 16. 0:02:51 16... 0:02:54 17. 0:02:48 17... 0:02:32 18. 0:02:43 18... 0:02:32 19. 0:02:43 19... 0:02:32 20. 0:02:42 20... 0:02:25 21. 0:02:40 21... 0:02:25 22. 0:02:38 22... 0:02:18 23. 0:02:36 23... 0:02:16 24. 0:02:36 24... 0:02:17 25. 0:02:29 25... 0:02:05 26. 0:02:28 26... 0:02:05 27. 0:02:08 27... 0:01:58 28. 0:02:08 28... 0:01:51 29. 0:02:10 29... 0:01:23 30. 0:02:10 30... 0:01:22 31. 0:02:10 31... 0:00:37 32. 0:02:04 32... 0:00:38 33. 0:01:58 33... 0:00:32 34. 0:01:43 34... 0:00:23 35. 0:01:41 35... 0:00:24 36. 0:01:36 36... 0:00:22 37. 0:01:37 37... 0:00:17 38. 0:01:35 38... 0:00:10 39. 0:01:31 39... 0:00:06 40. 0:01:31 40... 0:00:05 41. 0:01:30 41... 0:00:04 42. 0:01:30 42... 0:00:04 43. 0:01:29 43... 0:00:04 44. 0:01:26 44... 0:00:04 45. 0:01:27 45... 0:00:04 46. 0:01:26 46... 0:00:05 47. 0:01:22 47... 0:00:06 48. 0:01:18 48... 0:00:07 49. 0:01:15 49... 0:00:07 50. 0:01:14 50... 0:00:03 51. 0:01:13 51... 0:00:03 52. 0:01:09 52... 0:00:04 53. 0:01:08 53... 0:00:05,
Rated Blitz game,https://lichess.org/cngjibZ0,2024.08.01,-,maslend,aslanhankaya,1-0,2024.08.01,00:04:41,1550,1529,,,C23,Bishop's Opening: Boi Variation,180+2,Normal,"1. e4 1... e5 2. Bc4 2... Bc5 3. Nc3 3... d6 4. d3 4... h6 5. Nge2 5... Nf6 6. Be3 6...
Bb6 7. Qd2 7... O-O 8.
f4 8... Bxe3 9. Qxe3 9... exf4 10. Qxf4 10... Bg4 11. h3 11... Bxe2 12.
Nxe2 12... Nc6 13. O-O-O 13... Ne5 14. Bb3 14... c6 15. g4 15... a5 16. a3 16... b5 17. g5 17... hxg5 18. Qxg5 18... b4 19. a4 19... c5 20. Rhg1 20... Ne8 21.
Qh6 21... Ng6 22. Qxg6 22... Nf6",1. 0:03:00 1... 0:03:00 2. 0:03:01 2... 0:02:55 3. 0:02:58 3... 0:02:55 4. 0:02:58 4... 0:02:55 5. 0:02:50 5... 0:02:57 6. 0:02:48 6... 0:02:56 7. 0:02:48 7... 0:02:56 8. 0:02:39 8... 0:02:45 9. 0:02:39 9... 0:02:47 10. 0:02:38 10... 0:02:46 11. 0:02:25 11... 0:02:42 12. 0:02:27 12... 0:02:43 13. 0:02:24 13... 0:02:42 14. 0:02:19 14... 0:02:43 15. 0:02:18 15... 0:02:38 16. 0:01:37 16... 0:02:30 17. 0:01:22 17... 0:02:30 18. 0:01:22 18... 0:02:26 19. 0:01:12 19... 0:02:27 20. 0:01:09 20... 0:02:20 21. 0:00:37 21... 0:02:13 22. 0:00:36 22... 0:01:59,
Rated Blitz game,https://lichess.org/oyjF1Tdp,2024.08.01,-,demanmeteensnor,tacotacotaco,0-1,2024.08.01,00:04:41,1963,1965,,,C50,"Italian Game: Giuoco Pianissimo, Normal",180+2,Normal,"1. e4 1... e5 2. Nf3 2... Nc6 3. Bc4 3... Nf6 4. d3 4... Bc5 5. Bg5 5... d6 6. h3 6... h6 7. Bh4 7... Be6 8. Bb3 8... Qd7 9. Nc3 9...
O-O-O 10. O-O 10... Bxh3 11. gxh3 11... Qxh3 12. Bg3 12... Qxg3",1. 0:03:00 1... 0:03:00 2. 0:02:58 2... 0:03:01 3. 0:02:57 3... 0:03:02 4. 0:02:57 4... 0:03:02 5. 0:02:56 5... 0:03:04 6. 0:02:51 6... 0:03:01 7. 0:02:51 7... 0:03:01 8. 0:02:49 8... 0:03:02 9. 0:02:49 9... 0:02:57 10. 0:02:19 10... 0:02:47 11. 0:02:16 11... 0:02:49 12. 0:02:15 12... 0:02:49,
Rated Blitz game,https://lichess.org/cFJGTLbh,2024.08.01,-,psicoAguero,EikeW95,1-0,2024.08.01,00:04:41,1321,1337,,,A20,English Opening: King's English Variation,180+2,Normal,"1. c4 1... e5 2. d4 2... exd4 3. e4 3... dxe3 4. Bxe3 4... Nf6 5. a3 5... d6 6. Nf3 6...
Be7 7. Bd3 7... Bg4 8.
O-O 8... c6 9. h3 9...
Bxf3 10. Qxf3 10... Nbd7 11. b4 11... Ne5 12.
Qe2 12... Nxd3 13. Qxd3 13... d5 14. Nc3 14...
dxc4 15. Qxc4 15... O-O 16. Rad1 16... Qc7 17.
Bf4 17... Qb6 18. Rfe1 18... Rfd8 19. Rxe7 19... Rxd1 20. Nxd1 20... h6 21.
Qxf7 21... Kh7 22. Qxg7",1. 0:03:00 1... 0:03:00 2. 0:03:00 2... 0:02:57 3. 0:02:59 3... 0:02:58 4. 0:02:59 4... 0:02:59 5. 0:02:54 5... 0:02:59 6. 0:02:54 6... 0:03:00 7. 0:02:54 7... 0:03:01 8. 0:02:43 8... 0:03:01 9. 0:02:30 9... 0:03:01 10. 0:02:30 10... 0:02:56 11. 0:02:29 11... 0:02:57 12. 0:02:25 12... 0:02:58 13. 0:02:26 13... 0:02:57 14. 0:02:25 14... 0:02:55 15. 0:02:25 15... 0:02:53 16. 0:02:14 16... 0:02:47 17. 0:02:12 17... 0:02:45 18. 0:01:55 18... 0:02:30 19. 0:01:49 19... 0:02:30 20. 0:01:49 20... 0:02:29 21. 0:01:49 21... 0:02:30 22. 0:01:47,
Rated Blitz game,https://lichess.org/gKwdLrBA,2024.08.01,-,rey_jacinto,armandogonzalezporro,1-0,2024.08.01,00:04:41,2108,2079,,,D04,"Queen's Pawn Game: Colle System, Anti-Colle",180+2,Time forfeit,"1. d4 1... d5 2. Nf3 2... Nf6 3. e3 3... Bf5 4. c4 4... dxc4 5.
Bxc4 5... e6 6. Ne5 6... Nbd7 7. Qa4 7... c6 8. Nxf7 8... Kxf7 9.
Qb3 9... Qb6 10. Qd1 10... Bb4 11. Nd2 11... Rhe8 12. O-O 12... Bxd2 13.
Bxd2 13... Kg8 14. Bc3 14... Ne4 15. Qf3 15... Ndf6 16. Qxf5 16... Nxc3 17. Bxe6 17... Kh8 18. bxc3 18... Qc7 19. Bb3 19... Rf8 20. Bc2 20... Rae8 21. Qh3 21... Qe7 22.
Rab1 22... b6 23. a4 23... Ne4 24. Bxe4 24... Qxe4 25. c4 25... Rf6 26.
Qh5 26... Ref8 27. Rb2 27... Rh6 28. Qe5",1. 0:03:00 1... 0:03:00 2. 0:03:01 2... 0:03:00 3. 0:03:02 3... 0:02:57 4. 0:03:01 4... 0:02:46 5. 0:03:01 5... 0:02:47 6. 0:02:59 6... 0:02:43 7. 0:02:50 7... 0:02:38 8. 0:02:06 8... 0:02:36 9. 0:02:06 9... 0:02:19 10. 0:02:05 10... 0:02:10 11. 0:02:05 11... 0:01:52 12. 0:01:58 12... 0:01:42 13. 0:01:54 13... 0:01:44 14. 0:01:44 14... 0:01:34 15. 0:01:41 15... 0:01:26 16. 0:01:37 16... 0:01:22 17. 0:01:34 17... 0:00:59 18. 0:01:33 18... 0:00:48 19. 0:01:29 19... 0:00:23 20. 0:01:26 20... 0:00:23 21. 0:01:23 21... 0:00:12 22. 0:01:23 22... 0:00:12 23. 0:01:14 23... 0:00:11 24. 0:01:07 24... 0:00:11 25. 0:01:01 25... 0:00:11 26. 0:00:56 26... 0:00:12 27. 0:00:53 27... 0:00:11 28. 0:00:46,
Rated Blitz game,https://lichess.org/L75XWNr6,2024.08.01,-,MGL2024,tatamaco,0-1,2024.08.01,00:04:41,2223,2329,,,B40,Sicilian Defense: French Variation,180+2,Normal,"1. e4 1... c5 2. Nf3 2... e6 3. d3 3... Nc6 4. g3 4... g6 5. d4 5... cxd4 6. Nxd4 6... a6 7. Bg2 7... Bg7 8.
Nxc6 8... bxc6 9. c4 9... Ne7 10. Nc3 10... O-O 11. O-O 11... d6 12.
Be3 12... c5 13. Qd2 13... e5 14. f4 14... Nc6 15. f5 15... Nd4 16.
Nd5 16... f6 17. b4 17... Bb7 18. bxc5 18... dxc5 19. Rab1 19... Bxd5 20. cxd5 20... Qd6 21. Bxd4 21... exd4 22. Rfc1 22... Rfc8 23. Bf1 23... gxf5 24. exf5 24... Kh8 25.
Bc4 25... Qf8 26. Re1 26... Bh6 27. Qa5 27... Be3 28. Kg2 28... Qd6 29.
Rb6 29... Qe5 30. Re6 30... Qxf5 31. Rf1 31... Qc2 32. Kh3 32... Qxc4 33.
Rexf6 33... Qxd5 34. R1f5 34... Qd7 35. Rf7 35... Qe6 36. Qa3 36... Rf8",1. 0:03:00 1... 0:03:00 2. 0:03:01 2... 0:03:01 3. 0:03:01 3... 0:03:00 4. 0:03:01 4... 0:03:00 5. 0:03:00 5... 0:02:59 6. 0:03:01 6... 0:03:01 7. 0:02:58 7... 0:03:00 8. 0:02:58 8... 0:02:59 9. 0:02:56 9... 0:02:59 10. 0:02:57 10... 0:02:59 11. 0:02:57 11... 0:02:59 12. 0:02:51 12... 0:02:57 13. 0:02:50 13... 0:02:58 14. 0:02:45 14... 0:02:58 15. 0:02:42 15... 0:02:57 16. 0:02:28 16... 0:02:47 17. 0:02:22 17... 0:02:45 18. 0:02:19 18... 0:02:45 19. 0:02:17 19... 0:02:44 20. 0:02:12 20... 0:02:45 21. 0:02:06 21... 0:02:39 22. 0:02:06 22... 0:02:38 23. 0:02:06 23... 0:02:35 24. 0:02:03 24... 0:02:36 25. 0:01:58 25... 0:02:29 26. 0:01:55 26... 0:02:29 27. 0:01:46 27... 0:02:27 28. 0:01:46 28... 0:02:27 29. 0:01:42 29... 0:02:23 30. 0:01:26 30... 0:02:19 31. 0:01:25 31... 0:02:17 32. 0:01:24 32... 0:02:17 33. 0:01:20 33... 0:02:17 34. 0:01:21 34... 0:02:16 35. 0:01:05 35... 0:02:11 36. 0:00:53 36... 0:02:02,
Rated Blitz game,https://lichess.org/9u0VarEW,2024.08.01,-,rotarola,Miha-Konat,0-1,2024.08.01,00:04:41,1394,1349,,,A40,English Defense,180+2,Normal,"1. d4 1... b6 2. c4 2... e6 3. e4 3... Bb7 4. Nc3 4... Bb4 5. d5 5... exd5 6. exd5 6... Nf6 7. Bd2 7... d6 8. Nf3 8... O-O 9. Bd3 9...
Nbd7 10. O-O 10... c5 11. Ne4 11... Bxd2 12. Qxd2 12... Re8 13. Nxf6 13... Nxf6 14. Rfe1 14... Qd7 15. Re2 15... a6 16.
Rae1 16... h6 17. Rxe8 17... Rxe8 18. Rxe8 18... Qxe8 19. Qe2 19... Qa4 20. b3 20... Qa3 21.
h3 21... Bc8 22. Nh4 22... g6 23. Qd2 23... Kg7 24. f4 24... Bd7 25.
f5 25... g5 26. Nf3 26... Ne8 27. Nxg5 27... hxg5 28. Qxg5 28... Kf8 29. Qh6 29... Ke7 30. f6 30... Kd8 31. Qd2 31... Nxf6 32. h4 32... Ke7 33. Qg5 33... a5 34.
h5 34... Qxa2 35. h6 35... Qa1 36. Kh2 36... Qe5 37. Qxe5 37... dxe5 38. h7 38... Nxh7 39. Bxh7 39... f6 40. Bg8 40...
f5 41. Kg3 41... Kf6 42. Kf3 42... f4 43. Ke4 43... Bf5 44. Kf3 44... Kg5 45. Be6 45... Kf6 46. Bxf5 46... Kxf5 47. d6 47... Ke6 48. d7 48... Kxd7 49. Ke4 49... Ke6 50. Kf3 50... Kf5 51. Kf2 51... e4 52.
Ke2 52... Kg4 53. Kf2 53... e3 54. Ke2 54... Kg3 55. Kf1 55... f3 56.
gxf3 56... Kxf3 57. Ke1 57... Ke4 58. Ke2 58... Kd4 59. Ke1 59... Kd3 60. Kd1 60... Kc3 61.
Ke2 61... Kxb3",1. 0:03:00 1... 0:03:00 2. 0:02:59 2... 0:03:01 3. 0:02:59 3... 0:03:02 4. 0:02:59 4... 0:03:03 5. 0:02:54 5... 0:03:02 6. 0:02:55 6... 0:03:02 7. 0:02:55 7... 0:03:00 8. 0:02:55 8... 0:03:00 9. 0:02:53 9... 0:03:01 10. 0:02:54 10... 0:03:02 11. 0:02:44 11... 0:03:02 12. 0:02:36 12... 0:03:03 13. 0:02:33 13... 0:03:03 14. 0:02:30 14... 0:02:57 15. 0:02:24 15... 0:02:46 16. 0:02:23 16... 0:02:39 17. 0:02:08 17... 0:02:41 18. 0:02:06 18... 0:02:43 19. 0:02:02 19... 0:02:39 20. 0:01:58 20... 0:02:34 21. 0:01:46 21... 0:02:28 22. 0:01:11 22... 0:02:24 23. 0:00:49 23... 0:02:19 24. 0:00:23 24... 0:02:20 25. 0:00:24 25... 0:02:20 26. 0:00:23 26... 0:01:49 27. 0:00:23 27... 0:01:50 28. 0:00:23 28... 0:01:51 29. 0:00:22 29... 0:01:52 30. 0:00:23 30... 0:01:53 31. 0:00:22 31... 0:01:52 32. 0:00:23 32... 0:01:41 33. 0:00:23 33... 0:01:34 34. 0:00:23 34... 0:01:28 35. 0:00:23 35... 0:01:28 36. 0:00:24 36... 0:01:24 37. 0:00:23 37... 0:01:25 38. 0:00:22 38... 0:01:25 39. 0:00:24 39... 0:01:25 40. 0:00:23 40... 0:01:20 41. 0:00:21 41... 0:01:18 42. 0:00:20 42... 0:01:17 43. 0:00:19 43... 0:01:18 44. 0:00:19 44... 0:01:16 45. 0:00:13 45... 0:01:13 46. 0:00:12 46... 0:01:13 47. 0:00:12 47... 0:01:15 48. 0:00:11 48... 0:01:16 49. 0:00:13 49... 0:01:17 50. 0:00:11 50... 0:01:17 51. 0:00:11 51... 0:01:19 52. 0:00:12 52... 0:01:19 53. 0:00:12 53... 0:01:19 54. 0:00:13 54... 0:01:20 55. 0:00:14 55... 0:01:20 56. 0:00:15 56... 0:01:22 57. 0:00:15 57... 0:01:13 58. 0:00:16 58... 0:01:14 59. 0:00:15 59... 0:01:15 60. 0:00:13 60... 0:01:15 61. 0:00:14 61... 0:01:16,
Rated Blitz game,https://lichess.org/bUdDlIHv,2024.08.01,-,ruben07890,conweezy,1-0,2024.08.01,00:04:41,1501,1482,,,D06,Queen's Gambit Declined: Baltic Defense,180+2,Normal,"1. d4 1... d5 2. c4 2... Bf5 3. Nc3 3... a6 4. Qb3 4... b6 5. Nxd5 5... e6 6. Nc3 6...
Qxd4 7. Be3 7... Qd8 8. Rd1 8... Qc8 9. Qa4 9... c6 10. Bxb6 10...
Nf6 11. Rd8",1. 0:03:00 1... 0:03:00 2. 0:03:01 2... 0:03:00 3. 0:02:59 3... 0:03:01 4. 0:02:58 4... 0:02:51 5. 0:02:50 5... 0:02:46 6. 0:02:45 6... 0:02:47 7. 0:02:38 7... 0:02:40 8. 0:02:22 8... 0:02:25 9. 0:02:12 9... 0:02:19 10. 0:01:59 10... 0:02:17 11. 0:01:40,
Rated Blitz game,https://lichess.org/emBuZVGg,2024.08.01,-,pm101,juliusromero718,0-1,2024.08.01,00:04:41,961,973,,,A45,Queen's Pawn Game: Chigorin Variation,180+2,Time forfeit,"1. d4 1... d5 2. Nc3 2... Nf6 3. Nf3 3... Nc6 4. Bg5 4... h6 5. Bxf6 5... gxf6 6. e3 6...
Bf5 7. Bb5 7... Qd7 8.
Bxc6 8... Qxc6 9. O-O 9... O-O-O",1. 0:03:00 1... 0:03:00 2. 0:03:01 2... 0:03:00 3. 0:03:01 3... 0:03:01 4. 0:03:02 4... 0:02:59 5. 0:03:02 5... 0:02:59 6. 0:03:03 6... 0:02:59 7. 0:03:02 7... 0:02:58 8. 0:03:02 8... 0:02:59 9. 0:03:00 9... 0:02:59,
Rated Blitz game,https://lichess.org/qBGFBAZw,2024.08.01,-,dR_AcmE_IsmE,Jorgecuba2023,1-0,2024.08.01,00:04:41,1711,1668,,,D02,"Queen's Pawn Game: London System, with e6",180+2,Normal,"1. d4 1... d5 2. Bf4 2... e6 3. Nf3 3... Nf6 4. e3 4... Be7 5. Nbd2 5... b6 6. c3 6... O-O 7. Bd3 7... h6 8. h4 8... c5 9. Bc2 9...
Nc6 10. Ng5 10... Nh5 11. Qxh5 11... cxd4 12.
Bh7 12... Kh8 13. Nxf7 13... Rxf7 14. Qxf7 14...
Kxh7 15. g4 15... e5 16. Bxh6 16... Bf8 17. g5 17... Qe7 18. Qxd5 18...
Bb7 19. Qe4 19... Kh8 20.
O-O-O 20... Rb8 21. exd4 21...
Nxd4 22. Bxg7 22... Bxg7 23. Qg4 23... Bxh1 24.
Rxh1 24... Nb5 25. h5 25... e4 26. h6 26...
Bxc3 27. g6 27... Rc8 28. Qxc8",1. 0:03:00 0. 0:03:00 1... 0:03:00 0. 0:03:01 2. 0:03:00 0. 0:02:59 2... 0:03:00 0. 0:03:00 3. 0:02:55 0. 0:03:01 3... 0:02:56 0. 0:03:01 4. 0:02:56 0. 0:03:02 4... 0:02:56 0. 0:02:57 5. 0:02:56 0. 0:02:46 5... 0:02:49 0. 0:02:42 6. 0:02:49 0. 0:02:30 6... 0:02:49 0. 0:02:29 7. 0:02:48 0. 0:02:28 7... 0:02:49 1. 0:02:29 8. 0:02:42 1. 0:02:29 8... 0:02:36 2. 0:02:22 9. 0:02:33 1. 0:01:53 9... 0:02:26 1. 0:01:36 10. 0:02:25 1. 0:01:33 10... 0:02:01 4. 0:01:30 11. 0:02:00 4. 0:01:25 11... 0:01:58 4. 0:01:21 12. 0:01:44 4. 0:01:20 12... 0:01:44 4. 0:01:16 13. 0:01:42 3. 0:00:54 13... 0:01:42 3. 0:00:54 14. 0:01:40 3. 0:00:39 14... 0:01:40,
Rated Blitz game,https://lichess.org/gg0Ev7lP,2024.08.01,-,Britox,hassanelkhmsawy,1-0,2024.08.01,00:04:41,1792,1789,,,C88,Ruy Lopez: Closed,180+2,Normal,"1. e4 1... e5 2. Nf3 2... Nc6 3. Bb5 3... a6 4. Ba4 4... Nf6 5. O-O 5... b5 6. Bb3 6...
Be7 7. Re1 7... d6 8.
h3 8... Na5 9. d4 9...
exd4 10. Qxd4 10... Nxb3 11. axb3 11... O-O 12.
Nc3 12... c6 13. Bf4 13... Qc7 14. e5 14... dxe5 15. Bxe5 15... Qd7 16.
Qf4 16... Qf5 17. Qg3 17... Qg6 18. Qf4 18... Qxc2 19. Bd4 19... Bd8 20.
Ne5 20... Qxb3 21. Nxc6 21... Be6 22. Nxd8 22... Raxd8 23. Bxf6 23... gxf6 24. Re3 24... Qc4 25.
Rg3 25... Kh8 26. Qxf6",1. 0:03:00 1... 0:03:00 2. 0:03:01 2... 0:03:02 3. 0:03:02 3... 0:03:02 4. 0:03:03 4... 0:03:03 5. 0:03:04 5... 0:03:01 6. 0:03:04 6... 0:02:59 7. 0:03:03 7... 0:02:57 8. 0:03:04 8... 0:02:54 9. 0:02:59 9... 0:02:44 10. 0:02:41 10... 0:02:36 11. 0:02:41 11... 0:02:33 12. 0:02:40 12... 0:02:20 13. 0:02:39 13... 0:02:04 14. 0:02:30 14... 0:01:56 15. 0:02:26 15... 0:01:46 16. 0:02:22 16... 0:01:39 17. 0:02:19 17... 0:01:13 18. 0:02:01 18... 0:01:13 19. 0:01:28 19... 0:01:10 20. 0:01:18 20... 0:00:47 21. 0:01:16 21... 0:00:23 22. 0:01:15 22... 0:00:25 23. 0:01:15 23... 0:00:27 24. 0:01:16 24... 0:00:23 25. 0:01:14 25... 0:00:12 26. 0:01:13,
Rated Blitz game,https://lichess.org/Xe9hddsG,2024.08.01,-,sdclear68,mayorga10,0-1,2024.08.01,00:04:41,1900,1878,,,C45,Scotch Game: Schmidt Variation,180+2,Normal,"1. e4 1... e5 2. Nf3 2... Nc6 3. d4 3... exd4 4. Nxd4 4... Nf6 5.
Nc3 5... Bb4 6. f3 6... Nxe4 7. fxe4 7... Qh4 8. g3 8... Qxe4 9.
Ne2 9... Qxh1 10. Be3 10... d5 11. Qd3 11... Bh3 12. O-O-O 12... Bxf1 13. Qxd5 13... Qxd5 14. Nxd5 14... O-O-O 15. Rxf1 15... Rxd5 16. c3 16... Ba5 17. Rxf7 17... Re8 18.
Nf4 18... Rd7 19. Rxd7 19... Kxd7 20. Bd4 20... g5 21. Nh5 21... Kc8 22.
Nf6 22... Re7 23. Kc2 23... Bb6 24. Bxb6 24... axb6",1. 0:03:00 1... 0:03:00 2. 0:03:00 2... 0:03:01 3. 0:03:01 3... 0:03:01 4. 0:03:03 4... 0:03:02 5. 0:03:04 5... 0:03:01 6. 0:03:04 6... 0:02:46 7. 0:03:03 7... 0:02:47 8. 0:02:37 8... 0:02:46 9. 0:02:38 9... 0:02:37 10. 0:02:39 10... 0:02:21 11. 0:02:38 11... 0:02:03 12. 0:02:29 12... 0:02:00 13. 0:02:29 13... 0:01:58 14. 0:02:28 14... 0:00:50 15. 0:02:20 15... 0:00:48 16. 0:02:06 16... 0:00:31 17. 0:02:02 17... 0:00:25 18. 0:01:57 18... 0:00:19 19. 0:01:40 19... 0:00:21 20. 0:01:41 20... 0:00:20 21. 0:01:39 21... 0:00:17 22. 0:01:36 22... 0:00:17 23. 0:01:33 23... 0:00:18 24. 0:01:31 24... 0:00:20,
Rated Blitz game,https://lichess.org/A4rlVaYQ,2024.08.01,-,yogapants1111,AhmedSalama989,1-0,2024.08.01,00:04:41,879,958,,,C46,Three Knights Opening,180+2,Normal,"1. e4 1... e5 2. Nc3 2... Nc6 3. Nf3 3... d6 4. Bc4 4... Be7 5. d3 5... h6 6. Be3 6... a6 7. Bb3 7... Nf6 8. Qe2 8... O-O 9. Nh4 9...
Nxe4 10. Nxe4 10... Bxh4 11. g3 11... Be7 12.
O-O-O 12... Nb4 13. Kb1 13... Be6 14. Bxe6 14... fxe6 15. Nc3 15... c5 16. Qg4 16... Bf6 17.
Bxh6 17... e4 18. Nxe4 18... Qa5 19. Nxf6 19... Rxf6 20. Qxg7",1. 0:03:00 1... 0:03:00 2. 0:02:58 2... 0:02:59 3. 0:02:57 3... 0:02:52 4. 0:02:58 4... 0:02:47 5. 0:02:58 5... 0:02:46 6. 0:02:54 6... 0:02:23 7. 0:02:51 7... 0:02:21 8. 0:02:50 8... 0:02:22 9. 0:02:51 9... 0:02:16 10. 0:02:49 10... 0:02:15 11. 0:02:42 11... 0:02:09 12. 0:02:40 12... 0:02:09 13. 0:02:39 13... 0:02:09 14. 0:02:39 14... 0:02:09 15. 0:02:35 15... 0:02:06 16. 0:02:29 16... 0:01:58 17. 0:02:23 17... 0:01:57 18. 0:02:21 18... 0:01:45 19. 0:02:21 19... 0:01:45 20. 0:02:19,
Rated Blitz game,https://lichess.org/qAYOT0aP,2024.08.01,-,gambit_buster,rickytobing,1-0,2024.08.01,00:04:41,1857,1860,,,B01,Scandinavian Defense: Schiller-Pytel Variation,180+2,Normal,"1. e4 1... d5 2. exd5 2... Qxd5 3. Nc3 3... Qd6 4. d4 4... c6 5. Nf3 5... Bg4 6. Be2 6... Nd7 7. Ne4 7... Qc7 8. h3 8... Bh5 9. Ng3 9... Bg6 10. h4 10... h5 11. O-O 11...
Ngf6 12. Re1 12... O-O-O 13. Be3 13... e6 14.
c3 14... Bd6 15. Nf1 15... Kb8 16. Bg5 16...
Rc8 17. Bd3 17... Bxd3 18. Qxd3 18... Nd5 19. Ne3 19... a6 20. Nxd5 20... exd5 21. Be7 21... Nb6 22. Bxd6 22... Qxd6 23. Ne5 23...
Rc7 24. Qf3 24... f6 25. Ng6 25... Rh6 26.
Re8 26... Ka7 27. Nf4 27... Nc4 28. b3 28...
Nd2 29. Qe3 29... Ne4 30. f3 30... Ng3 31. Re6 31... Qa3 32. Qd3 32... Qb2 33. Rae1 33...
Qxa2 34. c4 34... dxc4 35. bxc4 35... b5 36.
Kh2 36... bxc4 37. Qc3 37... Nf5 38. Ra1 38...
Qb3 39. Qa5 39... Qb5 40. Qxc7",1. 0:03:00 0. 0:03:00 1... 0:03:01 0. 0:03:02 2. 0:03:02 0. 0:03:03 2... 0:03:01 0. 0:03:04 3. 0:03:00 0. 0:03:05 3... 0:03:01 0. 0:03:06 4. 0:02:54 0. 0:03:06 4... 0:02:50 0. 0:03:06 5. 0:02:51 0. 0:03:06 5... 0:02:39 0. 0:02:59 6. 0:02:31 0. 0:02:59 6... 0:02:28 0. 0:02:59 7. 0:02:25 0. 0:02:59 7... 0:02:24 0. 0:02:58 8. 0:02:18 0. 0:02:58 8... 0:02:18 0. 0:02:57 9. 0:02:01 0. 0:02:53 9... 0:02:02 0. 0:02:51 10. 0:01:51 0. 0:02:42 10... 0:01:50 0. 0:02:42 11. 0:01:48 0. 0:02:30 11... 0:01:47 1. 0:02:31 12. 0:01:46 1. 0:02:11 12... 0:01:38 1. 0:02:10 13. 0:01:34 0. 0:02:11 13... 0:01:25 0. 0:02:11 14. 0:01:19 0. 0:02:12 14... 0:01:11 0. 0:02:13 15. 0:01:11 0. 0:02:13 15... 0:01:02 0. 0:02:14 16. 0:00:55 0. 0:01:56 16... 0:00:49 0. 0:01:51 17. 0:00:45 0. 0:01:46 17... 0:00:45 0. 0:01:45 18. 0:00:45 0. 0:01:14 18... 0:00:44 1. 0:01:12 19. 0:00:42 0. 0:01:12 19... 0:00:42 1. 0:01:09 20. 0:00:40 0. 0:01:06 20... 0:00:39,
Rated Blitz game,https://lichess.org/lakXsvLC,2024.08.01,-,sergey1953,Kabir2505,0-1,2024.08.01,00:04:36,1893,1988,,,D02,Queen's Pawn Game: Chigorin Variation,180+2,Normal,"1. Nf3 1... Nc6 2. d4 2... d5 3. e3 3... a6 4. c3 4... g6 5. Bd3 5... Bg7 6. h3 6... f6 7. O-O 7... e5 8. dxe5 8... fxe5 9. Be2 9... Nf6 10. Nbd2 10... O-O 11.
Nb3 11... Qe7 12. Qc2 12... Bf5 13. Qd2 13... Rad8 14. Rd1 14... Bc8 15.
Qe1 15... a5 16. Nbd2 16... h6 17. Nh2 17... g5 18. f3 18... Be6 19.
Qf2 19... Qd7 20. Ndf1 20... Qc8 21. Ng4 21... Nxg4 22. fxg4 22... Rxf2 23. Kxf2 23... Rf8 24. Kg1 24... d4 25. exd4 25... exd4 26. cxd4 26... Bxd4 27. Kh1 27... Bb6 28.
Be3 28... Bxe3 29. Nxe3 29... Ne5 30. Rf1 30... Kg7 31. b3 31... Qd8 32. Rad1 32... Qe7 33.
Rxf8 33... Qxf8 34. Rf1 34... Qc5 35. Nf5 35... Bxf5 36. Rxf5 36... Qc1 37. Rf1 37... Qe3 38.
Bd1 38... Nd3 39. Bc2 39... Nf2 40. Kh2 40... Ne4 41. Rf3 41... Qd4 42.
Rd3 42... Qe5 43. g3 43... Nd6 44. Bd1 44... Qb2 45. Kh1 45... Qxa2 46.
Re3 46... Qd2 47. Re7 47... Kf6",1. 0:03:00 1... 0:03:00 2. 0:03:01 2... 0:03:01 3. 0:03:01 3... 0:03:02 4. 0:03:01 4... 0:03:03 5. 0:03:02 5... 0:03:03 6. 0:03:03 6... 0:03:05 7. 0:03:04 7... 0:03:06 8. 0:03:03 8... 0:03:07 9. 0:02:57 9... 0:03:06 10. 0:02:52 10... 0:03:06 11. 0:02:51 11... 0:03:05 12. 0:02:51 12... 0:03:02 13. 0:02:47 13... 0:03:00 14. 0:02:40 14... 0:03:01 15. 0:02:26 15... 0:03:00 16. 0:02:25 16... 0:02:56 17. 0:02:25 17... 0:02:54 18. 0:02:17 18... 0:02:55 19. 0:02:15 19... 0:02:54 20. 0:02:14 20... 0:02:54 21. 0:02:12 21... 0:02:54 22. 0:02:13 22... 0:02:54 23. 0:02:14 23... 0:02:53 24. 0:02:14 24... 0:02:54 25. 0:02:13 25... 0:02:55 26. 0:02:07 26... 0:02:55 27. 0:02:08 27... 0:02:54 28. 0:02:09 28... 0:02:52 29. 0:02:09 29... 0:02:52 30. 0:02:00 30... 0:02:51 31. 0:01:55 31... 0:02:47 32. 0:01:55 32... 0:02:47 33. 0:01:46 33... 0:02:45 34. 0:01:45 34... 0:02:47 35. 0:01:41 35... 0:02:47 36. 0:01:36 36... 0:02:48 37. 0:01:35 37... 0:02:48 38. 0:01:23 38... 0:02:47 39. 0:01:23 39... 0:02:45 40. 0:01:21 40... 0:02:40 41. 0:01:09 41... 0:02:36 42. 0:00:41 42... 0:02:34 43. 0:00:42 43... 0:02:29 44. 0:00:34 44... 0:02:28 45. 0:00:31 45... 0:02:24 46. 0:00:24 46... 0:02:24 47. 0:00:23 47... 0:02:25,
Rated Blitz game,https://lichess.org/2XZKDkYP,2024.08.01,-,Khaledrf33,romerison-junior,1-0,2024.08.01,00:04:24,1745,1749,,,B10,Caro-Kann Defense,180+2,Time forfeit,"1. e4 1... c6 2. Nf3 2... d5 3. exd5 3... cxd5 4. d4 4... Bf5 5. Bd3 5... Bxd3 6. Qxd3 6...
Nc6 7. c3 7... Qd7 8.
Bf4 8... f6 9. O-O 9... O-O-O 10. Nbd2 10... Re8 11. b4 11... e5 12.
dxe5 12... fxe5 13. Be3 13... e4 14. Qc2 14...
exf3 15. Nxf3 15... Bd6 16. b5 16... Ne5 17.
Nxe5 17... Bxe5 18. Bxa7 18... Nh6 19. f4 19...
Bd6 20. Rfd1 20... Qxb5 21. Rab1 21... Qe2 22.
Qb3 22... b5 23. Qxd5 23... Rd8 24. Qc6 24... Bc7 25. Re1",1. 0:03:00 1... 0:03:00 2. 0:03:01 2... 0:03:00 3. 0:02:50 3... 0:03:02 4. 0:02:50 4... 0:03:02 5. 0:02:49 5... 0:03:02 6. 0:02:50 6... 0:02:52 7. 0:02:48 7... 0:02:45 8. 0:02:48 8... 0:02:44 9. 0:02:47 9... 0:02:45 10. 0:02:47 10... 0:02:35 11. 0:02:44 11... 0:02:35 12. 0:02:44 12... 0:02:37 13. 0:02:23 13... 0:02:14 14. 0:02:23 14... 0:02:14 15. 0:02:24 15... 0:02:01 16. 0:02:23 16... 0:01:54 17. 0:02:21 17... 0:01:54 18. 0:02:20 18... 0:01:38 19. 0:02:16 19... 0:01:12 20. 0:02:14 20... 0:00:50 21. 0:01:57 21... 0:00:35 22. 0:01:50 22... 0:00:20 23. 0:01:32 23... 0:00:05 24. 0:01:30 24... 0:00:06 25. 0:01:22,
Rated Blitz game,https://lichess.org/j0XZEQAR,2024.08.01,-,Kool_Hand_Luke,stendecks,0-1,2024.08.01,00:04:24,1523,1587,,,D02,"Queen's Pawn Game: Symmetrical Variation, Pseudo-Catalan",180+2,Normal,"1. d4 1... d5 2. g3 2... Nf6 3. Nf3 3... Bf5 4. Bg2 4... e6 5. c4 5... c6 6. O-O 6...
Bd6 7. a3 7... O-O 8.
b4 8... h6 9. c5 9...
Bc7 10. a4 10... b6 11. Be3 11... bxc5 12. bxc5 12... Nbd7 13. Qd2 13... e5 14. Nxe5 14... Nxe5 15. dxe5 15... Bxe5 16. Bd4 16... Ne4 17. Qb4 17... Bxd4 18. Qxd4 18... Rb8 19. Nd2 19... Nxd2 20. Qxd2 20... Qf6 21.
Qf4 21... Rb2 22. e4 22... dxe4 23. Bxe4 23... Bxe4 24. Qxe4 24... Rxf2 25. Rae1 25... Rxf1 26. Rxf1 26... Qe6 27. Qd3 27... Re8 28. Qa6 28... Qe3 29. Kg2 29... Qxc5 30.
Qxa7 30... Qxa7",1. 0:03:00 1... 0:03:00 2. 0:02:59 2... 0:03:02 3. 0:03:00 3... 0:03:03 4. 0:03:00 4... 0:03:05 5. 0:03:01 5... 0:03:06 6. 0:03:00 6... 0:03:04 7. 0:02:59 7... 0:03:03 8. 0:03:00 8... 0:03:02 9. 0:02:55 9... 0:03:03 10. 0:02:56 10... 0:03:05 11. 0:02:40 11... 0:03:04 12. 0:02:39 12... 0:02:41 13. 0:02:36 13... 0:02:40 14. 0:02:09 14... 0:02:42 15. 0:02:09 15... 0:02:43 16. 0:01:42 16... 0:02:37 17. 0:01:23 17... 0:02:28 18. 0:01:19 18... 0:02:28 19. 0:01:19 19... 0:02:24 20. 0:01:21 20... 0:02:21 21. 0:01:16 21... 0:01:57 22. 0:01:16 22... 0:01:45 23. 0:01:16 23... 0:01:45 24. 0:01:04 24... 0:01:45 25. 0:00:38 25... 0:01:38 26. 0:00:35 26... 0:01:30 27. 0:00:24 27... 0:01:26 28. 0:00:23 28... 0:01:23 29. 0:00:18 29... 0:01:20 30. 0:00:20 30... 0:01:20,
Rated Blitz game,https://lichess.org/JB9dB8MR,2024.08.01,-,sayed_masud,andromeda011,0-1,2024.08.01,00:04:24,1871,1793,,,D02,Queen's Pawn Game: Symmetrical Variation,180+2,Time forfeit,"1. d4 1... d5 2. Nf3 2... Nf6 3. c3 3... e6 4. Bf4 4... Bd6 5. Bg3 5... c6 6. e3 6... O-O 7. Bd3 7... Bc7 8. Nbd2 8... Nbd7 9. Ne5 9...
Nxe5 10. dxe5 10... Nd7 11. f4 11... f6 12.
Qh5 12... f5 13. Qe2 13... Nc5 14. O-O 14... Bd7 15. Bf2 15... a6 16.
g3 16... Qe8 17. Bc2 17... Bb6 18. Nf3 18... h6 19. Nh4 19... Bd8 20.
Nf3 20... Rb8 21. b4 21... Ne4 22. Bxe4 22... fxe4 23. Nd4 23... Ra8 24.
a4 24... Bb6 25. a5 25... Bxd4 26. exd4 26... g6 27. Be3 27... h5 28.
Kh1 28... Qf7 29. Rg1 29... Qf5 30. g4 30... hxg4 31. Qxg4 31... Kh7 32.
Qh4 32... Kg7 33. Qe7 33... Rf7 34. Qd6 34... Rh8 35. Ra2 35... Qh3 36. Rag2 36... Qf3 37.
Bf2 37... Rh6 38. Be1 38... Qxf4",1. 0:03:00 1... 0:03:00 2. 0:03:01 2... 0:03:01 3. 0:03:01 3... 0:03:02 4. 0:03:02 4... 0:03:03 5. 0:03:03 5... 0:02:59 6. 0:03:02 6... 0:03:00 7. 0:03:03 7... 0:03:00 8. 0:03:01 8... 0:03:00 9. 0:03:00 9... 0:03:01 10. 0:03:00 10... 0:03:02 11. 0:02:35 11... 0:03:01 12. 0:02:30 12... 0:02:58 13. 0:02:26 13... 0:02:57 14. 0:02:15 14... 0:02:54 15. 0:02:09 15... 0:02:52 16. 0:02:08 16... 0:02:52 17. 0:01:58 17... 0:02:43 18. 0:01:45 18... 0:02:43 19. 0:01:33 19... 0:02:37 20. 0:01:32 20... 0:02:34 21. 0:01:24 21... 0:02:30 22. 0:01:24 22... 0:02:30 23. 0:01:24 23... 0:02:19 24. 0:01:24 24... 0:02:17 25. 0:01:24 25... 0:02:18 26. 0:01:14 26... 0:02:14 27. 0:01:13 27... 0:02:15 28. 0:01:08 28... 0:02:12 29. 0:01:08 29... 0:01:51 30. 0:01:08 30... 0:01:52 31. 0:01:08 31... 0:01:50 32. 0:01:05 32... 0:01:39 33. 0:00:53 33... 0:01:36 34. 0:00:30 34... 0:01:36 35. 0:00:17 35... 0:01:36 36. 0:00:17 36... 0:01:29 37. 0:00:15 37... 0:01:19 38. 0:00:07 38... 0:01:12,
Rated Blitz game,https://lichess.org/u6IkseQm,2024.08.01,-,Moindjie,MQVDAVID,1-0,2024.08.01,00:04:24,2085,2092,,,C67,"Ruy Lopez: Berlin Defense, l'Hermet Variation, Berlin Wall Defense",180+2,Normal,"1. e4 1... e5 2. Nf3 2... Nc6 3. Bb5 3... Nf6 4. O-O 4... Nxe4 5. d4 5... Nd6 6. Bxc6 6...
dxc6 7. dxe5 7... Nf5 8. Qxd8 8... Kxd8 9. Nc3 9... Be6 10. Bg5 10... Be7 11. Rad1 11... Ke8 12. Bxe7 12... Kxe7 13. Ng5 13... Rad8 14. Nxe6 14... Kxe6 15. f4 15... Ke7 16. Kf2 16... Rxd1 17. Rxd1 17... Rd8 18.
Rxd8 18... Kxd8 19. Ne4 19... Nd4 20. c3 20...
Ne6 21. f5 21... Nf8 22. Ke3 22... h6 23. g4 23... Kd7 24. Nc5 24... Kc8 25. Ke4 25... b6 26. Nd3 26... Nh7 27.
h4 27... Kd7 28. Nf4 28... Ke7 29. c4 29... a5 30. c5 30... b5 31. b3 31... a4 32. bxa4 32... bxa4 33. Ne2 33... Nf8 34. Nc3 34... a3 35.
Nb1 35... Nd7 36. Kd4 36... f6 37. exf6 37... Nxf6 38. g5 38... Nh7 39.
gxh6 39... gxh6 40. Nxa3 40... Kf6 41. Ke4 41... Nf8 42. Nc4 42... Nd7 43. Kd4 43... Kxf5 44.
a4 44... Kg4 45. Ne5 45... Nxe5 46. Kxe5 46... Kxh4 47. a5 47... Kg3 48.
a6 48... h5 49. a7 49... h4 50. a8=Q 50... h3 51. Qxc6 51... h2 52.
Qh1",1. 0:03:00 1... 0:03:00 2. 0:03:01 2... 0:02:57 3. 0:03:02 3... 0:02:56 4. 0:03:02 4... 0:02:57 5. 0:02:57 5... 0:02:31 6. 0:02:57 6... 0:02:31 7. 0:02:59 7... 0:02:33 8. 0:03:00 8... 0:02:35 9. 0:02:54 9... 0:02:00 10. 0:02:54 10... 0:02:01 11. 0:02:54 11... 0:02:02 12. 0:02:52 12... 0:02:01 13. 0:02:53 13... 0:02:00 14. 0:02:54 14... 0:01:59 15. 0:02:56 15... 0:01:56 16. 0:02:50 16... 0:01:48 17. 0:02:50 17... 0:01:50 18. 0:02:50 18... 0:01:52 19. 0:02:48 19... 0:01:53 20. 0:02:46 20... 0:01:52 21. 0:02:37 21... 0:01:46 22. 0:02:37 22... 0:01:45 23. 0:02:37 23... 0:01:47 24. 0:02:34 24... 0:01:47 25. 0:02:28 25... 0:01:48 26. 0:02:23 26... 0:01:48 27. 0:02:20 27... 0:01:48 28. 0:02:19 28... 0:01:44 29. 0:02:17 29... 0:01:44 30. 0:02:16 30... 0:01:43 31. 0:02:11 31... 0:01:35 32. 0:02:11 32... 0:01:37 33. 0:02:04 33... 0:01:37 34. 0:02:01 34... 0:01:38 35. 0:01:58 35... 0:01:38 36. 0:02:00 36... 0:01:36 37. 0:01:52 37... 0:01:36 38. 0:01:50 38... 0:01:35 39. 0:01:48 39... 0:01:37 40. 0:01:49 40... 0:01:39 41. 0:01:46 41... 0:01:41 42. 0:01:39 42... 0:01:43 43. 0:01:30 43... 0:01:42 44. 0:01:30 44... 0:01:42 45. 0:01:28 45... 0:01:39 46. 0:01:30 46... 0:01:40 47. 0:01:30 47... 0:01:41 48. 0:01:32 48... 0:01:43 49. 0:01:34 49... 0:01:44 50. 0:01:36 50... 0:01:46 51. 0:01:34 51... 0:01:48 52. 0:01:35,
Rated Blitz game,https://lichess.org/KCC08e9d,2024.08.01,-,lasttimeiswear,Gerarduy16,1/2-1/2,2024.08.01,00:04:24,1404,1379,,,A00,Polish Opening: Schiffler-Sokolsky Variation,180+2,Normal,"1. b4 1... e6 2. Bb2 2... Nf6 3. b5 3... d5 4. e3 4... b6 5. Nf3 5... Bb7 6. c4 6... c6 7. Nc3 7... a6 8. Qb3 8... axb5 9. cxb5 9... c5 10. d3 10... Qc7 11.
a4 11... Ra5 12. Be2 12... Bd6 13. g3 13... h6 14. O-O 14... O-O 15.
Rfe1 15... Nbd7 16. Rac1 16... Ne5 17. Nxe5 17... Bxe5 18. Na2 18... Bxb2 19. Qxb2 19... Rxa4 20. Nc3 20... Rfa8 21. Ra1 21... Rxa1 22. Rxa1 22... Qe5 23. Rxa8 23... Bxa8 24. Na4 24... Qxb2 25.
Nxb2 25... Nd7 26. Bf3 26... f5 27. Kf1 27... g5 28. Ke2 28... g4 29.
Bg2 29... h5 30. Kd2 30... Kf7 31. Kc3 31... Ke7 32. Na4 32... Kd6 33.
d4 33... c4 34. Kb4 34... Bb7 35. Bf1 35... Bc8 36. h3 36... Kc7 37.
h4 37... Nf8 38. Be2 38... Bd7 39. f3 39... Kb7 40. f4 40... Be8 41.
Nc3 41... Nh7 42. Bd1 42... Nf6 43. Ba4 43... Kc7 44. Ka3 44... Kb7 45.
Kb2 45... Kc7 46. Kc2 46... Kd6 47. Kd2 47... Bd7 48. Ke2 48... Kc7 49.
Kf2",1. 0:03:00 1... 0:03:00 2. 0:02:53 2... 0:02:54 3. 0:02:53 3... 0:02:49 4. 0:02:54 4... 0:02:43 5. 0:02:55 5... 0:02:44 6. 0:02:51 6... 0:02:40 7. 0:02:50 7... 0:02:38 8. 0:02:49 8... 0:02:37 9. 0:02:45 9... 0:02:37 10. 0:02:42 10... 0:02:16 11. 0:02:41 11... 0:01:53 12. 0:02:39 12... 0:01:49 13. 0:02:34 13... 0:01:50 14. 0:02:34 14... 0:01:49 15. 0:02:23 15... 0:01:46 16. 0:02:21 16... 0:01:46 17. 0:02:19 17... 0:01:46 18. 0:02:18 18... 0:01:46 19. 0:02:20 19... 0:01:45 20. 0:02:18 20... 0:01:42 21. 0:02:20 21... 0:01:35 22. 0:02:22 22... 0:01:28 23. 0:02:18 23... 0:01:28 24. 0:02:16 24... 0:01:25 25. 0:02:18 25... 0:01:23 26. 0:02:17 26... 0:01:21 27. 0:02:13 27... 0:01:21 28. 0:02:14 28... 0:01:22 29. 0:02:15 29... 0:01:23 30. 0:02:14 30... 0:01:24 31. 0:02:15 31... 0:01:24 32. 0:02:16 32... 0:01:24 33. 0:02:17 33... 0:01:25 34. 0:02:08 34... 0:01:25 35. 0:02:03 35... 0:01:25 36. 0:02:00 36... 0:01:25 37. 0:02:01 37... 0:01:22 38. 0:01:46 38... 0:01:22 39. 0:01:41 39... 0:01:21 40. 0:01:41 40... 0:01:21 41. 0:01:20 41... 0:01:19 42. 0:01:03 42... 0:01:19 43. 0:01:00 43... 0:01:17 44. 0:01:00 44... 0:01:14 45. 0:01:01 45... 0:01:14 46. 0:01:02 46... 0:01:15 47. 0:01:04 47... 0:01:14 48. 0:01:03 48... 0:01:12 49. 0:01:02,
Rated Blitz game,https://lichess.org/MvBN9XjJ,2024.08.01,-,Arlex,Chawkilaaoubi,1-0,2024.08.01,00:04:24,1149,1154,,,B07,King's Pawn Game: Maróczy Defense,180+2,Normal,"1. e4 1... e5 2. d4 2... d6 3. d5 3... h5 4. h4 4... f6 5. f4 5... exf4 6. Bxf4 6... g5 7. hxg5 7... fxg5 8.
Be3 8... h4 9. Bd4 9... Nf6 10. Nf3 10... Bg7 11. c3 11... Qe7 12.
Nbd2 12... Bg4 13. Be2 13... Bxf3 14. gxf3 14... h3 15. Bf1 15... h2 16.
Qe2 16... Nxe4 17. fxe4 17... Bxd4 18. cxd4 18... Nd7 19. Rxh2 19... O-O-O 20. Rxh8 20... Rxh8 21. Nc4 21... Rh1 22. Qg2 22... Qh7 23. O-O-O 23... Qh5 24. Qc2 24... Nf6 25. Nxd6 25... Kd7 26. Nf5 26... Ng4 27. Ng3 27... Ne3 28. Qa4 28... c6 29. Nxh5 29... Nxf1 30. dxc6 30... bxc6 31. Qxa7 31... Kd6 32. e5 32... Kd5 33. Nf6 33... Ke6 34. Qd7",1. 0:03:00 1... 0:03:00 2. 0:02:57 2... 0:02:57 3. 0:02:58 3... 0:02:53 4. 0:02:56 4... 0:02:48 5. 0:02:54 5... 0:02:45 6. 0:02:55 6... 0:02:44 7. 0:02:55 7... 0:02:45 8. 0:02:51 8... 0:02:42 9. 0:02:52 9... 0:02:36 10. 0:02:39 10... 0:02:34 11. 0:02:30 11... 0:02:34 12. 0:02:28 12... 0:02:33 13. 0:02:26 13... 0:02:33 14. 0:02:25 14... 0:02:31 15. 0:02:24 15... 0:02:29 16. 0:02:14 16... 0:02:13 17. 0:02:12 17... 0:02:13 18. 0:02:09 18... 0:02:10 19. 0:02:03 19... 0:02:11 20. 0:02:00 20... 0:02:11 21. 0:01:44 21... 0:02:11 22. 0:01:37 22... 0:02:09 23. 0:01:32 23... 0:01:59 24. 0:01:31 24... 0:01:46 25. 0:01:31 25... 0:01:45 26. 0:01:25 26... 0:01:44 27. 0:01:22 27... 0:01:44 28. 0:01:16 28... 0:01:33 29. 0:01:17 29... 0:01:19 30. 0:01:13 30... 0:01:19 31. 0:01:11 31... 0:01:19 32. 0:01:10 32... 0:01:18 33. 0:01:08 33... 0:01:13 34. 0:00:59,
Rated Blitz game,https://lichess.org/8qzXCtBj,2024.08.01,-,skkhans,Fianchettoed_rook,0-1,2024.08.01,00:04:24,2167,2099,,,B28,"Sicilian Defense: O'Kelly Variation, Maróczy Bind",180+2,Time forfeit,"1. e4 1... c5 2. Nf3 2... a6 3. c4 3... Qc7 4. Nc3 4... e6 5. b3 5... Nc6 6. d4 6... cxd4 7. Nxd4 7... Nf6 8.
Nxc6 8... bxc6 9. Bd3 9... Bb4 10. Bb2 10... d5 11. exd5 11... cxd5 12. O-O 12... dxc4 13. Bxc4 13... Bb7 14. Rc1 14... O-O 15. Ne2 15... Qc6 16. f3 16... Qb6 17.
Kh1 17... Rad8 18. Qc2 18... Nd5 19. Bd4 19... Qa5 20. Qb2 20... Ba3 21.
Qa1 21... Bxc1 22. Rxc1 22... f6 23. Nc3 23...
Nxc3 24. Bxe6 24... Kh8 25. Bxc3 25... Qh5 26.
Bg4 26... Qd5 27. Re1 27... Rfe8 28. Bh3 28... Qd3 29. Ba5 29... Rxe1 30. Qxe1 30... Rf8 31. Bb4 31... Rg8 32. Be6 32... Re8 33. h3 33... Bd5",1. 0:03:00 1... 0:03:00 2. 0:03:01 2... 0:03:00 3. 0:03:01 3... 0:03:01 4. 0:02:59 4... 0:03:01 5. 0:02:40 5... 0:03:01 6. 0:02:31 6... 0:03:01 7. 0:02:33 7... 0:02:59 8. 0:02:28 8... 0:03:01 9. 0:02:26 9... 0:02:51 10. 0:02:26 10... 0:02:49 11. 0:02:24 11... 0:02:50 12. 0:02:22 12... 0:02:41 13. 0:02:19 13... 0:02:32 14. 0:01:58 14... 0:02:21 15. 0:01:35 15... 0:01:57 16. 0:01:15 16... 0:01:43 17. 0:01:15 17... 0:01:29 18. 0:01:15 18... 0:01:22 19. 0:01:03 19... 0:00:59 20. 0:00:36 20... 0:00:59 21. 0:00:26 21... 0:00:59 22. 0:00:28 22... 0:00:52 23. 0:00:20 23... 0:00:49 24. 0:00:20 24... 0:00:47 25. 0:00:20 25... 0:00:20 26. 0:00:19 26... 0:00:16 27. 0:00:14 27... 0:00:15 28. 0:00:09 28... 0:00:11 29. 0:00:04 29... 0:00:11 30. 0:00:06 30... 0:00:09 31. 0:00:06 31... 0:00:08 32. 0:00:06 32... 0:00:09 33. 0:00:02 33... 0:00:10,
Rated Blitz game,https://lichess.org/QLwxjD0k,2024.08.01,-,uber95,cguhafez,0-1,2024.08.01,00:04:24,995,1024,,,B01,Scandinavian Defense,180+2,Normal,"1. e4 1... d5 2. d3 2... d4 3. c3 3... Nc6 4. cxd4 4... Nxd4 5. Be3 5... Nf6 6. Ne2 6...
e5 7. f4 7... Bb4 8.
Nbc3 8... Bg4 9. fxe5 9... Nh5 10. Bxd4 10... Qh4 11. g3 11... Qe7 12.
Qb3 12... c5 13. Be3 13... Qxe5 14. d4 14... Qe7 15. Nf4 15... Nxf4 16.
Bxf4 16... cxd4 17. Bc4 17... Bxc3 18. bxc3 18... Qxe4 19. Be2 19... Qxe2",1. 0:03:00 1... 0:03:00 2. 0:02:55 2... 0:02:58 3. 0:02:52 3... 0:02:59 4. 0:02:42 4... 0:03:00 5. 0:02:39 5... 0:02:53 6. 0:02:33 6... 0:02:43 7. 0:01:52 7... 0:02:36 8. 0:01:51 8... 0:02:24 9. 0:01:43 9... 0:02:06 10. 0:01:40 10... 0:01:34 11. 0:01:33 11... 0:01:23 12. 0:01:21 12... 0:00:51 13. 0:00:44 13... 0:00:45 14. 0:00:42 14... 0:00:36 15. 0:00:24 15... 0:00:23 16. 0:00:20 16... 0:00:20 17. 0:00:17 17... 0:00:18 18. 0:00:17 18... 0:00:18 19. 0:00:09 19... 0:00:15,
Rated Blitz game,https://lichess.org/QSi9tWz9,2024.08.01,-,black-9,slickmate,0-1,2024.08.01,00:04:24,1810,1850,,,A58,Benko Gambit Accepted: Fully Accepted Variation,180+2,Normal,"1. d4 1... Nf6 2. c4 2... c5 3. d5 3... b5 4. cxb5 4... a6 5. bxa6 5... g6 6. e3 6...
Nxa6 7. Nc3 7... Bg7 8. Nf3 8... O-O 9. Be2 9... d6 10. O-O 10... Nc7 11. e4 11... Bg4 12.
Qc2 12... Nd7 13. Rd1 13... Bxf3 14. Bxf3 14... Ne5 15. Qe2 15... c4 16.
Bf4 16... Nd3 17. Bg5 17... Rb8 18. b3 18... Bxc3 19. Rac1",1. 0:03:00 1... 0:03:00 2. 0:03:01 2... 0:03:01 3. 0:03:02 3... 0:03:00 4. 0:03:01 4... 0:03:01 5. 0:03:01 5... 0:03:01 6. 0:03:00 6... 0:02:59 7. 0:02:59 7... 0:03:01 8. 0:03:00 8... 0:03:01 9. 0:02:59 9... 0:03:03 10. 0:03:00 10... 0:03:04 11. 0:02:59 11... 0:02:49 12. 0:03:00 12... 0:02:46 13. 0:02:51 13... 0:02:45 14. 0:02:52 14... 0:02:47 15. 0:02:49 15... 0:02:44 16. 0:02:46 16... 0:02:43 17. 0:02:44 17... 0:02:32 18. 0:02:40 18... 0:02:32 19. 0:02:39,
Rated Blitz game,https://lichess.org/vZyiv1K6,2024.08.01,-,Saidbir83,Luk3ch3ss,0-1,2024.08.01,00:04:24,1689,1593,,,A06,Zukertort Opening: Reversed Mexican Defense,180+2,Normal,"1. Nf3 1... d5 2. Nc3 2... d4 3. Ne4 3... f5 4. Ng3 4... Nf6 5. d3 5... Nc6 6. Bg5 6... e5 7. Bxf6 7... gxf6 8.
a3 8... e4 9. dxe4 9... fxe4 10. Nd2 10... e3 11. fxe3 11... dxe3 12. Nf3 12... Qxd1 13. Rxd1 13... Bd7 14. Nd4 14... Nxd4 15. Rxd4 15... O-O-O 16. Ne4 16... f5 17.
Ng5 17... Bg7 18. Nf7 18... Bxd4 19. Nxd8 19... Rxd8 20. c3 20... Be5 21.
g3 21... Bc6 22. Rg1 22... h5 23. Bg2 23... Ba4",1. 0:03:00 1... 0:03:00 2. 0:03:01 2... 0:03:01 3. 0:03:02 3... 0:03:01 4. 0:03:03 4... 0:02:57 5. 0:03:04 5... 0:02:58 6. 0:03:03 6... 0:02:57 7. 0:03:04 7... 0:02:57 8. 0:03:02 8... 0:02:57 9. 0:03:03 9... 0:02:59 10. 0:03:04 10... 0:03:00 11. 0:03:03 11... 0:03:00 12. 0:03:04 12... 0:03:00 13. 0:03:05 13... 0:02:58 14. 0:03:06 14... 0:02:55 15. 0:03:06 15... 0:02:54 16. 0:03:05 16... 0:02:52 17. 0:03:04 17... 0:02:39 18. 0:03:05 18... 0:02:39 19. 0:03:05 19... 0:02:40 20. 0:03:06 20... 0:02:40 21. 0:03:07 21... 0:02:40 22. 0:03:07 22... 0:02:41 23. 0:03:09 23... 0:02:40,
Rated Blitz game,https://lichess.org/J1MwblRu,2024.08.01,-,Mussi2724,AbdouOrabi,1-0,2024.08.01,00:04:24,2081,2063,,,C41,"Philidor Defense: Lion Variation, Lion's Claw, with Bc4 and h6",180+2,Time forfeit,"1. e4 1... d6 2. d4 2... Nf6 3. Nc3 3... Nbd7 4. Bc4 4... e5 5. Nf3 5... Be7 6. O-O 6...
h6 7. Re1 7... c6 8.
Bb3 8... Qc7 9. h3 9... Nf8 10. Ne2 10... g5 11. Ng3 11... Ng6 12.
dxe5 12... dxe5 13. Nf5 13... Nf4 14. Nxe7 14... Qxe7 15. Bxf4 15... gxf4 16. Nh4 16... Nh7 17.
Nf5 17... Bxf5 18. exf5 18... f6 19. Be6 19...
Ng5 20. Bb3 20... Rd8 21. Qh5 21... Kd7 22. Rad1 22... Kc7 23. a4 23...
c5 24. a5 24... Rd4 25. a6 25... b5 26. c3 26... Rxd1 27. Rxd1 27... c4 28. Bc2 28... Qg7 29.
Kh1 29... Rd8 30. Rxd8 30... Kxd8 31. h4 31... Nf7 32. Qf3 32... Nd6 33.
Qa8 33... Ke7 34. Qxa7 34... Kf8 35. Qb8 35... Ke7 36. Qc7 36... Kf8 37. Qxd6 37... Kg8 38. Qe6 38... Kh7 39. Be4 39... Qa7 40. Qxf6",1. 0:03:00 1... 0:03:00 2. 0:02:58 2... 0:03:01 3. 0:02:58 3... 0:03:02 4. 0:02:52 4... 0:03:02 5. 0:02:47 5... 0:02:59 6. 0:02:48 6... 0:02:59 7. 0:02:36 7... 0:02:59 8. 0:02:21 8... 0:02:59 9. 0:00:47 9... 0:02:59 10. 0:00:33 10... 0:02:57 11. 0:00:32 11... 0:02:57 12. 0:00:18 12... 0:02:57 13. 0:00:19 13... 0:02:07 14. 0:00:20 14... 0:02:03 15. 0:00:15 15... 0:02:03 16. 0:00:16 16... 0:01:14 17. 0:00:16 17... 0:01:14 18. 0:00:18 18... 0:01:15 19. 0:00:18 19... 0:01:12 20. 0:00:14 20... 0:01:06 21. 0:00:15 21... 0:00:41 22. 0:00:15 22... 0:00:41 23. 0:00:11 23... 0:00:25 24. 0:00:10 24... 0:00:25 25. 0:00:11 25... 0:00:21 26. 0:00:11 26... 0:00:17 27. 0:00:11 27... 0:00:17 28. 0:00:12 28... 0:00:10 29. 0:00:09 29... 0:00:10 30. 0:00:09 30... 0:00:10 31. 0:00:11 31... 0:00:08 32. 0:00:12 32... 0:00:06 33. 0:00:13 33... 0:00:04 34. 0:00:14 34... 0:00:05 35. 0:00:13 35... 0:00:02 36. 0:00:13 36... 0:00:03 37. 0:00:14 37... 0:00:04 38. 0:00:12 38... 0:00:04 39. 0:00:12 39... 0:00:02 40. 0:00:11,
Rated Blitz game,https://lichess.org/d0gr0zlg,2024.08.01,-,felipitocard0521,suttonri,0-1,2024.08.01,00:04:24,1503,1492,,,D80,Grünfeld Defense,180+2,Normal,"1. d4 1... Nf6 2. c4 2... g6 3. Nc3 3... d5 4. e3 4... Bg7 5. h3 5... O-O 6. Nf3 6... c6 7. b3 7... Nbd7 8. Bb2 8... Re8 9. Qc2 9...
e5 10. dxe5 10... Nxe5 11. Nxe5 11... Rxe5 12. Be2 12... Bf5 13. Qd2 13... dxc4 14. Qxd8 14... Rxd8 15. Bxc4 15... Bd3 16.
Bxd3 16... Rxd3 17. O-O 17... Re8 18. Rad1 18... Red8 19. Rxd3 19... Rxd3 20. Rd1 20... Rxd1 21. Nxd1 21... Nd5 22. Ba3 22... Nc3 23. Nxc3 23... Bxc3 24. Bc5 24... a6 25. a4 25... Kg7 26.
Kf1 26... Kf6 27. Ke2 27... Ke5 28. Kd3 28... Be1 29. f4 29... Kd5 30.
Bd4 30... f5 31. Be5 31... b5 32. axb5 32... cxb5 33. g4 33... a5 34.
Bc3 34... Bxc3 35. Kxc3 35... a4 36. bxa4 36... bxa4 37. gxf5 37... gxf5",1. 0:03:00 1... 0:03:00 2. 0:03:02 2... 0:03:01 3. 0:03:03 3... 0:03:02 4. 0:03:01 4... 0:03:00 5. 0:03:02 5... 0:03:00 6. 0:03:04 6... 0:02:53 7. 0:03:05 7... 0:02:47 8. 0:03:03 8... 0:02:47 9. 0:03:03 9... 0:02:45 10. 0:03:01 10... 0:02:44 11. 0:02:47 11... 0:02:44 12. 0:02:15 12... 0:02:39 13. 0:02:11 13... 0:02:36 14. 0:02:09 14... 0:02:37 15. 0:02:10 15... 0:02:24 16. 0:02:06 16... 0:02:23 17. 0:01:59 17... 0:02:22 18. 0:01:50 18... 0:02:22 19. 0:01:42 19... 0:02:22 20. 0:01:36 20... 0:02:15 21. 0:01:36 21... 0:02:13 22. 0:01:31 22... 0:02:08 23. 0:01:32 23... 0:02:10 24. 0:01:33 24... 0:02:10 25. 0:01:28 25... 0:02:09 26. 0:01:27 26... 0:02:09 27. 0:01:28 27... 0:02:07 28. 0:01:29 28... 0:02:07 29. 0:01:27 29... 0:02:08 30. 0:01:27 30... 0:02:02 31. 0:01:17 31... 0:01:57 32. 0:01:13 32... 0:01:57 33. 0:01:11 33... 0:01:57 34. 0:01:03 34... 0:01:55 35. 0:01:05 35... 0:01:57 36. 0:01:06 36... 0:01:58 37. 0:01:01 37... 0:01:58,
Rated Blitz game,https://lichess.org/55735qQ7,2024.08.01,-,mhmdvet,vasiliev_s-291976,0-1,2024.08.01,00:04:24,1293,1282,,,B01,Scandinavian Defense: Mieses-Kotroc Variation,180+2,Normal,"1. e4 1... d5 2. exd5 2... Qxd5 3. d4 3... e5 4. c3 4... exd4 5.
Qxd4 5... Qxd4 6. cxd4 6... Bb4 7. Bd2 7... Bxd2 8. Nxd2 8... Be6 9.
Bb5 9... c6 10. Ba4 10... Nd7 11. Ngf3 11... O-O-O 12. O-O 12... b5 13.
Bc2 13... Ngf6 14. a4 14... Kb7 15. axb5 15... cxb5 16. b4 16... h5 17.
Bd3 17... h4 18. h3 18... Kb6 19. Ng5 19... Bd5 20. Ra5 20... a6 21.
Ndf3 21... Rh5 22. Bf5 22... Bxf3 23. Bxd7 23... Rxg5 24. Bg4 24... Bxg4 25.
hxg4 25... Nxg4 26. f3 26... Ne3 27. Rf2 27... Rxd4 28. Re2 28... Nc4 29.
Ra1 29... h3 30. Rae1 30... hxg2 31. Rxg2 31... Rxg2 32. Kxg2 32... g5 33.
Re7 33... f6 34. Re6 34... Rd6 35. Rxd6 35... Nxd6 36. Kg3 36... Nf5 37.
Kg4 37... Nd4 38. f4 38... gxf4 39. Kxf4 39... Nc2 40. Kf5 40... Nxb4 41.
Kxf6 41... Kc5",1. 0:03:00 1... 0:03:00 2. 0:02:57 2... 0:03:01 3. 0:02:57 3... 0:02:54 4. 0:02:55 4... 0:02:54 5. 0:02:53 5... 0:02:54 6. 0:02:54 6... 0:02:54 7. 0:02:52 7... 0:02:53 8. 0:02:53 8... 0:02:54 9. 0:02:49 9... 0:02:55 10. 0:02:50 10... 0:02:55 11. 0:02:49 11... 0:02:56 12. 0:02:50 12... 0:02:52 13. 0:02:49 13... 0:02:51 14. 0:02:50 14... 0:02:45 15. 0:02:50 15... 0:02:46 16. 0:02:48 16... 0:02:34 17. 0:02:49 17... 0:02:35 18. 0:02:42 18... 0:02:31 19. 0:02:36 19... 0:02:24 20. 0:02:33 20... 0:02:23 21. 0:02:24 21... 0:02:08 22. 0:02:20 22... 0:01:58 23. 0:02:17 23... 0:01:49 24. 0:02:09 24... 0:01:39 25. 0:02:09 25... 0:01:39 26. 0:02:07 26... 0:01:37 27. 0:02:01 27... 0:01:36 28. 0:02:01 28... 0:01:33 29. 0:01:55 29... 0:01:30 30. 0:01:49 30... 0:00:37 31. 0:01:48 31... 0:00:38 32. 0:01:48 32... 0:00:30 33. 0:01:48 33... 0:00:24 34. 0:01:47 34... 0:00:20 35. 0:01:48 35... 0:00:21 36. 0:01:49 36... 0:00:18 37. 0:01:49 37... 0:00:20 38. 0:01:49 38... 0:00:19 39. 0:01:49 39... 0:00:21 40. 0:01:49 40... 0:00:22 41. 0:01:50 41... 0:00:23,
Rated Blitz game,https://lichess.org/7xmWU30S,2024.08.01,-,ALKILAM,double-O-six,0-1,2024.08.01,00:04:24,1732,1710,,,C00,French Defense: Steinitz Attack,180+2,Normal,"1. e4 1... e6 2. e5 2... d5 3. exd6 3... Bxd6 4. Nf3 4... Nf6 5. d4 5... O-O 6. Bd3 6...
b6 7. c3 7... Bb7 8.
Bg5 8... Be7 9. Nbd2 9... c5 10. O-O 10... Nbd7 11. Ne5 11... Qc7 12.
Nxd7 12... Qxd7 13. Nf3 13... Rad8 14. Ne5 14... Qd5 15. f3 15... cxd4 16. Ng4 16... dxc3 17.
Nxf6 17... Bxf6 18. Bxf6 18... gxf6 19. Bc2 19... cxb2 20. Rb1 20... Qc5 21. Rf2 21... Rxd1 22. Bxd1 22... Qd4 23. Bb3 23... Rc8 24. g4 24...
Rc1 25. Kg2 25... Rxb1",1. 0:03:00 1... 0:03:00 2. 0:02:58 2... 0:03:01 3. 0:02:50 3... 0:02:59 4. 0:02:50 4... 0:02:59 5. 0:02:47 5... 0:02:59 6. 0:02:48 6... 0:02:56 7. 0:02:47 7... 0:02:56 8. 0:02:46 8... 0:02:54 9. 0:02:25 9... 0:02:54 10. 0:02:22 10... 0:02:53 11. 0:02:10 11... 0:02:52 12. 0:02:05 12... 0:02:47 13. 0:01:53 13... 0:02:43 14. 0:01:48 14... 0:02:36 15. 0:00:54 15... 0:02:31 16. 0:00:46 16... 0:02:19 17. 0:00:43 17... 0:02:15 18. 0:00:42 18... 0:01:46 19. 0:00:35 19... 0:01:41 20. 0:00:33 20... 0:01:36 21. 0:00:29 21... 0:01:35 22. 0:00:30 22... 0:01:10 23. 0:00:22 23... 0:01:05 24. 0:00:15 24... 0:01:02 25. 0:00:12 25... 0:01:02,
Rated Blitz game,https://lichess.org/SuOiPivT,2024.08.01,-,lchess15,BishopBallerina,0-1,2024.08.01,00:04:24,1538,1559,,,A02,Bird Opening,180+2,Normal,"1. f4 1... e6 2. Nf3 2... Nc6 3. d4 3... d5 4. e3 4... Bd7 5. c3 5... Be7 6. Bd3 6...
Bh4 7. Nxh4 7...
Qxh4 8. g3 8... Qh3 9. Bf1 9... Qf5 10. Bd3 10... Qf6 11. O-O 11... Nge7 12.
Nd2 12... O-O 13. e4 13... dxe4 14. Nxe4 14...
Qh6 15. f5 15... Qh3 16. Ng5 16... Qh6 17.
Nxf7 17... Qf6 18. Bg5 18... Qxf7 19. fxe6 19... Qxe6 20. Rxf8 20... Rxf8 21. Bxe7 21... Qxe7 22. Bxh7 22... Kxh7 23. Qh5 23... Kg8 24.
Rd1 24... Qf6 25. Qe2 25...
Bh3 26. d5 26... Ne5 27. d6 27... cxd6 28. c4 28... Ng4 29. c5 29... d5 30. b4 30... Qf2 31. Qxf2 31...
Rxf2 32. a4 32... Rg2 33. Kh1 33... Nf2",1. 0:03:00 0. 0:03:00 1... 0:03:00 0. 0:02:59 2. 0:03:01 0. 0:02:58 2... 0:03:02 0. 0:02:59 3. 0:03:03 0. 0:02:58 3... 0:03:05 0. 0:03:00 4. 0:03:00 0. 0:03:02 4... 0:03:01 0. 0:02:56 5. 0:03:01 0. 0:02:55 5... 0:02:59 0. 0:02:55 6. 0:02:59 0. 0:02:56 6... 0:02:58 0. 0:02:51 7. 0:02:59 0. 0:02:51 7... 0:02:59 0. 0:02:44 8. 0:02:59 0. 0:02:41 8... 0:02:46 0. 0:02:13 9. 0:02:45 0. 0:02:02 9... 0:02:35 0. 0:02:00 10. 0:02:36 0. 0:01:56 10... 0:02:35 1. 0:01:58 11. 0:02:31 0. 0:01:56 11... 0:02:31 1. 0:01:55 12. 0:02:32 1. 0:01:55 12... 0:02:21 1. 0:01:49 13. 0:02:15 1. 0:01:35 13... 0:02:08 5. 0:01:25 14. 0:01:56 5. 0:01:23 14... 0:01:49 5. 0:00:56 15. 0:01:38 5. 0:00:50 15... 0:01:38 6. 0:00:42 16. 0:01:38 5. 0:00:41 16... 0:01:32 5. 0:00:38 17. 0:01:19 5. 0:00:33,
Rated Blitz game,https://lichess.org/Mt5gzDKW,2024.08.01,-,topher3006,enganwar88,0-1,2024.08.01,00:04:34,1954,1819,,,C29,Vienna Game: Vienna Gambit,180+2,Normal,"1. e4 1... e5 2. f4 2... Nf6 3. Nc3 3... d6 4. Nf3 4... Nc6 5. Bc4 5... Be7 6. h3 6...
O-O 7. d3 7... Be6 8.
Bxe6 8... fxe6 9. O-O 9... exf4 10. Bxf4 10... e5 11. Bg5 11... h6 12.
Bh4 12... g5 13. Bg3 13... Nh5 14. Be1 14... Nf4 15. Nd5 15... Nd4 16.
Nxf4 16... Nxf3 17. Qxf3 17... Rxf4 18. Qh5 18... Qf8 19. Bd2 19... Rxf1 20. Rxf1 20... Qg7 21.
Rf5 21... Rf8 22. g4 22... Rxf5 23. gxf5 23... Kh7 24. Kg2 24... c6 25.
c4 25... Qf6 26. b4 26... Kg7 27. Kf3 27... b5 28. Qg4 28... bxc4 29.
dxc4 29... Qf7 30. h4 30... Bf6 31. hxg5 31... hxg5 32. Bxg5 32... Qxc4 33. Bxf6 33... Kxf6 34. Qg6 34... Ke7 35. Qe6 35... Qxe6 36. fxe6 36... Kxe6 37. a4 37... c5 38. b5 38... c4 39. Ke3 39...
d5 40. a5 40... d4 41. Kd2 41... Kd6 42. Kc2 42... Kc5",1. 0:03:00 1... 0:03:00 2. 0:03:00 2... 0:03:02 3. 0:02:58 3... 0:03:02 4. 0:02:59 4... 0:03:03 5. 0:02:59 5... 0:03:03 6. 0:03:00 6... 0:03:03 7. 0:03:00 7... 0:03:03 8. 0:02:59 8... 0:03:04 9. 0:03:00 9... 0:03:03 10. 0:03:01 10... 0:03:04 11. 0:03:01 11... 0:03:04 12. 0:03:02 12... 0:03:03 13. 0:03:01 13... 0:03:03 14. 0:02:56 14... 0:03:02 15. 0:02:53 15... 0:02:57 16. 0:02:51 16... 0:02:55 17. 0:02:49 17... 0:02:54 18. 0:02:49 18... 0:02:52 19. 0:02:46 19... 0:02:45 20. 0:02:48 20... 0:02:45 21. 0:02:34 21... 0:02:44 22. 0:02:33 22... 0:02:40 23. 0:02:29 23... 0:02:37 24. 0:02:24 24... 0:02:35 25. 0:02:25 25... 0:02:31 26. 0:02:20 26... 0:02:30 27. 0:02:16 27... 0:02:28 28. 0:02:05 28... 0:02:25 29. 0:02:05 29... 0:02:24 30. 0:02:04 30... 0:02:23 31. 0:02:03 31... 0:02:20 32. 0:02:04 32... 0:02:11 33. 0:02:03 33... 0:02:11 34. 0:02:04 34... 0:02:12 35. 0:02:05 35... 0:02:12 36. 0:02:06 36... 0:02:13 37. 0:02:05 37... 0:02:11 38. 0:02:04 38... 0:02:11 39. 0:02:05 39... 0:02:12 40. 0:02:03 40... 0:02:11 41. 0:02:02 41... 0:02:12 42. 0:01:57 42... 0:02:13,
Rated Blitz game,https://lichess.org/v5XrZ2iN,2024.08.01,-,chessPiece24,grip9900,1-0,2024.08.01,00:04:34,1389,1412,,,A41,Queen's Pawn Game,180+2,Normal,"1. d4 1... d6 2. Nf3 2... c6 3. Bf4 3... Qc7 4. e3 4... Bg4 5. c4 5... Nd7 6. c5 6... g6 7. Nc3 7... e5 8. dxe5 8... dxe5 9. Nxe5 9...
Bxd1 10. Nxf7 10... Qd8 11. Nxd8 11... Rxd8 12. Rxd1 12... Bxc5 13. Bc4 13... Ngf6 14. Bh6 14... b5 15. Bb3 15... a5 16. a3 16... a4 17.
Be6 17... Ne5 18. Rxd8 18... Kxd8 19. O-O 19... Ke7 20. Ba2 20... Nfg4 21. Bg5 21... Nf6 22.
Ne4 22... Nd7 23. Rd1 23... Rd8 24. Nxc5 24... Nxc5 25. Bxf6 25... Kxf6 26. Rxd8",1. 0:03:00 1... 0:03:00 2. 0:03:01 2... 0:03:02 3. 0:03:03 3... 0:03:04 4. 0:03:04 4... 0:03:05 5. 0:03:04 5... 0:03:07 6. 0:03:04 6... 0:03:09 7. 0:03:01 7... 0:03:07 8. 0:03:00 8... 0:03:08 9. 0:02:58 9... 0:03:07 10. 0:02:51 10... 0:02:53 11. 0:02:52 11... 0:02:53 12. 0:02:49 12... 0:02:53 13. 0:02:46 13... 0:02:54 14. 0:02:44 14... 0:02:51 15. 0:02:42 15... 0:02:49 16. 0:02:42 16... 0:02:49 17. 0:02:40 17... 0:02:43 18. 0:02:39 18... 0:02:45 19. 0:02:36 19... 0:02:46 20. 0:02:27 20... 0:02:43 21. 0:02:26 21... 0:02:41 22. 0:02:25 22... 0:02:40 23. 0:02:16 23... 0:02:39 24. 0:02:03 24... 0:02:38 25. 0:02:04 25... 0:02:36 26. 0:02:04,
Rated Blitz game,https://lichess.org/b11MqTsh,2024.08.01,-,chessmanlearner,Aslan_Davletov,0-1,2024.08.01,00:04:34,1764,1790,,,B10,Caro-Kann Defense,180+2,Normal,"1. e4 1... c6 2. Nf3 2... d5 3. exd5 3... cxd5 4. d4 4... Bg4 5. Be2 5... e6 6. O-O 6...
Nc6 7. h3 7... Bxf3 8.
Bxf3 8... Qb6 9. c3 9... Bd6 10. Qb3 10... Qc7 11. Bg5 11... Nge7 12.
Nd2 12... Rc8 13. Rac1 13... Qd7 14. Bg4 14... O-O 15. c4 15... Nxd4 16.
Qe3 16... Ndf5 17. Bxf5 17... Nxf5 18. Qf3 18... Nd4 19. Qe3 19... Nc6 20. c5 20... Bb8",1. 0:03:00 1... 0:03:00 2. 0:03:00 2... 0:03:01 3. 0:03:01 3... 0:03:03 4. 0:03:03 4... 0:03:05 5. 0:03:04 5... 0:03:06 6. 0:03:05 6... 0:03:04 7. 0:03:04 7... 0:03:04 8. 0:03:05 8... 0:03:04 9. 0:03:05 9... 0:03:04 10. 0:03:00 10... 0:03:00 11. 0:02:56 11... 0:02:58 12. 0:02:55 12... 0:02:56 13. 0:02:55 13... 0:02:52 14. 0:02:53 14... 0:02:42 15. 0:02:49 15... 0:02:35 16. 0:02:49 16... 0:02:28 17. 0:02:48 17... 0:02:29 18. 0:02:45 18... 0:02:17 19. 0:02:36 19... 0:01:29 20. 0:02:36 20... 0:01:27,
Rated Blitz game,https://lichess.org/8JkbmtOs,2024.08.01,-,luka_dontilt,Pavelreyes1978,0-1,2024.08.01,00:04:34,2381,2330,,,D06,Queen's Gambit Declined: Marshall Defense,180+2,Normal,"1. d4 1... d5 2. c4 2... Nf6 3. cxd5 3... Nxd5 4. e4 4... Nf6 5. Nc3 5... e6 6. Nf3 6... c5 7. d5 7... exd5 8.
exd5 8... Be7 9. Bf4 9... Bd6 10. Bb5 10... Kf8 11. Bg5 11... Nbd7 12.
O-O 12... a6 13. Bd3 13... b5 14. Ne4 14... Qc7 15. Nxf6 15... Nxf6 16. Bxf6 16... gxf6 17. Rc1 17... h5 18. a4 18...
Bd7 19. h3 19... Rg8 20. Nh4 20... Rg5 21. Kh1 21... Re8 22. Re1 22... Rxe1 23. Qxe1 23... Bf4 24. Qe4 24... Bxc1 25.
Nf3 25... Bf5 26. Qe1 26... Bxd3 27. Qxc1 27... Rg6 28. axb5 28... axb5 29. Qd2 29... Be4 30. d6 30... Qd7 31. Nh4 31... Rg5 32. Kh2 32... Bd5 33. f4 33... Qxd6 34.
Kh1 34... Rg3 35. f5 35... Rxh3 36. Kg1 36... Rxh4 37. Qh6 37... Ke8 38.
b4 38... cxb4 39. Kf2 39... Qf4",1. 0:03:00 1... 0:03:00 2. 0:03:00 2... 0:03:01 3. 0:03:00 3... 0:03:01 4. 0:03:00 4... 0:03:02 5. 0:02:58 5... 0:03:02 6. 0:02:57 6... 0:03:03 7. 0:02:50 7... 0:03:03 8. 0:02:50 8... 0:03:05 9. 0:02:33 9... 0:02:34 10. 0:02:31 10... 0:02:34 11. 0:02:25 11... 0:02:32 12. 0:02:25 12... 0:02:32 13. 0:02:19 13... 0:02:32 14. 0:02:09 14... 0:02:24 15. 0:02:07 15... 0:02:25 16. 0:02:08 16... 0:02:27 17. 0:01:53 17... 0:02:23 18. 0:01:45 18... 0:02:18 19. 0:01:31 19... 0:02:14 20. 0:01:28 20... 0:02:10 21. 0:01:16 21... 0:02:04 22. 0:00:52 22... 0:01:49 23. 0:00:54 23... 0:01:42 24. 0:00:30 24... 0:01:32 25. 0:00:31 25... 0:01:15 26. 0:00:16 26... 0:01:12 27. 0:00:17 27... 0:00:57 28. 0:00:16 28... 0:00:57 29. 0:00:11 29... 0:00:47 30. 0:00:11 30... 0:00:48 31. 0:00:10 31... 0:00:43 32. 0:00:09 32... 0:00:37 33. 0:00:08 33... 0:00:36 34. 0:00:06 34... 0:00:34 35. 0:00:04 35... 0:00:34 36. 0:00:05 36... 0:00:34 37. 0:00:05 37... 0:00:36 38. 0:00:06 38... 0:00:34 39. 0:00:07 39... 0:00:35,
Rated Blitz game,https://lichess.org/ZRb0ovQH,2024.08.01,-,Tutactical,bardosbardo,1-0,2024.08.01,00:04:34,2088,2111,,,A10,English Opening,180+2,Normal,"1. c4 1... b6 2. e4 2... Bb7 3. Nc3 3... e6 4. Nf3 4... Bb4 5. Bd3 5... Ne7 6. O-O 6...
O-O 7. Re1 7... f5 8.
Bc2 8... Bxc3 9. bxc3 9... c5 10. d4 10... fxe4 11. Bxe4 11... Bxe4 12. Rxe4 12... Qc7 13. d5 13... exd5 14. cxd5 14... Ng6 15. g3 15... d6 16. c4 16... Nd7 17.
Bb2 17... a6 18. Ng5 18... Rfe8 19. Qh5 19... Ndf8 20. Rae1 20... Qd7 21.
Nxh7 21... Rxe4 22. Rxe4 22... Re8 23. Nxf8 23... Kxf8 24. Qxg6",1. 0:03:00 1... 0:03:00 2. 0:02:54 2... 0:03:00 3. 0:02:53 3... 0:03:02 4. 0:02:53 4... 0:03:04 5. 0:02:52 5... 0:03:04 6. 0:02:52 6... 0:03:03 7. 0:02:52 7... 0:03:03 8. 0:02:46 8... 0:02:56 9. 0:02:46 9... 0:02:46 10. 0:02:44 10... 0:02:38 11. 0:02:44 11... 0:02:39 12. 0:02:44 12... 0:02:36 13. 0:02:28 13... 0:02:29 14. 0:02:28 14... 0:02:18 15. 0:02:13 15... 0:02:14 16. 0:02:06 16... 0:02:11 17. 0:02:03 17... 0:01:56 18. 0:02:02 18... 0:01:23 19. 0:01:54 19... 0:01:22 20. 0:01:50 20... 0:01:09 21. 0:01:26 21... 0:00:53 22. 0:01:22 22... 0:00:53 23. 0:01:10 23... 0:00:33 24. 0:01:05,
Rated Blitz game,https://lichess.org/knpDwIim,2024.08.01,-,bob_19,Bhavyakukreja,0-1,2024.08.01,00:04:34,1419,1458,,,A45,Indian Defense,180+2,Time forfeit,"1. d4 1... Nf6 2. Bf4 2... g6 3. c4 3... Bg7 4. Nc3 4... O-O 5. e3 5... d6 6. Nf3 6... b6 7. h4 7... Bb7 8. Be2 8... e5 9. dxe5 9... dxe5 10. Bxe5 10... Qxd1 11. Rxd1 11... Nc6 12. Bxc7 12... Rac8 13. Bd6 13... Rfe8 14. Ng5 14... h6 15. Nf3 15... Na5 16.
b3 16... Re6 17. Nb5 17... Ne8 18. Bf4 18... a6 19. Nc3 19... Bxc3 20. Kf1 20... Bg7 21. Nd4 21... Bxd4 22. exd4 22... h5 23. Bf3 23... Bxf3",1. 0:03:00 1... 0:03:00 2. 0:03:00 2... 0:03:02 3. 0:03:01 3... 0:03:04 4. 0:03:02 4... 0:03:06 5. 0:03:02 5... 0:03:08 6. 0:02:58 6... 0:03:10 7. 0:02:50 7... 0:03:12 8. 0:02:50 8... 0:03:12 9. 0:02:50 9... 0:03:13 10. 0:02:50 10... 0:03:07 11. 0:02:50 11... 0:03:09 12. 0:02:47 12... 0:03:08 13. 0:02:41 13... 0:03:01 14. 0:01:59 14... 0:02:40 15. 0:01:15 15... 0:02:38 16. 0:01:12 16... 0:02:32 17. 0:01:07 17... 0:02:27 18. 0:00:41 18... 0:02:26 19. 0:00:26 19... 0:02:25 20. 0:00:24 20... 0:02:18 21. 0:00:19 21... 0:02:11 22. 0:00:19 22... 0:02:03 23. 0:00:05 23... 0:02:03,
Rated Blitz game,https://lichess.org/wpLjF0EQ,2024.08.01,-,monossss,Cheesy_Matucki,1-0,2024.08.01,00:04:34,1191,1253,,,B01,Scandinavian Defense,180+2,Time forfeit,"1. e4 1... d5 2. e5 2... d4 3. Nf3 3... Bf5 4. Bc4 4... e6 5. O-O 5... Bc5 6. d3 6...
Ne7 7. c3 7... c6 8.
cxd4 8... Bxd4 9. Nc3 9... b5 10. Bg5 10... bxc4 11. Bxe7 11... Kxe7 12. h3 12... Re8 13. g4 13... Bg6 14. Ng5 14... Kf8 15. Qf3 15... Qxg5 16. Ne4 16... Bxe4 17.
Qxe4 17... Bb6 18. Kh2 18... Kg8 19. f4 19... Qe7 20. g5 20... g6 21.
Rf3 21... Nd7 22. Rg3 22... Nc5 23. Qxc4 23... Rad8 24. d4 24... Ne4 25.
Rg4 25... Rxd4 26. Qxc6 26... Nf2 27. Rg2 27... Rd2 28. h4 28... Be3 29. Qf3 29... Qc5 30.
Re1 30... Ng4 31. Qxg4 31... Rxg2 32. Qxg2 32... Rd8 33. Kh3 33... Rd2 34. Qf3 34... Rd3 35.
Kg4 35... h5 36. Kh3 36... Bxf4 37. Qxd3 37... Qf2 38. Rh1 38... Qb6 39.
Qf1 39... Bxe5 40. Rg1 40... Qxb2 41. Rg2 41... Qc3 42. Rg3 42... Bxg3 43.
Kg2 43... Bxh4 44. Qf3 44... Qd2 45. Kh3 45... Bxg5 46. Kg3",1. 0:03:00 1... 0:03:00 2. 0:03:00 2... 0:03:01 3. 0:02:56 3... 0:03:01 4. 0:02:43 4... 0:03:01 5. 0:02:39 5... 0:02:57 6. 0:02:39 6... 0:02:57 7. 0:02:36 7... 0:02:54 8. 0:02:36 8... 0:02:55 9. 0:02:26 9... 0:02:53 10. 0:02:18 10... 0:02:51 11. 0:02:08 11... 0:02:47 12. 0:01:59 12... 0:02:46 13. 0:01:56 13... 0:02:41 14. 0:01:53 14... 0:02:37 15. 0:01:49 15... 0:02:36 16. 0:01:39 16... 0:02:35 17. 0:01:38 17... 0:02:23 18. 0:01:30 18... 0:02:21 19. 0:01:30 19... 0:02:20 20. 0:01:27 20... 0:02:16 21. 0:01:23 21... 0:02:16 22. 0:01:21 22... 0:02:16 23. 0:01:18 23... 0:02:04 24. 0:01:17 24... 0:02:02 25. 0:01:12 25... 0:02:02 26. 0:01:09 26... 0:01:59 27. 0:01:02 27... 0:01:46 28. 0:00:58 28... 0:01:31 29. 0:00:48 29... 0:01:27 30. 0:00:45 30... 0:01:18 31. 0:00:39 31... 0:01:18 32. 0:00:38 32... 0:01:15 33. 0:00:36 33... 0:01:12 34. 0:00:36 34... 0:00:41 35. 0:00:30 35... 0:00:39 36. 0:00:24 36... 0:00:36 37. 0:00:24 37... 0:00:33 38. 0:00:16 38... 0:00:14 39. 0:00:16 39... 0:00:13 40. 0:00:12 40... 0:00:11 41. 0:00:13 41... 0:00:08 42. 0:00:09 42... 0:00:09 43. 0:00:07 43... 0:00:06 44. 0:00:06 44... 0:00:05 45. 0:00:06 45... 0:00:02 46. 0:00:06,
Rated Blitz game,https://lichess.org/PCHezvJE,2024.08.01,-,SteveJuniorMC,emirhanpeksen452,1-0,2024.08.01,00:04:34,2066,2024,,,C00,French Defense: Orthoschnapp Gambit,180+2,Normal,"1. e4 1... e6 2. c4 2... d5 3. cxd5 3... exd5 4. Qb3 4... Nf6 5. e5 5... Ng4 6. d4 6...
Nc6 7. Nf3 7... Bb4 8. Nc3 8... O-O 9. Bb5 9... a5 10. h3 10... Nh6 11. Bxh6 11... gxh6 12. O-O 12... Kh8 13. Rad1 13... Rg8 14. Kh2 14... Bf5 15. Nxd5 15... Be4 16. Nf6 16... Bxf3 17.
Qxf3 17... Nxd4 18. Qd3 18... Nxb5 19. Qxh7",1. 0:03:00 1... 0:03:00 2. 0:03:00 2... 0:03:02 3. 0:03:01 3... 0:03:04 4. 0:03:03 4... 0:03:06 5. 0:03:04 5... 0:03:00 6. 0:03:06 6... 0:03:00 7. 0:03:01 7... 0:02:49 8. 0:02:57 8... 0:02:40 9. 0:02:58 9... 0:02:39 10. 0:02:53 10... 0:02:33 11. 0:02:53 11... 0:02:35 12. 0:02:55 12... 0:02:30 13. 0:02:48 13... 0:02:30 14. 0:02:44 14... 0:02:23 15. 0:02:43 15... 0:02:19 16. 0:02:42 16... 0:02:02 17. 0:02:31 17... 0:01:48 18. 0:02:25 18... 0:01:47 19. 0:02:24,
Rated Blitz game,https://lichess.org/wqIokEI6,2024.08.01,-,AintBad,jamathorn,1-0,2024.08.01,00:04:34,1313,1330,,,A40,Queen's Pawn Game,180+2,Normal,"1. d4 1... c6 2. Bf4 2... d5 3. Nf3 3... Nf6 4. e3 4... Bg4 5. h3 5... Bh5 6. g4 6...
Bg6 7. Nbd2 7... Qb6 8. Nb3 8... a5 9. Ne5 9... e6 10. Nxg6 10... hxg6 11. Qd2 11... a4 12.
Nc5 12... Bxc5 13. dxc5 13... Qxc5 14. Be5 14... Nbd7 15. Bc3 15... Nxg4 16. Be2 16... Nge5 17.
O-O-O 17... Nc4 18. Qd4 18... Nf6",1. 0:03:00 1... 0:03:00 2. 0:03:01 2... 0:02:59 3. 0:03:01 3... 0:02:59 4. 0:03:02 4... 0:03:00 5. 0:03:02 5... 0:03:01 6. 0:03:03 6... 0:03:02 7. 0:03:01 7... 0:02:59 8. 0:02:59 8... 0:02:58 9. 0:02:49 9... 0:02:55 10. 0:02:43 10... 0:02:57 11. 0:02:21 11... 0:02:58 12. 0:01:59 12... 0:02:58 13. 0:01:57 13... 0:02:59 14. 0:01:47 14... 0:02:47 15. 0:01:44 15... 0:02:45 16. 0:01:33 16... 0:02:45 17. 0:01:19 17... 0:02:36 18. 0:01:14 18... 0:02:16,
Rated Blitz game,https://lichess.org/Z0hLlix8,2024.08.01,-,Shin-777,czechmaters,0-1,2024.08.01,00:04:34,1784,1806,,,C51,"Italian Game: Evans Gambit, Stone-Ware Variation",180+2,Normal,"1. e4 1... e5 2. Nf3 2... Nc6 3. Bc4 3... Bc5 4. b4 4... Bxb4 5. c3 5... Bd6 6. d4 6...
Nf6 7. Nbd2 7... h6 8.
O-O 8... O-O 9. a4 9... a5 10. d5 10... Ne7 11. Re1 11... Ng6 12.
g3 12... Re8 13. Nb3 13... Bf8 14. Bd3 14... d6 15. c4 15... Bg4 16.
Be3 16... b6 17. Kg2 17... Qd7 18. Nbd2 18... Nh7 19. Be2 19... Bh3 20.
Kh1 20... Be7 21. Ng1 21... Ng5 22. Bxg5 22... Bxg5 23. Ndf3 23... Rf8 24.
Nxg5 24... hxg5 25. Nxh3 25... Qxh3 26. Bg4 26... Qh6 27. Kg2 27... Ne7 28. Rh1 28... f5 29.
exf5 29... Nxf5 30. Bxf5 30... Rxf5 31. h4 31... Raf8 32. Ra2 32... gxh4 33. Rxh4 33... Qf6 34.
Qg1 34... Rf3 35. Re2 35... Qf5 36. Rg4",1. 0:03:00 1... 0:03:00 2. 0:03:01 2... 0:03:00 3. 0:03:01 3... 0:02:59 4. 0:03:01 4... 0:02:59 5. 0:03:02 5... 0:03:00 6. 0:03:04 6... 0:02:59 7. 0:03:01 7... 0:02:43 8. 0:02:58 8... 0:02:34 9. 0:02:50 9... 0:02:26 10. 0:02:39 10... 0:02:18 11. 0:02:38 11... 0:02:16 12. 0:02:37 12... 0:02:14 13. 0:02:24 13... 0:02:07 14. 0:02:24 14... 0:02:07 15. 0:02:23 15... 0:02:00 16. 0:02:18 16... 0:01:54 17. 0:02:17 17... 0:01:54 18. 0:02:07 18... 0:01:49 19. 0:01:48 19... 0:01:26 20. 0:01:42 20... 0:01:26 21. 0:01:42 21... 0:01:18 22. 0:01:37 22... 0:01:15 23. 0:01:37 23... 0:00:53 24. 0:01:36 24... 0:00:53 25. 0:01:36 25... 0:00:53 26. 0:01:36 26... 0:00:48 27. 0:01:34 27... 0:00:49 28. 0:01:29 28... 0:00:48 29. 0:01:26 29... 0:00:49 30. 0:01:25 30... 0:00:45 31. 0:01:25 31... 0:00:41 32. 0:01:14 32... 0:00:36 33. 0:01:13 33... 0:00:37 34. 0:00:40 34... 0:00:21 35. 0:00:37 35... 0:00:18 36. 0:00:21,
Rated Blitz game,https://lichess.org/5PG0sjW0,2024.08.01,-,Peaozinho_do_rei,pawnsspade,0-1,2024.08.01,00:04:34,1527,1599,,,A40,Englund Gambit,180+2,Normal,"1. d4 1... e5 2. dxe5 2... Qe7 3. Nf3 3... d6 4. exd6 4... cxd6 5.
Bf4 5... Nc6 6. e3 6... Bg4 7. Bc4 7... O-O-O 8. O-O 8... h6 9. h3 9... Bxf3 10. Qxf3 10... g5 11. Bg3 11... Nf6 12. Bb5 12... Ne5 13.
Bxe5 13... dxe5 14. Nc3 14... Bg7 15. Rfd1 15... e4 16. Rxd8 16... Rxd8 17. Qe2 17... Nd5 18.
Nxd5 18... Rxd5 19. Qc4 19... Rc5 20. Qb4 20... a6 21. Bc4 21... f5 22. Qa4 22... f4 23.
exf4 23... gxf4 24. Be2 24... e3 25. Rb1 25...
exf2 26. Kxf2 26... Qe3 27. Kf1 27... Bd4 28.
Ke1 28... Qg1 29. Kd2 29... Be3 30. Kd3 30... Qxg2 31. Qe8 31... Kc7 32.
Qe7 32... Kb6 33. Qd6 33... Rc6 34. Qd8 34... Ka7 35. c4 35... Qg6 36. Kc3 36... Qxb1 37.
Qd5 37... Qc1 38. Kd3 38... Qd2 39. Ke4 39... Qxe2 40. Qe5 40... Rxc4 41. Kd5 41... Qd3 42. Ke6 42... Re4 43. Qxe4 43... Qxe4 44. Kf6 44... f3 45. h4 45... f2 46. b4 46... f1=Q 47. Kg7 47... Qxh4 48. b5 48... Qff6 49. Kg8 49... Qc4 50.
Kh7 50... Qcf7",1. 0:03:00 1... 0:03:00 2. 0:03:00 2... 0:03:01 3. 0:03:01 3... 0:03:01 4. 0:02:58 4... 0:03:03 5. 0:02:58 5... 0:03:03 6. 0:02:59 6... 0:03:03 7. 0:02:59 7... 0:03:04 8. 0:02:59 8... 0:03:03 9. 0:03:00 9... 0:02:50 10. 0:02:59 10... 0:02:50 11. 0:02:57 11... 0:02:49 12. 0:02:57 12... 0:02:42 13. 0:02:51 13... 0:02:40 14. 0:02:25 14... 0:02:32 15. 0:02:19 15... 0:02:25 16. 0:02:02 16... 0:02:26 17. 0:01:58 17... 0:02:24 18. 0:01:50 18... 0:02:25 19. 0:01:51 19... 0:02:25 20. 0:01:42 20... 0:02:21 21. 0:01:33 21... 0:02:17 22. 0:01:18 22... 0:02:10 23. 0:01:16 23... 0:02:09 24. 0:01:12 24... 0:02:09 25. 0:01:06 25... 0:02:09 26. 0:01:07 26... 0:01:52 27. 0:01:06 27... 0:01:52 28. 0:00:53 28... 0:01:40 29. 0:00:46 29... 0:01:42 30. 0:00:35 30... 0:01:35 31. 0:00:32 31... 0:01:36 32. 0:00:32 32... 0:01:36 33. 0:00:28 33... 0:01:31 34. 0:00:27 34... 0:01:31 35. 0:00:13 35... 0:01:30 36. 0:00:11 36... 0:01:26 37. 0:00:07 37... 0:01:23 38. 0:00:06 38... 0:01:21 39. 0:00:07 39... 0:01:19 40. 0:00:05 40... 0:01:15 41. 0:00:05 41... 0:01:15 42. 0:00:05 42... 0:01:15 43. 0:00:05 43... 0:01:16 44. 0:00:07 44... 0:01:16 45. 0:00:06 45... 0:01:17 46. 0:00:07 46... 0:01:18 47. 0:00:09 47... 0:01:18 48. 0:00:10 48... 0:01:19 49. 0:00:10 49... 0:01:19 50. 0:00:09 50... 0:01:16,
Rated Blitz game,https://lichess.org/ZGyNu5cb,2024.08.01,-,MoistyChessHair,TJ03531,1-0,2024.08.01,00:04:34,1721,1695,,,D06,Queen's Gambit Declined: Austrian Defense,180+2,Time forfeit,"1. d4 1... d5 2. c4 2... c5 3. cxd5 3... e6 4. dxc5 4... Bxc5 5.
dxe6 5... Qxd1 6. Kxd1 6... Bxe6 7. e3 7...
Nc6 8. a3 8... Nf6 9.
Nc3 9... Ng4 10. Ke1 10... O-O-O 11. h3 11... Nge5 12. b4 12... Bb6 13.
Nf3 13... Nxf3 14. gxf3 14... Rhe8 15. f4 15... Bb3 16. Rb1 16... Bc2 17. Rb2 17... Bg6 18.
Bg2 18... Bd4 19. Bd2 19... Bh5 20. Rb1 20... Bg6 21. Rc1 21... Bxc3 22.
Rxc3 22... a6 23. Bxc6 23... bxc6 24. Rxc6 24... Kb7 25. Rc5 25... Rd7 26.
Ke2 26... Red8 27. Rd1",1. 0:03:00 1... 0:03:00 2. 0:03:01 2... 0:03:02 3. 0:03:01 3... 0:03:04 4. 0:03:00 4... 0:03:04 5. 0:03:01 5... 0:03:03 6. 0:03:01 6... 0:03:05 7. 0:02:45 7... 0:03:05 8. 0:02:29 8... 0:03:04 9. 0:02:22 9... 0:03:02 10. 0:02:20 10... 0:03:01 11. 0:02:11 11... 0:02:42 12. 0:02:06 12... 0:02:37 13. 0:01:44 13... 0:02:34 14. 0:01:43 14... 0:02:20 15. 0:01:39 15... 0:02:10 16. 0:01:30 16... 0:02:09 17. 0:01:24 17... 0:01:59 18. 0:01:08 18... 0:01:23 19. 0:01:03 19... 0:01:18 20. 0:00:54 20... 0:00:47 21. 0:00:51 21... 0:00:26 22. 0:00:49 22... 0:00:14 23. 0:00:46 23... 0:00:14 24. 0:00:47 24... 0:00:16 25. 0:00:43 25... 0:00:12 26. 0:00:42 26... 0:00:13 27. 0:00:36,
Rated Blitz game,https://lichess.org/s4yO4II2,2024.08.01,-,oceansidetj,Ravi1983_1983,0-1,2024.08.01,00:04:34,1072,1171,,,C23,Bishop's Opening,180+2,Normal,"1. e4 1... e5 2. Bc4 2... h6 3. Bxf7 3... Kxf7 4. Qf3 4... Nf6 5. d4 5... Nc6 6. d5 6...
Nd4 7. Qd3 7... Be7 8.
Nf3 8... Nxf3 9. Qxf3 9... Rf8 10. Nc3 10... Kg8 11. Be3 11... Nxd5 12.
Qd1 12... Nxc3 13. bxc3 13... d6 14. O-O 14...
Rf6 15. Qh5 15... Be6",1. 0:03:00 1... 0:03:00 2. 0:03:00 2... 0:03:01 3. 0:02:59 3... 0:03:01 4. 0:02:57 4... 0:02:59 5. 0:02:53 5... 0:02:56 6. 0:02:51 6... 0:02:55 7. 0:02:46 7... 0:02:45 8. 0:02:44 8... 0:02:42 9. 0:02:44 9... 0:02:43 10. 0:02:40 10... 0:02:41 11. 0:02:28 11... 0:02:38 12. 0:02:04 12... 0:02:38 13. 0:02:06 13... 0:02:34 14. 0:02:05 14... 0:02:26 15. 0:01:39 15... 0:02:07,
Rated Blitz game,https://lichess.org/EKMRwplZ,2024.08.01,-,exucapapreta,Heljo19,0-1,2024.08.01,00:05:01,1717,1652,,,C01,French Defense: Exchange Variation,180+2,Normal,"1. e4 1... e6 2. d4 2... d5 3. exd5 3... exd5 4. Nf3 4... Nf6 5. c4 5... Bb4 6. Bd2 6...
Bxd2 7. Qxd2 7... O-O 8. Be2 8... dxc4 9. O-O 9... b5 10. a3 10...
Bb7 11. Nc3 11... a6 12. Rfe1 12... c5 13. d5 13... Nxd5 14. Rad1 14... Qf6 15. Nxd5 15... Bxd5 16. Qxd5 16... Nc6 17.
Qxc5 17... Rac8 18. Qd6 18... Qxb2 19. Ne5 19... Nxe5 20. Rd2 20... Qc3 21. Red1 21... Nd3 22.
Bxd3 22... cxd3 23. Qxd3 23... Qxd3 24. Rxd3 24... Rc6 25. g3 25... g6 26. Rd7 26... Rfc8 27.
Ra7 27... R8c7 28. Rd8 28... Kg7 29. Raa8 29... Re7 30. Rg8 30... Kf6 31. h4 31... Re2 32.
Rge8 32... Ra2 33. Ra7 33... Rxa3 34. Ree7 34... b4 35. Rxf7 35... Ke5 36. Rae7 36... Kd4 37. Rf4 37... Kc5 38. Re5 38... Kd6 39. Ree4 39... a5 40. Rd4 40... Kc7 41.
Rf7 41... Kb6 42. Rxh7 42... b3 43. Rh8 43...
Kb5 44. Rb8 44... Rb6 45. Rd5 45... Kc6 46. Rxb6 46... Kxb6 47. Rd6 47... Kb5 48. Rxg6 48... b2 49. Rg5 49... Kb4 50.
Rg8 50... Kc3 51. Rc8 51... Kd2 52. Rb8 52... Kc2 53. h5 53... b1=Q 54.
Rxb1 54... Kxb1 55. h6 55... Rb3 56. g4 56... Rh3 57. g5 57... Rh5 58.
f4 58... a4 59. Kf2 59... a3 60. Kg3 60... a2 61. Kg4 61... Rh1",1. 0:03:00 1... 0:03:00 2. 0:03:01 2... 0:03:01 3. 0:03:02 3... 0:03:03 4. 0:03:03 4... 0:03:05 5. 0:03:04 5... 0:02:59 6. 0:03:05 6... 0:02:59 7. 0:03:06 7... 0:02:53 8. 0:03:06 8... 0:02:51 9. 0:03:07 9... 0:02:51 10. 0:03:08 10... 0:02:45 11. 0:03:06 11... 0:02:41 12. 0:03:06 12... 0:02:24 13. 0:02:43 13... 0:02:21 14. 0:02:43 14... 0:01:09 15. 0:02:42 15... 0:01:09 16. 0:02:43 16... 0:01:08 17. 0:02:38 17... 0:01:07 18. 0:02:38 18... 0:01:05 19. 0:02:27 19... 0:01:03 20. 0:02:23 20... 0:00:39 21. 0:02:22 21... 0:00:31 22. 0:02:22 22... 0:00:31 23. 0:02:22 23... 0:00:31 24. 0:02:23 24... 0:00:29 25. 0:02:15 25... 0:00:25 26. 0:02:08 26... 0:00:25 27. 0:02:09 27... 0:00:20 28. 0:02:08 28... 0:00:20 29. 0:02:08 29... 0:00:15 30. 0:02:08 30... 0:00:15 31. 0:02:08 31... 0:00:15 32. 0:01:55 32... 0:00:15 33. 0:01:52 33... 0:00:15 34. 0:01:52 34... 0:00:07 35. 0:01:49 35... 0:00:08 36. 0:01:49 36... 0:00:08 37. 0:01:49 37... 0:00:07 38. 0:01:49 38... 0:00:06 39. 0:01:48 39... 0:00:06 40. 0:01:49 40... 0:00:07 41. 0:01:50 41... 0:00:08 42. 0:01:51 42... 0:00:08 43. 0:01:52 43... 0:00:08 44. 0:01:52 44... 0:00:08 45. 0:01:52 45... 0:00:08 46. 0:01:53 46... 0:00:09 47. 0:01:52 47... 0:00:10 48. 0:01:53 48... 0:00:10 49. 0:01:54 49... 0:00:11 50. 0:01:54 50... 0:00:11 51. 0:01:54 51... 0:00:12 52. 0:01:54 52... 0:00:13 53. 0:01:55 53... 0:00:12 54. 0:01:55 54... 0:00:14 55. 0:01:56 55... 0:00:15 56. 0:01:56 56... 0:00:15 57. 0:01:56 57... 0:00:15 58. 0:01:57 58... 0:00:14 59. 0:01:56 59... 0:00:14 60. 0:01:58 60... 0:00:15 61. 0:01:59 61... 0:00:12,
Rated Blitz game,https://lichess.org/Cw1wqgL9,2024.08.01,-,Moustafa84,Nasermohamed,1-0,2024.08.01,00:05:01,1708,1848,,,B06,Modern Defense,180+2,Normal,"1. d4 1... g6 2. e4 2... Bg7 3. Bf4 3... b6 4. Qd2 4... Bb7 5. Nc3 5...
d6 6. O-O-O 6... e6 7. f3 7... h6 8. h4 8... Nd7 9. Nge2 9... a6 10. a3 10... Ne7 11. g4 11... Qc8 12.
Bh3 12... Qd8 13. h5 13... g5 14. Be3 14... f6 15. f4 15... e5 16. dxe5 16... gxf4 17. Nxf4 17... Kf7 18. e6 18... Kg8 19. exd7 19...
Nc6 20. g5 20... fxg5 21. Qd5 21... Kh7 22. Qf5 22... Kg8 23. Qe6 23... Kh7 24. Bf5",1. 0:03:00 0. 0:03:00 1... 0:03:00 0. 0:03:00 2. 0:03:01 0. 0:03:01 2... 0:03:02 0. 0:03:01 3. 0:03:03 0. 0:03:00 3... 0:03:03 0. 0:03:01 4. 0:03:03 0. 0:03:02 4... 0:03:04 1. 0:03:02 5. 0:03:02 0. 0:03:03 5... 0:03:02 0. 0:03:02 6. 0:03:00 0. 0:03:03 6... 0:02:59 0. 0:03:03 7. 0:02:51 0. 0:03:03 7... 0:02:48 0. 0:03:03 8. 0:02:48 1. 0:03:02 8... 0:02:45 1. 0:03:02 9. 0:02:41 0. 0:02:54 9... 0:02:39 0. 0:02:55 10. 0:02:38 1. 0:02:49 10... 0:02:34 1. 0:02:48 11. 0:02:35 1. 0:02:48 11... 0:02:30 1. 0:02:48 12. 0:02:29 0. 0:02:48 12... 0:02:26,
Rated Blitz game,https://lichess.org/BRhZPQoL,2024.08.01,-,malteof,Ragnarof,1-0,2024.08.01,00:05:01,1773,1761,,,D41,Queen's Gambit Declined: Semi-Tarrasch Defense,180+2,Normal,"1. d4 1... d5 2. c4 2... e6 3. Nc3 3... Nf6 4. Nf3 4... c5 5. cxd5 5... exd5 6. dxc5 6... Qa5 7. Qa4 7... Qxa4 8. Nxa4 8... Bd7 9. Nc3 9... Bxc5 10.
Bg5 10... Bb4 11. Bxf6 11... gxf6 12. O-O-O 12...
Bxc3 13. bxc3 13... Be6 14. e3 14... Nd7 15.
Bb5 15... Rc8 16. Kb2 16... a6 17. Bxd7 17...
Kxd7 18. e4 18... Rc5 19. exd5 19... Rxd5 20.
Rxd5 20... Bxd5 21. Rd1 21... Kc6 22. Nd4 22...
Kd7 23. Nf5 23... Ke6 24. Ng7 24... Ke5 25.
f4 25... Ke4 26. Rd4",1. 0:03:00 0. 0:03:00 1... 0:03:01 0. 0:03:01 2. 0:03:02 0. 0:03:02 2... 0:03:03 0. 0:03:01 3. 0:03:01 0. 0:03:01 3... 0:03:00 0. 0:02:59 4. 0:02:42 0. 0:02:35 4... 0:02:44 0. 0:02:33 5. 0:02:39 0. 0:02:32 5... 0:02:35 0. 0:02:07 6. 0:02:35 0. 0:02:07 6... 0:02:27 0. 0:01:51 7. 0:02:29 0. 0:01:47 7... 0:02:29 0. 0:01:45 8. 0:02:30 0. 0:01:44 8... 0:02:29 0. 0:01:43 9. 0:02:24 0. 0:01:43 9... 0:02:23 0. 0:01:39 10. 0:02:21 0. 0:01:39 10... 0:02:21 0. 0:01:39 11. 0:02:22 0. 0:01:39 11... 0:02:23 0. 0:01:32 12. 0:02:11 0. 0:01:15 12... 0:02:09 0. 0:01:09 13. 0:01:41 0. 0:01:00 13... 0:01:38,
Rated Blitz game,https://lichess.org/Rd3FfeOp,2024.08.01,-,marbagene,Raylson_Lima,1-0,2024.08.01,00:05:01,1265,1294,,,C54,"Italian Game: Classical Variation, Greco Gambit, Traditional Line",180+2,Normal,"1. e4 1... e5 2. Nf3 2... Nc6 3. Bc4 3... Bc5 4. c3 4... Nf6 5. d4 5... exd4 6. cxd4 6...
Bb6 7. e5 7... Ne4 8.
O-O 8... d5 9. exd6 9... Nxd6 10. Bb3 10... O-O 11. Nc3 11... Bg4 12.
d5 12... Bxf3 13. Qxf3 13... Nd4 14. Qg4 14... Nxb3 15. axb3 15... a6 16.
Bh6 16... Qf6 17. Bg5 17... Qe5 18. Bh6 18... Bd4 19. Bf4 19... Qf5 20.
Qxf5 20... Nxf5 21. Bxc7 21... Rac8 22. Ba5 22... b6 23. Bb4 23... a5 24. Ba3 24... Bxc3 25.
bxc3 25... Rxc3 26. Rfc1 26... Rxb3 27. Rab1 27... Rxa3 28. Rxb6 28... Rd3 29. Rb5 29... Ne7 30.
Rxa5 30... Nxd5 31. Rac5 31... Ne7 32. g3 32...
Rdd8 33. Kg2 33... Ng6 34. h4 34... h6 35. f4 35... Ne7 36. Kf3 36... Kh8 37. g4 37... Ng8 38.
g5 38... h5 39. Ke4 39... g6 40. f5 40... Rfe8 41. Kf4 41... Ne7 42.
fxg6 42... fxg6 43. Ke5 43... Nf5 44. Kf6 44... Rd6 45. Kf7 45... Re7 46. Kf8 46... Nxh4 47.
Kxe7 47... Nf5 48. Kf7 48... Kh7 49. Rc7 49... Ng7 50. R1c6 50... Rxc6 51. Rxc6 51... h4 52.
Rxg6 52... Nh5 53. Ra6 53... Nf4 54. Ra1 54... h3 55. Rh1 55... Kh8 56.
Kf6 56... Kh7 57. Kf5",1. 0:03:00 1... 0:03:00 2. 0:03:01 2... 0:03:02 3. 0:03:01 3... 0:03:02 4. 0:03:02 4... 0:03:01 5. 0:03:03 5... 0:03:02 6. 0:03:04 6... 0:03:02 7. 0:03:02 7... 0:02:44 8. 0:02:58 8... 0:02:36 9. 0:02:58 9... 0:02:36 10. 0:02:51 10... 0:02:36 11. 0:02:51 11... 0:02:34 12. 0:02:48 12... 0:02:33 13. 0:02:48 13... 0:02:33 14. 0:02:43 14... 0:02:24 15. 0:02:43 15... 0:02:18 16. 0:02:43 16... 0:02:13 17. 0:02:38 17... 0:02:06 18. 0:02:34 18... 0:01:53 19. 0:02:33 19... 0:01:47 20. 0:02:28 20... 0:01:48 21. 0:02:26 21... 0:01:48 22. 0:02:25 22... 0:01:46 23. 0:02:23 23... 0:01:46 24. 0:02:23 24... 0:01:45 25. 0:02:24 25... 0:01:46 26. 0:02:23 26... 0:01:44 27. 0:02:24 27... 0:01:41 28. 0:02:25 28... 0:01:41 29. 0:02:25 29... 0:01:34 30. 0:02:23 30... 0:01:33 31. 0:02:19 31... 0:01:29 32. 0:02:20 32... 0:01:29 33. 0:02:20 33... 0:01:30 34. 0:02:21 34... 0:01:31 35. 0:02:21 35... 0:01:31 36. 0:02:22 36... 0:01:30 37. 0:02:20 37... 0:01:31 38. 0:02:21 38... 0:01:31 39. 0:02:22 39... 0:01:32 40. 0:02:22 40... 0:01:26 41. 0:02:23 41... 0:01:27 42. 0:02:24 42... 0:01:27 43. 0:02:24 43... 0:01:26 44. 0:02:24 44... 0:01:21 45. 0:02:24 45... 0:01:12 46. 0:02:25 46... 0:01:06 47. 0:02:23 47... 0:01:06 48. 0:02:22 48... 0:01:05 49. 0:02:18 49... 0:00:51 50. 0:02:13 50... 0:00:45 51. 0:02:14 51... 0:00:46 52. 0:02:14 52... 0:00:42 53. 0:02:14 53... 0:00:36 54. 0:02:13 54... 0:00:25 55. 0:02:12 55... 0:00:21 56. 0:02:12 56... 0:00:19 57. 0:02:12,
Rated Blitz game,https://lichess.org/3OPy7VsS,2024.08.01,-,pawnmaster99,gataca21,0-1,2024.08.01,00:05:01,1394,1319,,,C42,Russian Game,180+2,Time forfeit,"1. e4 1... e5 2. Nf3 2... Nf6 3. Nxe5 3... d5 4. d4 4... Bd6 5. Bg5 5... O-O 6. Nc3 6...
Be7 7. Nf3 7... c6 8.
e5 8... Ne4 9. Bxe7 9... Qxe7 10. Nxe4 10... dxe4 11. Nd2 11... Bf5 12.
a3 12... Nd7 13. c3 13... b5 14. Be2 14... Nb6 15. O-O 15... a5 16.
Qc2 16... e3 17. Qxf5 17... exd2 18. Rfd1 18... c5 19. Rxd2 19... cxd4 20. cxd4 20... Nd5 21. Bxb5 21... Rab8 22. a4 22... Rfc8 23. Rc2 23... Rxc2 24. Qxc2 24... Nb4 25.
Qc5 25... Qg5 26. Rc1 26... Qf5 27. f3 27... h6 28. Rc3 28... Na2 29.
Rc4 29... Qb1 30. Kf2 30... Qxb2 31. Kg3 31... g5 32. Rc2 32... Qb3 33.
Rc3 33... Qb2 34. Rc2 34... Qb3",1. 0:03:00 1... 0:03:00 2. 0:03:02 2... 0:02:58 3. 0:03:02 3... 0:02:50 4. 0:02:45 4... 0:02:43 5. 0:02:37 5... 0:02:40 6. 0:02:30 6... 0:02:26 7. 0:02:14 7... 0:02:21 8. 0:02:15 8... 0:02:18 9. 0:02:11 9... 0:02:18 10. 0:02:12 10... 0:02:18 11. 0:02:13 11... 0:02:09 12. 0:02:10 12... 0:02:03 13. 0:02:09 13... 0:02:02 14. 0:01:59 14... 0:02:01 15. 0:01:57 15... 0:01:53 16. 0:01:37 16... 0:01:34 17. 0:01:31 17... 0:01:33 18. 0:01:18 18... 0:01:33 19. 0:01:14 19... 0:01:33 20. 0:01:16 20... 0:01:20 21. 0:01:14 21... 0:01:17 22. 0:01:04 22... 0:01:06 23. 0:00:31 23... 0:00:49 24. 0:00:33 24... 0:00:39 25. 0:00:31 25... 0:00:30 26. 0:00:26 26... 0:00:23 27. 0:00:17 27... 0:00:19 28. 0:00:11 28... 0:00:18 29. 0:00:06 29... 0:00:18 30. 0:00:06 30... 0:00:17 31. 0:00:07 31... 0:00:11 32. 0:00:09 32... 0:00:07 33. 0:00:10 33... 0:00:07 34. 0:00:10 34... 0:00:07,
Rated Blitz game,https://lichess.org/vGKxftHE,2024.08.01,-,ska8806,ailucha,0-1,2024.08.01,00:05:01,1120,1148,,,A00,Hungarian Opening,180+2,Normal,"1. g3 1... d5 2. f4 2... e6 3. Nf3 3... Nf6 4. Bg2 4... Bd6 5. O-O 5... Ng4 6. b3 6...
Bc5 7. e3 7... d4 8.
Ne5 8... dxe3 9. dxe3 9... Qxd1 10. Rxd1 10... Nxe3 11. Bxe3 11... Bxe3 12. Kh1 12... O-O 13. Na3 13... Nd7 14. Nxd7 14... Bxd7 15. Rab1 15... Bc6 16. Bxc6 16... bxc6 17. Nc4 17... Bb6 18. Nxb6 18... cxb6 19. a4 19... a5 20. c3 20... Rad8 21. Rxd8 21... Rxd8 22. c4 22... Rd3 23. b4 23... axb4 24. Rxb4 24... Ra3 25. Rxb6 25... Rxa4 26. Rxc6 26... h5 27.
h3 27... Kf8 28. g4 28... hxg4 29. hxg4 29... Ke7 30. g5 30... f5 31.
Rc7 31... Kf8 32. g6 32... Ra5 33. Rc8 33... Ke7 34. c5 34... Kf6 35.
c6 35... Kxg6 36. Rg8 36... Ra1 37. Kh2 37... Rc1 38. Rc8 38... Rc4 39.
c7 39... Rxf4 40. Rd8 40... Rf2 41. Kg3 41... Rc2 42. c8=Q 42... f4 43.
Kg4 43... Rxc8 44. Rxc8 44... e5 45. Rc6 45... Kf7 46. Rc5 46... Ke6 47. Kf3 47... g5 48.
Kg4 48... e4 49. Rxg5 49... e3 50. Rh5 50... e2 51. Rh2 51... e1=Q 52.
Rh6 52... Ke5 53. Rh5 53... Ke4 54. Rf5 54... Qg3 55. Kh5 55... Qh3 56. Kg5 56... Qxf5",1. 0:03:00 1... 0:03:00 2. 0:03:01 2... 0:02:59 3. 0:03:03 3... 0:02:57 4. 0:03:04 4... 0:02:54 5. 0:03:05 5... 0:02:55 6. 0:03:05 6... 0:02:54 7. 0:03:05 7... 0:02:47 8. 0:02:48 8... 0:02:42 9. 0:02:48 9... 0:02:41 10. 0:02:48 10... 0:02:35 11. 0:02:43 11... 0:02:35 12. 0:02:44 12... 0:02:33 13. 0:02:40 13... 0:02:29 14. 0:02:40 14... 0:02:29 15. 0:02:41 15... 0:02:27 16. 0:02:41 16... 0:02:28 17. 0:02:42 17... 0:02:24 18. 0:02:43 18... 0:02:25 19. 0:02:43 19... 0:02:25 20. 0:02:43 20... 0:02:24 21. 0:02:44 21... 0:02:25 22. 0:02:45 22... 0:02:25 23. 0:02:45 23... 0:02:25 24. 0:02:46 24... 0:02:25 25. 0:02:46 25... 0:02:26 26. 0:02:48 26... 0:02:25 27. 0:02:47 27... 0:02:23 28. 0:02:43 28... 0:02:24 29. 0:02:44 29... 0:02:25 30. 0:02:45 30... 0:02:24 31. 0:02:44 31... 0:02:20 32. 0:02:40 32... 0:01:55 33. 0:02:40 33... 0:01:54 34. 0:02:37 34... 0:01:50 35. 0:02:36 35... 0:01:51 36. 0:02:37 36... 0:01:45 37. 0:02:37 37... 0:01:45 38. 0:02:36 38... 0:01:44 39. 0:02:36 39... 0:01:37 40. 0:02:37 40... 0:01:32 41. 0:02:37 41... 0:01:28 42. 0:02:38 42... 0:01:25 43. 0:02:36 43... 0:01:22 44. 0:02:37 44... 0:01:23 45. 0:02:37 45... 0:01:23 46. 0:02:38 46... 0:01:21 47. 0:02:36 47... 0:01:18 48. 0:02:34 48... 0:01:17 49. 0:02:35 49... 0:01:18 50. 0:02:36 50... 0:01:19 51. 0:02:38 51... 0:01:19 52. 0:02:37 52... 0:01:17 53. 0:02:38 53... 0:01:18 54. 0:02:36 54... 0:01:17 55. 0:02:37 55... 0:01:17 56. 0:02:37 56... 0:01:15,
Rated Blitz game,https://lichess.org/LuEX3ozx,2024.08.01,-,BlackPearl05,HClay,1-0,2024.08.01,00:05:01,1867,1847,,,B13,Caro-Kann Defense: Exchange Variation,180+2,Normal,"1. e4 1... c6 2. d4 2... d5 3. exd5 3... cxd5 4. Nc3 4... Nc6 5. Bf4 5... e6 6. Nf3 6...
Nf6 7. Bd3 7... Bd6 8.
Qd2 8... O-O 9. O-O 9... Qc7 10. Bxd6 10... Qxd6 11. Nb5 11... Qd8 12.
Qf4 12... a6 13. Nc3 13... Bd7 14. Ne5 14... Rc8 15. Nxc6 15... Bxc6 16. Qg5 16... h6 17. Qh4 17... Nd7 18. Qxd8 18... Rfxd8 19. Ne2 19... Nb6 20. b3 20... Nd7 21.
f4 21... Nf6 22. h3 22... b5 23. g4 23... a5 24. Rac1 24... b4 25.
c3 25... Bb5 26. Bxb5 26... bxc3 27. Rxc3 27... Ne4 28. Rxc8 28... Rxc8 29. Rc1 29... Rb8 30. Bd3 30... Nf6 31. Nc3 31... Rc8 32. Rc2 32... h5 33. g5 33... Nd7 34.
Na4 34... Rb8 35. Rc7 35... Nf8 36. Nc5 36... Ng6 37. Bxg6 37... fxg6 38. Kf2 38... Rb4 39. Ke3",1. 0:03:00 1... 0:03:00 2. 0:03:00 2... 0:03:02 3. 0:03:02 3... 0:03:03 4. 0:03:03 4... 0:03:05 5. 0:03:04 5... 0:03:05 6. 0:03:05 6... 0:03:07 7. 0:03:06 7... 0:03:08 8. 0:03:05 8... 0:03:08 9. 0:03:06 9... 0:03:03 10. 0:03:05 10... 0:03:05 11. 0:03:05 11... 0:02:59 12. 0:03:05 12... 0:02:48 13. 0:02:51 13... 0:02:45 14. 0:02:51 14... 0:02:39 15. 0:02:49 15... 0:02:37 16. 0:02:48 16... 0:02:36 17. 0:02:45 17... 0:02:35 18. 0:02:45 18... 0:02:37 19. 0:02:44 19... 0:02:32 20. 0:02:43 20... 0:02:31 21. 0:02:37 21... 0:02:31 22. 0:02:36 22... 0:02:27 23. 0:02:30 23... 0:02:20 24. 0:02:29 24... 0:02:18 25. 0:02:27 25... 0:02:09 26. 0:02:19 26... 0:02:10 27. 0:02:19 27... 0:02:10 28. 0:02:17 28... 0:02:12 29. 0:02:18 29... 0:02:13 30. 0:02:18 30... 0:02:11 31. 0:02:12 31... 0:02:10 32. 0:02:11 32... 0:02:08 33. 0:02:11 33... 0:02:05 34. 0:02:12 34... 0:02:05 35. 0:02:12 35... 0:02:05 36. 0:02:08 36... 0:01:49 37. 0:02:08 37... 0:01:50 38. 0:02:07 38... 0:01:51 39. 0:02:07,
Rated Blitz game,https://lichess.org/GC6yCY3Y,2024.08.01,-,Luchess79,Anko59,0-1,2024.08.01,00:05:01,1311,1307,,,B22,Sicilian Defense: Alapin Variation,180+2,Time forfeit,"1. e4 1... c5 2. c3 2... Nc6 3. d4 3... cxd4 4. cxd4 4... d6 5. Nf3 5...
g6 6. Nc3 6... Bg7 7. Bc4 7... Nf6 8. O-O 8... O-O 9. Be3 9... a6 10.
a3 10... h6 11. h3 11... e6 12. e5 12...
Ne8 13. Qd2 13... d5 14.
Bd3 14... f5 15. Bxh6 15... Nc7 16. Rac1 16...
Nb5 17. Nxb5 17... axb5 18. Qb4 18... Bxh6",1. 0:03:00 0. 0:03:00 1... 0:03:00 0. 0:03:01 2. 0:03:02 0. 0:03:02 2... 0:03:04 0. 0:02:59 3. 0:03:03 0. 0:03:00 3... 0:02:59 0. 0:03:01 4. 0:02:48 0. 0:03:01 4... 0:02:47 1. 0:02:57 5. 0:02:11 0. 0:02:54 5... 0:02:08 1. 0:02:54 6. 0:01:51 0. 0:02:46 6... 0:01:12 0. 0:02:39 7. 0:00:35 0. 0:02:14 7... 0:00:10 0. 0:02:07 8. 0:00:10 0. 0:01:35 8... 0:00:08 0. 0:01:22 9. 0:00:06 0. 0:01:24 9... 0:00:05 0. 0:01:17,
Rated Blitz game,https://lichess.org/hf0xHLTE,2024.08.01,-,tbrooks4,wadachiii,0-1,2024.08.01,00:05:01,2179,2061,,,C71,Ruy Lopez: Noah's Ark Trap,180+2,Normal,"1. e4 1... e5 2. Nf3 2... Nc6 3. Bb5 3... a6 4. Ba4 4... d6 5. d4 5... b5 6. Bb3 6...
Nxd4 7. Nxd4 7... exd4 8. Qxd4 8... c5 9. Qd5 9... Be6 10. Qc6 10... Bd7 11. Qd5 11... c4 12.
Bg5 12... Be7 13. Bxe7 13... Nxe7 14. Qxd6 14... cxb3 15. axb3 15... Bc6 16.
O-O 16... Qxd6",1. 0:03:00 1... 0:03:00 2. 0:03:01 2... 0:03:01 3. 0:03:02 3... 0:03:02 4. 0:03:02 4... 0:03:03 5. 0:03:01 5... 0:03:03 6. 0:03:01 6... 0:03:05 7. 0:03:02 7... 0:03:06 8. 0:03:03 8... 0:03:08 9. 0:03:02 9... 0:03:09 10. 0:02:50 10... 0:03:10 11. 0:02:45 11... 0:03:11 12. 0:02:36 12... 0:03:00 13. 0:02:33 13... 0:02:48 14. 0:02:34 14... 0:02:37 15. 0:02:34 15... 0:02:26 16. 0:02:29 16... 0:02:26,
Rated Blitz game,https://lichess.org/d4yEWajQ,2024.08.01,-,shammies,GambitBrett1,1-0,2024.08.01,00:05:01,2155,2102,,,D30,Queen's Gambit Declined,180+2,Normal,"1. d4 1... d5 2. c4 2... e6 3. Nf3 3... Nf6 4. cxd5 4... exd5 5.
g3 5... c6 6. Bg2 6...
Bd6 7. O-O 7... O-O 8.
Nc3 8... h6 9. Bf4 9... Bxf4 10. gxf4 10... Bf5 11. e3 11... Re8 12.
Qb3 12... Qb6 13. Ne5 13... Qxb3 14. axb3 14... a6 15. b4 15... Nbd7 16.
Na4 16... Nxe5 17. fxe5 17... Nd7 18. Nc5 18... Nxc5 19. bxc5 19... Bd3 20. Rfd1 20... Bb5 21.
Bh3 21... Rad8 22. f4 22... Be2 23. Rd2 23... Bf3 24. Kf2 24... Be4 25.
Rg1 25... Kh7 26. Rdd1 26... f5 27. Rg3 27... g6 28. Rdg1 28... Re6 29.
Bf1 29... Kg7 30. Be2 30... Rg8 31. h4 31... Kh7 32. h5 32... Rg7 33.
Bf3 33... Bd3 34. hxg6 34... Rgxg6 35. Rxg6 35... Rxg6 36. Rh1 36... Be4 37. Rh5 37... Bxf3 38.
Kxf3 38... Rg1 39. Rxf5 39... Kg7 40. e6 40...
Rg6 41. Rf7 41... Kg8 42. f5",1. 0:03:00 1... 0:03:00 2. 0:03:01 2... 0:03:01 3. 0:03:02 3... 0:03:01 4. 0:03:03 4... 0:03:02 5. 0:03:01 5... 0:03:00 6. 0:03:02 6... 0:02:58 7. 0:03:03 7... 0:02:56 8. 0:03:05 8... 0:02:55 9. 0:03:04 9... 0:02:53 10. 0:03:06 10... 0:02:47 11. 0:03:07 11... 0:02:46 12. 0:03:06 12... 0:02:42 13. 0:03:05 13... 0:02:38 14. 0:03:07 14... 0:02:37 15. 0:03:03 15... 0:02:37 16. 0:03:03 16... 0:01:49 17. 0:03:04 17... 0:01:49 18. 0:02:58 18... 0:01:48 19. 0:03:00 19... 0:01:43 20. 0:02:54 20... 0:01:39 21. 0:02:53 21... 0:01:32 22. 0:02:53 22... 0:01:22 23. 0:02:52 23... 0:01:23 24. 0:02:50 24... 0:01:23 25. 0:02:51 25... 0:01:09 26. 0:02:31 26... 0:00:44 27. 0:02:26 27... 0:00:41 28. 0:02:26 28... 0:00:41 29. 0:02:27 29... 0:00:36 30. 0:02:27 30... 0:00:32 31. 0:02:28 31... 0:00:18 32. 0:02:26 32... 0:00:17 33. 0:02:03 33... 0:00:08 34. 0:01:44 34... 0:00:08 35. 0:01:46 35... 0:00:09 36. 0:01:48 36... 0:00:06 37. 0:01:39 37... 0:00:05 38. 0:01:41 38... 0:00:05 39. 0:01:42 39... 0:00:05 40. 0:01:40 40... 0:00:04 41. 0:01:41 41... 0:00:06 42. 0:01:40,
Rated Blitz game,https://lichess.org/WUtM9En0,2024.08.01,-,Kirschmann,alexdorfman,0-1,2024.08.01,00:05:01,1028,1014,,,B53,Sicilian Defense: Chekhover Variation,180+2,Time forfeit,"1. e4 1... c5 2. Nf3 2... d6 3. d4 3... cxd4 4. Qxd4 4... Nc6 5.
Qd5 5... e6 6. Qh5 6... Nf6 7. Qh4 7... Be7 8. Bb5 8... Qa5 9.
Bd2 9... Qxb5 10. Qg5 10... Qxb2 11. O-O 11... Qxa1 12. Qxg7 12... Rf8 13.
Bh6 13... Qxa2 14. Nc3 14... Qxc2 15. Nb5 15... Bd8 16. Qxf8 16... Kd7 17. Qxd6 17... Ke8 18. Nfd4 18... Qxe4 19. Qf8 19... Kd7 20. Qxf7 20... Be7 21. f3 21... Qe5 22.
f4 22... Qc5 23. f5 23... Nxd4 24. Rd1 24... e5 25. Qe6 25... Ke8 26.
Nd6 26... Kd8",1. 0:03:00 1... 0:03:00 2. 0:03:00 2... 0:03:01 3. 0:03:02 3... 0:03:01 4. 0:03:02 4... 0:03:01 5. 0:03:03 5... 0:02:57 6. 0:02:54 6... 0:02:55 7. 0:02:41 7... 0:02:37 8. 0:02:39 8... 0:02:35 9. 0:02:29 9... 0:02:34 10. 0:02:20 10... 0:02:23 11. 0:02:20 11... 0:02:23 12. 0:02:21 12... 0:02:19 13. 0:02:16 13... 0:02:05 14. 0:01:56 14... 0:02:04 15. 0:01:55 15... 0:01:40 16. 0:01:53 16... 0:01:41 17. 0:01:52 17... 0:01:39 18. 0:01:31 18... 0:01:25 19. 0:01:10 19... 0:01:25 20. 0:01:11 20... 0:01:20 21. 0:01:00 21... 0:00:57 22. 0:00:50 22... 0:00:45 23. 0:00:43 23... 0:00:43 24. 0:00:20 24... 0:00:17 25. 0:00:18 25... 0:00:14 26. 0:00:04 26... 0:00:10,
Rated Blitz game,https://lichess.org/4zHoVLMq,2024.08.01,-,bahram28854,quiqueone,1/2-1/2,2024.08.01,00:04:54,2196,2146,,,C42,"Russian Game: Classical Attack, Chigorin Variation",180+2,Normal,"1. e4 1... e5 2. Nf3 2... Nf6 3. Nxe5 3... d6 4. Nf3 4... Nxe4 5. d4 5... d5 6. Bd3 6...
Nc6 7. O-O 7... Be7 8.
Re1 8... Bf5 9. c4 9... Nb4 10. cxd5 10... Nxd3 11. Qxd3 11... Qxd5 12. Nc3 12... Nxc3 13. Qxc3 13... Be6 14. Bf4 14... Bd6 15. Bxd6 15... cxd6 16. b3 16... O-O 17.
Qe3 17... Rac8 18. Rac1 18... h6 19. Nd2 19...
b5 20. Ne4 20... Bf5 21. f3 21... Rxc1 22. Rxc1 22... Kh8 23. Nc3 23... Qb7 24. Ne2 24... Rc8 25. Rxc8 25... Qxc8 26. Qc3 26... Qe6 27. Kf2 27... g5 28. g4 28...
Bg6 29. d5 29... Qe5 30. Qxe5 30... dxe5 31. Nc3 31... a6 32. a3 32...
Kg7 33. Ke3 33... Kf6 34. Ne4 34... Ke7 35. h3 35... a5 36. b4 36...
axb4 37. axb4 37... f6 38. Nc3 38... Be8 39. Ke4 39... Bg6 40. Ke3 40... Be8 41. Ne4 41... Bd7 42. Nc5 42... Bc8 43.
Ke4 43... h5 44. Nd3 44... Kd6 45. gxh5 45... f5 46. Ke3 46... Kxd5 47.
h6 47... f4 48. Kd2 48... Bf5 49. Nf2 49... Kc4 50. Ne4 50... Kxb4 51.
Nxg5 51... Ka3 52. h7 52... Bxh7 53. Nxh7 53... b4 54. Nf6 54... b3 55.
Ne4 55... b2 56. Nc3 56... Kb3 57. Nb1 57... Kc4 58. h4 58... Kd5 59.
Kd3 59... Ke6 60. Ke4 60... Kf6 61. h5 61... Kg5 62. Kxe5 62... Kxh5 63. Kxf4 63... Kg6 64. Ke5 64... Kf7 65. f4 65...
Ke7 66. f5 66... Kf7 67. f6 67... Kf8 68. Kf5 68... Kf7 69. Nc3 69... Kf8 70. Ke6 70... Ke8 71. Kf5 71... Kf7 72.
Kg5 72... Kf8 73. Kg6 73... Kg8 74. f7 74... Kf8 75. Kf6 75... b1=Q 76.
Nxb1",1. 0:03:00 1... 0:03:00 2. 0:03:01 2... 0:03:01 3. 0:03:01 3... 0:03:02 4. 0:03:02 4... 0:03:02 5. 0:03:04 5... 0:03:03 6. 0:03:05 6... 0:03:03 7. 0:03:06 7... 0:03:03 8. 0:03:06 8... 0:03:01 9. 0:03:07 9... 0:03:01 10. 0:02:56 10... 0:03:01 11. 0:02:57 11... 0:03:02 12. 0:02:56 12... 0:03:03 13. 0:02:57 13... 0:03:03 14. 0:02:31 14... 0:03:03 15. 0:02:27 15... 0:03:03 16. 0:02:10 16... 0:03:03 17. 0:02:07 17... 0:03:03 18. 0:02:01 18... 0:03:03 19. 0:01:58 19... 0:03:01 20. 0:01:58 20... 0:02:59 21. 0:01:43 21... 0:02:57 22. 0:01:42 22... 0:02:56 23. 0:01:35 23... 0:02:51 24. 0:01:07 24... 0:02:49 25. 0:01:02 25... 0:02:50 26. 0:00:59 26... 0:02:29 27. 0:00:56 27... 0:02:29 28. 0:00:42 28... 0:02:27 29. 0:00:41 29... 0:02:28 30. 0:00:41 30... 0:02:29 31. 0:00:41 31... 0:02:22 32. 0:00:39 32... 0:02:21 33. 0:00:40 33... 0:02:20 34. 0:00:31 34... 0:02:20 35. 0:00:23 35... 0:02:19 36. 0:00:23 36... 0:02:20 37. 0:00:23 37... 0:02:15 38. 0:00:23 38... 0:02:13 39. 0:00:19 39... 0:02:14 40. 0:00:19 40... 0:02:15 41. 0:00:20 41... 0:02:10 42. 0:00:18 42... 0:02:09 43. 0:00:12 43... 0:02:09 44. 0:00:07 44... 0:02:05 45. 0:00:05 45... 0:02:05 46. 0:00:06 46... 0:01:58 47. 0:00:07 47... 0:01:59 48. 0:00:07 48... 0:02:00 49. 0:00:06 49... 0:02:00 50. 0:00:06 50... 0:01:59 51. 0:00:07 51... 0:01:59 52. 0:00:07 52... 0:02:00 53. 0:00:08 53... 0:02:01 54. 0:00:06 54... 0:02:01 55. 0:00:07 55... 0:02:01 56. 0:00:08 56... 0:02:02 57. 0:00:08 57... 0:02:01 58. 0:00:09 58... 0:02:01 59. 0:00:09 59... 0:02:01 60. 0:00:10 60... 0:02:02 61. 0:00:12 61... 0:02:03 62. 0:00:13 62... 0:02:04 63. 0:00:14 63... 0:02:05 64. 0:00:15 64... 0:02:06 65. 0:00:16 65... 0:02:07 66. 0:00:17 66... 0:02:07 67. 0:00:19 67... 0:02:07 68. 0:00:20 68... 0:02:08 69. 0:00:22 69... 0:02:06 70. 0:00:23 70... 0:02:07 71. 0:00:19 71... 0:02:07 72. 0:00:20 72... 0:02:08 73. 0:00:21 73... 0:02:09 74. 0:00:22 74... 0:02:10 75. 0:00:17 75... 0:02:07 76. 0:00:16,
Rated Blitz game,https://lichess.org/7O4gYaO5,2024.08.01,-,gatolandia,Mah87,0-1,2024.08.01,00:04:44,1611,1588,,,C00,French Defense,180+2,Normal,"1. e4 1... e6 2. Bc4 2... d5 3. exd5 3... exd5 4. Bb3 4... Nf6 5. Nf3 5... Bd6 6. O-O 6...
O-O 7. c3 7... Bd7 8.
d3 8... Bc6 9. Re1 9... Nbd7 10. Nbd2 10... Re8 11. Nf1 11... Rxe1 12.
Qxe1 12... Qe8 13. Ne3 13... Ne5 14. Nxe5 14... Bxe5 15. d4 15... Bd6 16.
Qd2 16... Qe6 17. Bc2 17... Re8 18. a4 18... Ne4 19. b4 19... Nxd2",1. 0:03:00 1... 0:03:00 2. 0:03:01 2... 0:03:02 3. 0:03:00 3... 0:03:04 4. 0:03:02 4... 0:03:03 5. 0:03:03 5... 0:03:00 6. 0:03:04 6... 0:03:00 7. 0:03:05 7... 0:03:01 8. 0:03:06 8... 0:03:03 9. 0:03:08 9... 0:03:03 10. 0:03:09 10... 0:03:03 11. 0:03:10 11... 0:03:03 12. 0:03:12 12... 0:03:04 13. 0:03:09 13... 0:03:01 14. 0:03:10 14... 0:03:01 15. 0:03:08 15... 0:02:50 16. 0:03:02 16... 0:02:45 17. 0:02:59 17... 0:02:44 18. 0:02:41 18... 0:02:15 19. 0:02:30 19... 0:02:15,
Rated Blitz game,https://lichess.org/IMTJp7U5,2024.08.01,-,nando181007,alialtaay999,1-0,2024.08.01,00:04:47,1313,1319,,,C50,Italian Game: Anti-Fried Liver Defense,180+2,Normal,"1. e4 1... Nc6 2. Nf3 2... e5 3. Bc4 3... h6 4. d4 4... d6 5. O-O 5... Bg4 6. Be3 6... Nf6 7. d5 7... Ne7 8. Nc3 8... c6 9. Be2 9...
cxd5 10. Nxd5 10... Nfxd5 11. exd5 11... Nf5 12.
Ne1 12... Nxe3 13. fxe3 13... Bxe2 14. Qxe2 14... Rc8 15. c3 15... Qa5 16. Qf3 16... Be7 17.
Qxf7 17... Kd7 18. Qe6 18... Ke8 19. Rf7 19... Rc7 20. Rxg7 20... Rf8 21. Rg8 21... Qb5 22.
Rxf8 22... Kxf8 23. Nf3 23... Qxb2 24. Rf1 24... Qxc3 25. Ng5 25... Ke8 26. Qf7 26... Kd7 27.
Qe6 27... Ke8 28. Nh7 28... Kd8 29. Qg8 29... Kd7 30. Qe6 30... Ke8 31.
Rf8",1. 0:03:00 1... 0:03:00 2. 0:03:01 2... 0:03:01 3. 0:03:02 3... 0:03:01 4. 0:03:02 4... 0:02:43 5. 0:03:02 5... 0:02:42 6. 0:02:56 6... 0:02:41 7. 0:02:55 7... 0:02:20 8. 0:02:51 8... 0:02:06 9. 0:02:41 9... 0:02:04 10. 0:02:41 10... 0:02:03 11. 0:02:42 11... 0:01:59 12. 0:02:34 12... 0:01:57 13. 0:02:34 13... 0:01:44 14. 0:02:33 14... 0:01:35 15. 0:02:25 15... 0:01:33 16. 0:02:21 16... 0:01:32 17. 0:02:21 17... 0:01:30 18. 0:01:55 18... 0:01:20 19. 0:01:50 19... 0:01:11 20. 0:01:42 20... 0:00:23 21. 0:01:24 21... 0:00:16 22. 0:01:18 22... 0:00:17 23. 0:01:15 23... 0:00:15 24. 0:01:13 24... 0:00:10 25. 0:01:11 25... 0:00:10 26. 0:00:58 26... 0:00:11 27. 0:00:58 27... 0:00:12 28. 0:00:53 28... 0:00:12 29. 0:00:21 29... 0:00:12 30. 0:00:22 30... 0:00:13 31. 0:00:16,
Rated Blitz game,https://lichess.org/vDngm072,2024.08.01,-,Micka_3,maybelaterrr,1-0,2024.08.01,00:04:47,1209,1250,,,A04,Zukertort Opening: Ross Gambit,180+2,Normal,"1. Nf3 1... e5 2. Nxe5 2...
Nc6 3. Nxc6 3... bxc6 4. c4 4... d5 5. d4 5... Nf6 6. Nc3 6... Bb4 7. Bd2 7... Bg4 8. c5 8... O-O 9. a3 9... Bxc3 10. Bxc3 10... Re8 11. f3 11...
Bf5 12. g4 12... Bg6 13. Bh3 13... Qe7 14. O-O 14... Qe3 15. Kh1 15...
Qxe2 16. Qa4 16... Qxf3 17. Rxf3 17... Be4 18. Kg2 18...
Bxf3 19. Kxf3 19... Re7 20. Qxc6 20... Rae8 21.
Re1 21... Kf8 22. g5 22... Nh5 23. Qxd5 23... a5 24. Bxa5 24...
f6 25. gxf6 25... Nxf6 26.
Rf1 26... Re3 27. Kg2 27...
Re2 28. Kg1 28... Rxb2 29. Bg4 29... h6 30.
Bh5 30... Ree2 31.
Qf7",1. 0:03:00 0. 0:03:00 1... 0:03:01 1. 0:03:01 2. 0:03:01 1. 0:03:02 2... 0:02:55 1. 0:03:02 3. 0:02:53 1. 0:03:02 3... 0:02:54 1. 0:03:03 4. 0:02:55 1. 0:02:53 4... 0:02:54 1. 0:02:31 5. 0:02:53 1. 0:02:32 5... 0:02:54 1. 0:02:33 6. 0:02:53 1. 0:02:30 6... 0:02:21 1. 0:02:28 7. 0:02:22 0. 0:02:23 7... 0:02:10 1. 0:02:19 8. 0:02:08 1. 0:02:11 8... 0:01:46 1. 0:01:56 9. 0:01:44 0. 0:01:53 9... 0:01:43 0. 0:01:38 10. 0:01:42 0. 0:01:29 10... 0:01:42 1. 0:01:26 11. 0:01:34 1. 0:01:18 11... 0:01:24 1. 0:01:14 12. 0:01:24 2. 0:00:52 12... 0:01:16 1. 0:00:43 13. 0:01:00 1. 0:00:42 13... 0:00:47 0. 0:00:38 14. 0:00:39 0. 0:00:37 14... 0:00:33 0. 0:00:30 15. 0:00:24 0. 0:00:23 15... 0:00:24 1. 0:00:17 16. 0:00:21,
Rated Blitz game,https://lichess.org/8NKKmZVd,2024.08.01,-,Capivara_Misantropa,anvil17,1/2-1/2,2024.08.01,00:04:47,2020,2085,,,B27,Sicilian Defense: Hyperaccelerated Pterodactyl,180+2,Normal,"1. e4 1... g6 2. d4 2... Bg7 3. Nf3 3... c5 4. Be3 4... cxd4 5.
Bxd4 5... Nf6 6. e5 6... Ng8 7. e6 7... f6 8. exd7 8... Bxd7 9. Nc3 9... e5 10. Be3 10...
Ne7 11. Bc4 11... Nbc6 12. O-O 12... Na5 13. Bb3 13... Nxb3 14. axb3 14... O-O 15. Nd5 15... Nc6 16. Bc5 16... Re8 17.
b4 17... Bg4 18. b5 18... Nd4 19. Bxd4 19... Qxd5 20. Bxa7 20... Qxb5 21. Nd4 21... Qd7 22. Nf3 22... Qe6 23. h3 23...
Bf5 24. Be3 24... Be4 25. c3 25... Bc6 26. Nd2 26... Rad8 27. Qb3 27... Bd5 28. Qb4 28... Bf8 29. Bc5 29... Bh6 30.
Be3 30... Bg7 31. Qh4 31... f5 32. Bg5 32... Ra8 33. Rxa8 33... Rxa8 34. c4 34... Bc6 35. b3 35... Ra2 36. Rd1 36... h5 37. Bd8 37... e4 38. Bg5 38... Be5 39.
Bf4 39... Bf6 40. Qg3 40... Kh7 41. Nf1 41... Qe7 42. Ne3 42... Bh4 43.
Qh2 43... Bxf2 44. Kh1 44... g5 45. Bd6 45...
Qe6 46. Nd5 46... Bxd5 47. cxd5 47... Qd7 48. Qe5 48... f4 49. Qxe4 49... Kh6 50. Qe6 50... Qxe6 51. dxe6 51... Re2 52.
e7 52... Bb6 53. Bb4 53... Kg6 54. Re1 54... Rxe1 55. Bxe1 55... Kf7 56.
Bb4 56... Bc7 57. Kh2 57... b5 58. Kg1 58... Ke8 59. Kf1 59... Be5 60.
Ke2 60... Bf6 61. Kd3 61... Bxe7 62. Bxe7 62... Kxe7 63. Kd4 63... Ke6 64.
Kc5 64... g4 65. hxg4 65... hxg4 66. Kd4 66... b4 67. Ke4 67... f3 68.
gxf3 68... gxf3 69. Kxf3 69... Kd5 70. Ke3 70... Kc5 71. Ke4 71... Kc6 72. Kd4 72... Kb5 73.
Kd5 73... Kb6 74. Kc4 74... Ka5 75. Kc5 75... Ka6 76. Kd5 76... Kb6 77.
Kd4 77... Kb5 78. Kd5 78... Kb6",1. 0:03:00 1... 0:03:00 2. 0:03:01 2... 0:03:02 3. 0:03:01 3... 0:03:03 4. 0:02:55 4... 0:03:03 5. 0:02:55 5... 0:03:03 6. 0:02:49 6... 0:03:04 7. 0:02:47 7... 0:03:04 8. 0:02:31 8... 0:03:06 9. 0:02:29 9... 0:03:00 10. 0:02:26 10... 0:02:53 11. 0:02:24 11... 0:02:53 12. 0:02:25 12... 0:02:50 13. 0:02:16 13... 0:02:50 14. 0:02:18 14... 0:02:50 15. 0:02:09 15... 0:02:38 16. 0:02:04 16... 0:02:29 17. 0:01:57 17... 0:02:17 18. 0:01:53 18... 0:02:13 19. 0:01:49 19... 0:01:58 20. 0:01:45 20... 0:01:51 21. 0:01:25 21... 0:00:35 22. 0:01:17 22... 0:00:21 23. 0:01:03 23... 0:00:14 24. 0:00:22 24... 0:00:12 25. 0:00:21 25... 0:00:12 26. 0:00:18 26... 0:00:11 27. 0:00:18 27... 0:00:11 28. 0:00:16 28... 0:00:10 29. 0:00:15 29... 0:00:11 30. 0:00:15 30... 0:00:11 31. 0:00:15 31... 0:00:08 32. 0:00:16 32... 0:00:08 33. 0:00:16 33... 0:00:08 34. 0:00:16 34... 0:00:08 35. 0:00:17 35... 0:00:07 36. 0:00:17 36... 0:00:05 37. 0:00:17 37... 0:00:03 38. 0:00:17 38... 0:00:03 39. 0:00:18 39... 0:00:04 40. 0:00:18 40... 0:00:03 41. 0:00:17 41... 0:00:03 42. 0:00:18 42... 0:00:03 43. 0:00:18 43... 0:00:04 44. 0:00:18 44... 0:00:05 45. 0:00:18 45... 0:00:05 46. 0:00:18 46... 0:00:04 47. 0:00:20 47... 0:00:04 48. 0:00:21 48... 0:00:04 49. 0:00:22 49... 0:00:05 50. 0:00:22 50... 0:00:05 51. 0:00:24 51... 0:00:05 52. 0:00:24 52... 0:00:05 53. 0:00:21 53... 0:00:04 54. 0:00:21 54... 0:00:03 55. 0:00:23 55... 0:00:04 56. 0:00:25 56... 0:00:03 57. 0:00:23 57... 0:00:05 58. 0:00:23 58... 0:00:05 59. 0:00:25 59... 0:00:04 60. 0:00:26 60... 0:00:06 61. 0:00:26 61... 0:00:08 62. 0:00:27 62... 0:00:10 63. 0:00:29 63... 0:00:11 64. 0:00:30 64... 0:00:12 65. 0:00:30 65... 0:00:13 66. 0:00:31 66... 0:00:11 67. 0:00:32 67... 0:00:11 68. 0:00:32 68... 0:00:13 69. 0:00:33 69... 0:00:15 70. 0:00:34 70... 0:00:15 71. 0:00:35 71... 0:00:11 72. 0:00:36 72... 0:00:09 73. 0:00:37 73... 0:00:09 74. 0:00:38 74... 0:00:11 75. 0:00:39 75... 0:00:11 76. 0:00:31 76... 0:00:10 77. 0:00:32 77... 0:00:07 78. 0:00:33 78... 0:00:07,
Rated Blitz game,https://lichess.org/hU1GNkk3,2024.08.01,-,theojrhood,paktamzzzz,0-1,2024.08.01,00:04:47,1749,1729,,,C41,Philidor Defense: Exchange Variation,180+2,Normal,"1. e4 1... e5 2. Nf3 2... d6 3. d4 3... exd4 4. Nxd4 4... Be7 5.
Nc3 5... Nf6 6. Be3 6... O-O 7. f3 7... c5 8. Nb3 8... Nc6 9. Qd2 9... a6 10. a3 10... b5 11. Be2 11... c4 12.
Nd4 12... Ne5 13. O-O 13... Bb7 14. Rad1 14... Qc7 15. Rfe1 15... Rad8 16. Kh1 16... Nc6 17. f4 17... Nxd4 18. Bxd4 18... Bxe4 19. Nxe4 19... Nxe4 20. Qe3 20... Nf6 21.
Bf3 21... Rfe8 22. Qc3 22... d5 23. Re5 23... Bd6 24. Rf5 24... Bxf4 25.
Rxf6 25... gxf6 26. Bxf6 26... Bxh2 27. Bxd8 27... Rxd8 28. Rxd5 28... Rxd5 29. Bxd5 29... Qd6 30.
Bxf7 30... Kxf7 31. Qf3 31... Qf4 32. Qb7 32... Kg6 33. Qc6 33... Qd6 34. Qe8 34... Kg7",1. 0:03:00 1... 0:03:00 2. 0:03:01 2... 0:03:01 3. 0:03:03 3... 0:03:02 4. 0:03:05 4... 0:03:04 5. 0:03:06 5... 0:03:05 6. 0:03:07 6... 0:03:06 7. 0:03:08 7... 0:03:08 8. 0:03:09 8... 0:03:09 9. 0:03:10 9... 0:03:10 10. 0:03:11 10... 0:03:11 11. 0:03:08 11... 0:03:12 12. 0:03:09 12... 0:03:12 13. 0:03:08 13... 0:03:11 14. 0:03:05 14... 0:03:04 15. 0:03:04 15... 0:03:01 16. 0:03:01 16... 0:02:59 17. 0:02:51 17... 0:02:58 18. 0:02:51 18... 0:02:55 19. 0:02:49 19... 0:02:55 20. 0:02:51 20... 0:02:38 21. 0:02:45 21... 0:02:35 22. 0:02:41 22... 0:02:33 23. 0:02:31 23... 0:02:27 24. 0:02:25 24... 0:02:20 25. 0:02:10 25... 0:02:20 26. 0:02:10 26... 0:02:18 27. 0:02:03 27... 0:02:15 28. 0:02:03 28... 0:02:15 29. 0:02:04 29... 0:02:12 30. 0:01:59 30... 0:02:11 31. 0:01:57 31... 0:02:11 32. 0:01:56 32... 0:02:11 33. 0:01:52 33... 0:02:10 34. 0:01:50 34... 0:02:08,
Rated Blitz game,https://lichess.org/z8BVfDxg,2024.08.01,-,borowitz,AkinatorGallardo,1-0,2024.08.01,00:04:47,1963,1947,,,B13,Caro-Kann Defense: Exchange Variation,180+2,Time forfeit,"1. e4 1... c6 2. d4 2... d5 3. exd5 3... cxd5 4. Bd3 4... Nf6 5. h3 5... Nc6 6. c3 6... e6 7. Bf4 7... Bd6 8.
Bxd6 8... Qxd6 9. Nf3 9... O-O 10. O-O 10... Re8 11. Re1 11... e5 12.
dxe5 12... Nxe5 13. Nxe5 13... Rxe5 14. Rxe5 14... Qxe5 15. Nd2 15... Bf5 16. Nf3 16... Qe6 17.
Bxf5 17... Qxf5 18. Nd4 18... Qd7 19. Qf3 19... Re8 20. Rd1 20... Qa4 21. a3 21... Qc4 22.
b3 22... Qc5 23. Nf5 23... Qxa3 24. Qg3 24... g6 25. Nd4 25... Ne4 26.
Qc7 26... Nxc3 27. Qxc3 27... a6 28. Nf3 28...
Qd6 29. Qd4 29... Rd8 30. Ne5 30... Qe6 31. Ng4 31... f5 32. Nf6 32... Kg7 33. Nxd5 33... Kf7 34. Qc4 34... Kf8 35.
Ne3 35... Rxd1 36. Nxd1 36... Qe1 37. Qf1 37... Qb4 38. Qd3 38... Qe1 39. Kh2 39... Qe5 40.
g3 40... b5 41. Ne3 41... Qc5 42. Qd5 42... Qe7 43. Qa8 43... Kg7 44.
Nd5 44... Qe2 45. Qb7 45... Kh6 46. Qb6 46... Qe4 47. Qe3 47... Qxe3 48. fxe3 48... Kg7 49. Kg2 49... Kf7 50. Kf3 50... Ke6 51. Nc3 51... Kd6 52. Ke2 52... Kc5 53.
Kd3 53... Kb4 54. Kc2 54... Kc5 55. Ne2 55... Kd5 56. Kd3 56... Kc5 57.
Kc3 57... b4 58. Kd3 58... Kd5 59. Nd4 59... h6 60. Nc2 60... a5 61.
Nd4 61... Ke5 62. Nc6",1. 0:03:00 1... 0:03:00 2. 0:03:00 2... 0:03:01 3. 0:03:02 3... 0:03:02 4. 0:03:03 4... 0:03:01 5. 0:03:02 5... 0:02:59 6. 0:03:02 6... 0:02:59 7. 0:03:01 7... 0:02:58 8. 0:03:01 8... 0:03:00 9. 0:03:03 9... 0:03:01 10. 0:03:02 10... 0:03:02 11. 0:02:58 11... 0:02:57 12. 0:02:59 12... 0:02:59 13. 0:02:52 13... 0:03:00 14. 0:02:37 14... 0:03:01 15. 0:02:39 15... 0:02:55 16. 0:02:37 16... 0:02:55 17. 0:02:31 17... 0:02:56 18. 0:02:16 18... 0:02:50 19. 0:01:58 19... 0:02:45 20. 0:01:59 20... 0:02:20 21. 0:01:43 21... 0:02:21 22. 0:01:25 22... 0:02:14 23. 0:01:02 23... 0:01:57 24. 0:00:54 24... 0:01:23 25. 0:00:47 25... 0:01:05 26. 0:00:41 26... 0:01:02 27. 0:00:40 27... 0:00:53 28. 0:00:29 28... 0:00:30 29. 0:00:27 29... 0:00:26 30. 0:00:25 30... 0:00:16 31. 0:00:24 31... 0:00:16 32. 0:00:24 32... 0:00:18 33. 0:00:23 33... 0:00:19 34. 0:00:19 34... 0:00:12 35. 0:00:19 35... 0:00:09 36. 0:00:19 36... 0:00:11 37. 0:00:21 37... 0:00:12 38. 0:00:13 38... 0:00:11 39. 0:00:14 39... 0:00:13 40. 0:00:14 40... 0:00:09 41. 0:00:13 41... 0:00:09 42. 0:00:11 42... 0:00:05 43. 0:00:07 43... 0:00:05 44. 0:00:05 44... 0:00:04 45. 0:00:07 45... 0:00:05 46. 0:00:06 46... 0:00:05 47. 0:00:06 47... 0:00:05 48. 0:00:08 48... 0:00:07 49. 0:00:09 49... 0:00:08 50. 0:00:10 50... 0:00:10 51. 0:00:10 51... 0:00:10 52. 0:00:10 52... 0:00:12 53. 0:00:11 53... 0:00:12 54. 0:00:11 54... 0:00:14 55. 0:00:12 55... 0:00:15 56. 0:00:12 56... 0:00:16 57. 0:00:11 57... 0:00:16 58. 0:00:11 58... 0:00:15 59. 0:00:12 59... 0:00:14 60. 0:00:13 60... 0:00:15 61. 0:00:13 61... 0:00:13 62. 0:00:12,
Rated Blitz game,https://lichess.org/3F7yvjOW,2024.08.01,-,timeandtide,Stefan22F,0-1,2024.08.01,00:04:47,1527,1508,,,C00,French Defense: Knight Variation,180+2,Time forfeit,"1. e4 1... e6 2. Nf3 2... d5 3. exd5 3... exd5 4. d4 4... c6 5. Nc3 5... f5 6. Bd3 6...
Nf6 7. O-O 7... Bd6 8.
Bg5 8... O-O 9. h3 9... h6 10. Bh4 10... Nbd7 11. Nh2 11... Qc7 12.
g3 12... Ne4 13. Nxe4 13... fxe4 14. f4 14... exd3 15. Qxd3 15... Nf6 16.
Nf3 16... Bxh3 17. Rf2 17... Ne4 18. Rh2 18... Bg4 19. Ne5 19... Bxe5 20.
dxe5 20... Qb6 21. Kf1 21... Bh3 22. Ke2 22... Bg4 23. Kf1 23... Qb5 24. Qxb5 24... cxb5 25. Ke1 25... Rac8 26. c3 26... g5 27. fxg5 27... hxg5 28. Bxg5 28... Nxg5 29. Kd2 29... Ne4 30.
Ke3 30... Rf3 31. Kd4 31... Rf2 32. Rh4 32... Bf3 33. Ke3 33... Rf8 34.
Rf4 34... Rxf4 35. gxf4 35... Bh5 36. Rg1 36... Kf7 37. f5 37... Rxf5 38. c4 38... bxc4 39.
Kd4 39... Ke6 40. b4 40... Rxe5 41. Rg8 41... Kf7 42. Rb8 42... Re7 43.
Kxd5 43... Nf6 44. Kxc4 44... Be2 45. Kc3 45... Nd5 46. Kd2 46... Nxb4",1. 0:03:00 1... 0:03:00 2. 0:03:00 2... 0:03:00 3. 0:03:01 3... 0:03:02 4. 0:03:02 4... 0:03:04 5. 0:03:03 5... 0:03:05 6. 0:03:03 6... 0:03:06 7. 0:03:04 7... 0:03:07 8. 0:03:05 8... 0:03:08 9. 0:02:59 9... 0:03:09 10. 0:02:58 10... 0:03:09 11. 0:02:58 11... 0:03:10 12. 0:02:51 12... 0:03:10 13. 0:02:33 13... 0:03:12 14. 0:02:21 14... 0:02:51 15. 0:02:13 15... 0:02:43 16. 0:01:56 16... 0:02:40 17. 0:01:55 17... 0:02:37 18. 0:01:52 18... 0:02:37 19. 0:01:51 19... 0:02:11 20. 0:01:53 20... 0:02:04 21. 0:01:42 21... 0:01:50 22. 0:01:22 22... 0:01:46 23. 0:01:23 23... 0:01:22 24. 0:01:22 24... 0:01:24 25. 0:01:15 25... 0:01:20 26. 0:01:15 26... 0:01:11 27. 0:01:12 27... 0:01:13 28. 0:00:57 28... 0:01:14 29. 0:00:56 29... 0:01:15 30. 0:00:57 30... 0:01:14 31. 0:00:56 31... 0:01:10 32. 0:00:49 32... 0:00:43 33. 0:00:36 33... 0:00:31 34. 0:00:23 34... 0:00:13 35. 0:00:25 35... 0:00:12 36. 0:00:12 36... 0:00:11 37. 0:00:11 37... 0:00:10 38. 0:00:10 38... 0:00:11 39. 0:00:09 39... 0:00:10 40. 0:00:09 40... 0:00:09 41. 0:00:08 41... 0:00:08 42. 0:00:07 42... 0:00:09 43. 0:00:06 43... 0:00:09 44. 0:00:06 44... 0:00:09 45. 0:00:06 45... 0:00:08 46. 0:00:07 46... 0:00:07,
Rated Blitz game,https://lichess.org/U2EjNJJx,2024.08.01,-,drserdar33,nuclear_coffee,0-1,2024.08.01,00:04:47,1363,1403,,,C42,Russian Game: Millennium Attack,180+2,Normal,"1. e4 1... e5 2. Nf3 2... Nf6 3. Nxe5 3... d6 4. Nf3 4... Nxe4 5.
Bd3 5... Nf6 6. O-O 6... Bg4 7. Re1 7... Be7 8. Qe2 8... Nc6 9. Bb5 9... Bd7 10. Bxc6 10... Bxc6 11. d3 11... Qd7 12. Nc3 12... O-O-O 13. Qxe7 13... Qxe7 14. Rxe7 14... Rhe8 15. Rxe8 15... Rxe8 16. Be3 16... Nd5 17. Nxd5 17... Bxd5 18. c4 18... Bc6 19. Re1 19... h6 20. h3 20...
g5 21. Kh2 21... f5 22. Bd2 22... Kd7 23. Rxe8 23... Kxe8 24. g4 24... Bxf3 25. gxf5 25... Kf7 26. Kg3 26... Be2 27.
Ba5 27... b6 28. Bc3 28... Bxd3 29. b3 29... Bxf5 30. f4 30... gxf4 31.
Kxf4 31... Bxh3 32. Ke4 32... Ke6 33. Kf4 33... Bf1 34. Kg4 34... Be2 35. Kh4 35... h5 36.
a3 36... c6 37. Bh8 37... a6 38. Bc3 38... b5 39. cxb5 39... axb5 40. Ba5 40... Bd1 41. b4 41... Kd5 42. Bc7 42... c5 43. bxc5 43... dxc5 44. Bg3 44... b4 45.
axb4 45... cxb4 46. Be1 46... b3 47. Bc3 47...
Kc4 48. Bb2 48... Kd3 49. Kg3 49... Kc2 50. Bg7 50... b2 51. Bxb2 51... Kxb2 52. Kh4 52... Kc3 53. Kh3 53... Kd4 54.
Kh4 54... Ke5 55. Kh3 55... Kf5 56. Kh4 56... Kg6 57. Kh3 57... Kg5 58.
Kh2 58... Kg4 59. Kh1 59... Kg3 60. Kg1 60... Bf3 61. Kf1 61... h4 62.
Kg1 62... h3",1. 0:03:00 1... 0:03:00 2. 0:03:01 2... 0:03:02 3. 0:03:01 3... 0:03:03 4. 0:03:01 4... 0:03:04 5. 0:03:01 5... 0:03:05 6. 0:03:02 6... 0:03:05 7. 0:03:03 7... 0:03:06 8. 0:03:03 8... 0:03:05 9. 0:03:03 9... 0:03:00 10. 0:03:03 10... 0:03:00 11. 0:03:00 11... 0:03:01 12. 0:02:57 12... 0:03:00 13. 0:02:56 13... 0:03:01 14. 0:02:57 14... 0:03:03 15. 0:02:58 15... 0:03:05 16. 0:02:58 16... 0:03:05 17. 0:02:58 17... 0:03:07 18. 0:02:55 18... 0:03:07 19. 0:02:53 19... 0:03:05 20. 0:02:54 20... 0:03:06 21. 0:02:55 21... 0:03:07 22. 0:02:53 22... 0:03:05 23. 0:02:54 23... 0:03:06 24. 0:02:47 24... 0:03:05 25. 0:02:46 25... 0:03:06 26. 0:02:46 26... 0:03:05 27. 0:02:40 27... 0:03:05 28. 0:02:35 28... 0:03:05 29. 0:02:36 29... 0:03:05 30. 0:02:37 30... 0:03:04 31. 0:02:39 31... 0:03:06 32. 0:02:37 32... 0:03:06 33. 0:02:33 33... 0:03:03 34. 0:02:33 34... 0:03:02 35. 0:02:32 35... 0:03:03 36. 0:02:27 36... 0:03:04 37. 0:02:26 37... 0:03:03 38. 0:02:23 38... 0:03:01 39. 0:02:24 39... 0:03:03 40. 0:02:24 40... 0:03:00 41. 0:02:24 41... 0:03:00 42. 0:02:20 42... 0:03:00 43. 0:02:20 43... 0:03:02 44. 0:02:19 44... 0:03:02 45. 0:02:16 45... 0:03:03 46. 0:02:16 46... 0:03:04 47. 0:02:17 47... 0:03:05 48. 0:02:18 48... 0:03:06 49. 0:02:16 49... 0:03:07 50. 0:02:17 50... 0:03:09 51. 0:02:18 51... 0:03:11 52. 0:02:19 52... 0:03:12 53. 0:02:20 53... 0:03:14 54. 0:02:22 54... 0:03:15 55. 0:02:23 55... 0:03:12 56. 0:02:21 56... 0:03:13 57. 0:02:22 57... 0:03:15 58. 0:02:23 58... 0:03:16 59. 0:02:24 59... 0:03:17 60. 0:02:25 60... 0:03:17 61. 0:02:26 61... 0:03:16 62. 0:02:27 62... 0:03:17,
Rated Blitz game,https://lichess.org/vZ2JnpGB,2024.08.01,-,nkad801,yMo23,1-0,2024.08.01,00:04:47,2229,2211,,,E05,"Catalan Opening: Open Defense, Classical Line",180+2,Time forfeit,"1. d4 1... d5 2. Nf3 2... Nf6 3. c4 3... e6 4. g3 4... Be7 5. Bg2 5... O-O 6. O-O 6... dxc4 7. Qc2 7... c6 8. Qxc4 8... b5 9. Qc2 9...
Bb7 10. Rd1 10... Nbd7 11. a4 11... Qb6 12. a5 12... Qc7 13. a6 13...
Bc8 14. Bf4 14... Bd6 15. Bxd6 15... Qxd6 16. e4 16... Qc7 17. e5 17...
Nd5 18. Ng5 18... g6 19. Ne4 19... Qb6 20. Nbc3 20... Bxa6 21. Nxd5 21... cxd5 22. Nf6 22... Nxf6 23. exf6 23... Rac8 24. Qd2 24... Kh8 25. Qh6 25... Rg8 26. Rd3 26... b4 27. Rf3 27... Be2 28. Rf4 28... Qd8 29.
f3 29... Qf8 30. Qxf8 30... Rgxf8 31. Rxa7 31... Rc1 32. Kf2 32... Rc2 33.
Ke3 33... Bc4 34. Bh3 34... Rxh2 35. Bxe6 35... fxe6 36. Rb7 36... Rxb2 37.
Rh4 37... h5 38. g4 38... Rb3 39. Kf4 39... Be2 40. gxh5 40... Rxf3 41. Ke5 41... Rf5 42. Kxe6 42... Rxh5 43. Rf4 43... Bg4 44. Ke7 44... Ra8 45. f7",1. 0:03:00 1... 0:03:00 2. 0:02:59 2... 0:03:01 3. 0:03:00 3... 0:03:01 4. 0:02:59 4... 0:03:03 5. 0:02:59 5... 0:03:04 6. 0:03:00 6... 0:03:06 7. 0:02:57 7... 0:03:07 8. 0:02:55 8... 0:03:09 9. 0:02:54 9... 0:03:10 10. 0:02:51 10... 0:03:09 11. 0:02:49 11... 0:02:51 12. 0:02:48 12... 0:02:38 13. 0:02:48 13... 0:02:36 14. 0:02:49 14... 0:02:36 15. 0:02:25 15... 0:02:38 16. 0:02:26 16... 0:02:09 17. 0:01:52 17... 0:02:09 18. 0:01:53 18... 0:02:05 19. 0:01:53 19... 0:01:55 20. 0:01:29 20... 0:01:50 21. 0:01:27 21... 0:01:52 22. 0:01:28 22... 0:01:52 23. 0:01:29 23... 0:00:39 24. 0:01:27 24... 0:00:29 25. 0:01:27 25... 0:00:30 26. 0:01:22 26... 0:00:27 27. 0:01:19 27... 0:00:15 28. 0:01:14 28... 0:00:07 29. 0:01:10 29... 0:00:07 30. 0:00:41 30... 0:00:08 31. 0:00:42 31... 0:00:09 32. 0:00:42 32... 0:00:05 33. 0:00:39 33... 0:00:05 34. 0:00:34 34... 0:00:05 35. 0:00:34 35... 0:00:05 36. 0:00:30 36... 0:00:05 37. 0:00:30 37... 0:00:06 38. 0:00:30 38... 0:00:06 39. 0:00:29 39... 0:00:06 40. 0:00:26 40... 0:00:07 41. 0:00:27 41... 0:00:07 42. 0:00:25 42... 0:00:08 43. 0:00:23 43... 0:00:07 44. 0:00:23 44... 0:00:04 45. 0:00:21,
Rated Blitz game,https://lichess.org/yBSZBzs3,2024.08.01,-,Allahveren_17,malikmouhamed,0-1,2024.08.01,00:04:47,1704,1705,,,B52,"Sicilian Defense: Moscow Variation, Main Line",180+2,Normal,"1. e4 1... c5 2. Nf3 2... d6 3. Bb5 3... Bd7 4. Bxd7 4... Nxd7 5.
O-O 5... g6 6. c3 6...
Bg7 7. d4 7... cxd4 8.
cxd4 8... Ngf6 9. Bg5 9... O-O 10. Nc3 10... e5 11. d5 11... Nc5 12.
Qd2 12... Ncxe4 13. Nxe4 13... Nxe4 14. Bxd8 14... Nxd2 15. Nxd2 15... Rfxd8 16. f4 16... exf4 17.
Rab1 17... Bd4 18. Kh1 18... Be3 19. Ne4 19... Kg7 20. Rbe1 20... f5 21. Nc3 21... Re8 22.
Nb5 22... Red8 23. g3 23... a6 24. gxf4 24... axb5 25. Rxe3 25... Rxa2 26. Rb3 26... Ra5 27. Re1 27... Rd7 28. Re6 28... b4 29. Rxb4 29... Rxd5 30. Re3 30... Kf6 31.
Reb3 31... Rd1 32. Kg2 32... h5 33. Rxb7 33... Rxb7 34. Rxb7 34... d5 35. b4 35... d4 36. b5 36... d3 37. b6 37...
d2 38. Rd7 38... Rb1 39. b7 39... Rxb7 40. Rxd2 40... Rb4 41. Rf2 41... g5 42. fxg5 42... Kxg5 43. h3 43... h4 44.
Rf3 44... Rf4 45. Rd3 45... Re4 46. Kf3 46... Re1 47. Rd8 47... Rf1 48.
Ke2 48... Rh1 49. Rg8 49... Kf4 50. Rc8 50... Rxh3 51. Rc4 51... Kg3 52.
Rc3 52... Kg2 53. Rxh3 53... Kxh3 54. Kf3 54... Kh2 55. Kf4 55... Kg2 56. Kxf5 56... h3 57.
Kf4 57... h2 58. Ke3 58... h1=Q 59. Kd4 59... Qe1 60. Kd3 60... Qf2 61.
Kc3 61... Qe2 62. Kd4 62... Qf3 63. Ke5 63... Qg4 64. Kd5 64... Qf4 65.
Ke6 65... Qg5 66. Kd6 66... Qf5 67. Kc6 67... Qe5 68. Kd7 68... Qf6 69.
Kc7 69... Qe6",1. 0:03:00 1... 0:03:00 2. 0:03:01 2... 0:03:01 3. 0:03:01 3... 0:02:59 4. 0:03:01 4... 0:03:01 5. 0:03:02 5... 0:03:01 6. 0:03:04 6... 0:02:56 7. 0:03:05 7... 0:02:57 8. 0:03:06 8... 0:02:56 9. 0:03:04 9... 0:02:54 10. 0:03:05 10... 0:02:54 11. 0:02:56 11... 0:02:50 12. 0:02:52 12... 0:02:45 13. 0:02:52 13... 0:02:47 14. 0:02:51 14... 0:02:47 15. 0:02:49 15... 0:02:46 16. 0:02:44 16... 0:02:41 17. 0:02:43 17... 0:02:35 18. 0:02:42 18... 0:02:36 19. 0:02:35 19... 0:02:33 20. 0:02:17 20... 0:02:27 21. 0:02:12 21... 0:02:25 22. 0:02:09 22... 0:01:46 23. 0:02:05 23... 0:01:22 24. 0:01:59 24... 0:01:06 25. 0:01:59 25... 0:01:05 26. 0:02:00 26... 0:01:00 27. 0:01:55 27... 0:01:01 28. 0:01:54 28... 0:01:01 29. 0:01:54 29... 0:01:01 30. 0:01:47 30... 0:00:55 31. 0:01:46 31... 0:00:52 32. 0:01:46 32... 0:00:43 33. 0:01:40 33... 0:00:43 34. 0:01:42 34... 0:00:42 35. 0:01:39 35... 0:00:41 36. 0:01:36 36... 0:00:40 37. 0:01:37 37... 0:00:37 38. 0:01:36 38... 0:00:25 39. 0:01:36 39... 0:00:23 40. 0:01:36 40... 0:00:23 41. 0:01:37 41... 0:00:23 42. 0:01:37 42... 0:00:24 43. 0:01:37 43... 0:00:24 44. 0:01:37 44... 0:00:25 45. 0:01:35 45... 0:00:25 46. 0:01:35 46... 0:00:24 47. 0:01:35 47... 0:00:24 48. 0:01:35 48... 0:00:25 49. 0:01:34 49... 0:00:25 50. 0:01:22 50... 0:00:18 51. 0:01:23 51... 0:00:18 52. 0:01:23 52... 0:00:19 53. 0:01:22 53... 0:00:20 54. 0:01:24 54... 0:00:21 55. 0:01:22 55... 0:00:21 56. 0:01:22 56... 0:00:23 57. 0:01:24 57... 0:00:24 58. 0:01:26 58... 0:00:23 59. 0:01:28 59... 0:00:22 60. 0:01:28 60... 0:00:22 61. 0:01:28 61... 0:00:23 62. 0:01:29 62... 0:00:24 63. 0:01:29 63... 0:00:25 64. 0:01:30 64... 0:00:26 65. 0:01:30 65... 0:00:27 66. 0:01:31 66... 0:00:29 67. 0:01:32 67... 0:00:30 68. 0:01:33 68... 0:00:31 69. 0:01:33 69... 0:00:32,
Rated Blitz game,https://lichess.org/LsLkMgYZ,2024.08.01,-,MostNoobIndian,patricerb,0-1,2024.08.01,00:04:47,1124,1108,,,B12,"Caro-Kann Defense: Advance Variation, Bayonet Attack",180+2,Normal,1. e4 1... c6 2. d4 2... d5 3. e5 3... Bf5 4. g4 4... Bg6 5. f4 5... h5 6. f5 6... Bh7 7. Nf3 7... hxg4 8. Nfd2 8... Bxf5,1. 0:03:00 1... 0:03:00 2. 0:03:00 2... 0:03:02 3. 0:03:01 3... 0:02:54 4. 0:03:01 4... 0:02:53 5. 0:02:50 5... 0:02:49 6. 0:02:51 6... 0:02:47 7. 0:02:43 7... 0:02:44 8. 0:02:36 8... 0:02:42,
Rated Blitz game,https://lichess.org/wkaUwJOz,2024.08.01,-,paupin,GiorgiSU,1-0,2024.08.01,00:04:47,2268,2247,,,A57,Benko Gambit Accepted: Dlugy Variation,180+2,Normal,"1. d4 1... Nf6 2. c4 2... c5 3. d5 3... b5 4. cxb5 4... a6 5. f3 5... g6 6. e4 6... d6 7. Na3 7... Bg7 8. Ne2 8... O-O 9. Nc3 9... e6 10. Bg5 10... h6 11.
Bh4 11... g5 12. Bf2 12... exd5 13. exd5 13... Re8 14. Be2 14... axb5 15.
Naxb5 15... Ba6 16. O-O 16... Qb6 17. a4 17...
Nbd7 18. Rb1 18... Nh5 19. b4 19... Nf4 20. bxc5 20... Nxc5 21. Bc4 21... Qd8 22. Qc2 22... Rc8 23. Rfe1 23... Rxe1 24. Rxe1 24... Ncd3 25. Bxd3 25... Bxb5 26. Bxb5 26... Rxc3 27. Qxc3 27... Bxc3 28. Re8 28... Qxe8 29. Bxe8 29... Nxd5 30. Kf1 30... Kf8 31. Bb5 31... Ke7 32. Ke2 32... Ba5 33. g3 33... Nc3 34.
Kd3 34... Nxb5 35. axb5 35... Kd7 36. Kc4 36... f5 37. Kd5 37... h5 38. Be3 38... g4 39.
fxg4 39... fxg4 40. Bf4 40... Bb4 41. Be3 41... Kc7 42. Ke6 42... Bc5 43. Bxc5 43... dxc5 44. Kd5 44... Kb6 45. Kc4 45... Kb7 46. Kxc5 46... Kc7 47. Kd5 47... Kb6 48. Ke5 48... Kxb5 49.
Kf5 49... h4 50. gxh4 50... Kc6 51. h5 51... Kd7 52. Kf6 52... Ke8 53.
Kg7",1. 0:03:00 1... 0:03:00 2. 0:03:00 2... 0:02:42 3. 0:03:00 3... 0:02:44 4. 0:03:02 4... 0:02:45 5. 0:03:04 5... 0:02:46 6. 0:03:05 6... 0:02:47 7. 0:03:04 7... 0:02:45 8. 0:03:06 8... 0:02:38 9. 0:03:06 9... 0:02:36 10. 0:02:51 10... 0:02:34 11. 0:02:52 11... 0:02:34 12. 0:02:48 12... 0:02:35 13. 0:02:33 13... 0:02:35 14. 0:02:34 14... 0:02:31 15. 0:02:34 15... 0:02:24 16. 0:02:34 16... 0:02:07 17. 0:02:29 17... 0:02:02 18. 0:02:11 18... 0:01:51 19. 0:01:55 19... 0:01:49 20. 0:01:50 20... 0:01:44 21. 0:01:37 21... 0:01:38 22. 0:00:32 22... 0:01:28 23. 0:00:29 23... 0:01:25 24. 0:00:29 24... 0:01:11 25. 0:00:27 25... 0:01:12 26. 0:00:25 26... 0:01:12 27. 0:00:19 27... 0:01:12 28. 0:00:21 28... 0:01:13 29. 0:00:21 29... 0:01:12 30. 0:00:19 30... 0:01:11 31. 0:00:15 31... 0:01:10 32. 0:00:14 32... 0:01:04 33. 0:00:10 33... 0:01:03 34. 0:00:11 34... 0:01:04 35. 0:00:13 35... 0:01:06 36. 0:00:12 36... 0:00:44 37. 0:00:13 37... 0:00:38 38. 0:00:07 38... 0:00:35 39. 0:00:08 39... 0:00:35 40. 0:00:07 40... 0:00:28 41. 0:00:06 41... 0:00:23 42. 0:00:06 42... 0:00:23 43. 0:00:04 43... 0:00:25 44. 0:00:05 44... 0:00:23 45. 0:00:06 45... 0:00:21 46. 0:00:08 46... 0:00:22 47. 0:00:07 47... 0:00:22 48. 0:00:09 48... 0:00:23 49. 0:00:10 49... 0:00:24 50. 0:00:11 50... 0:00:24 51. 0:00:12 51... 0:00:25 52. 0:00:11 52... 0:00:26 53. 0:00:13,
Rated Blitz tournament https://lichess.org/tournament/PidyXPyn,https://lichess.org/Dqbr08zS,2024.08.01,-,REyAnsHg09,Yudesh,0-1,2024.08.01,00:04:48,1597,1622,,,D02,Queen's Pawn Game: Krause Variation,180+2,Normal,"1. d4 1... d5 2. Nf3 2... c5 3. c3 3... Nf6 4. e3 4... Nc6 5. Bd3 5... c4 6. Bc2 6... e6 7. Nbd2 7... Be7 8. e4 8... O-O 9. e5 9... Nd7 10. O-O 10... f6 11.
Re1 11... fxe5 12. dxe5 12... Bc5 13. Nf1 13... Ncxe5 14. Be3 14... Nxf3 15. gxf3 15... Bxe3 16. Nxe3 16... Ne5 17. f4 17... Rxf4 18. Ng2 18... Nf3 19. Kf1 19... Nxe1 20. Nxf4 20... Nxc2 21. Qxc2 21... Qh4 22. Ng2 22... Qxh2 23. f3 23... Qh1 24. Kf2 24... Qxa1",1. 0:03:00 1... 0:03:00 2. 0:03:02 2... 0:03:00 3. 0:03:03 3... 0:02:59 4. 0:03:04 4... 0:02:59 5. 0:03:04 5... 0:03:00 6. 0:03:05 6... 0:02:54 7. 0:03:05 7... 0:02:52 8. 0:03:01 8... 0:02:44 9. 0:03:01 9... 0:02:44 10. 0:02:58 10... 0:02:43 11. 0:02:50 11... 0:02:43 12. 0:02:45 12... 0:02:43 13. 0:02:28 13... 0:02:35 14. 0:02:09 14... 0:02:35 15. 0:02:08 15... 0:02:36 16. 0:02:08 16... 0:02:35 17. 0:00:57 17... 0:02:24 18. 0:00:55 18... 0:02:23 19. 0:00:53 19... 0:02:15 20. 0:00:51 20... 0:02:15 21. 0:00:50 21... 0:02:14 22. 0:00:42 22... 0:02:12 23. 0:00:34 23... 0:02:12 24. 0:00:29 24... 0:02:12,
Rated Blitz tournament https://lichess.org/tournament/PidyXPyn,https://lichess.org/g3KYxYn9,2024.08.01,-,tarun6,AdrianTheChessManiac,1-0,2024.08.01,00:04:48,1547,1330,,,C26,"Bishop's Opening: Vienna Hybrid, Spielmann Attack",180+2,Normal,"1. e4 1... e5 2. Nc3 2... Nf6 3. Bc4 3... Bc5 4. d3 4... d6 5. f4 5... Nc6 6. f5 6... a6 7.
Bg5 7... b5 8.
Bb3 8... h6 9.
Bh4 9... Bd7 10. Nd5 10...
g5 11. fxg6 11... O-O 12. Nxf6 12... Kg7 13.
gxf7 13... Rxf7 14. Bxf7 14... Kxf7 15. Qh5 15...
Ke6 16. Qf5 16... Kf7 17. Nxd7 17... Ke8 18.
Bxd8 18... Rxd8 19. Nf6 19... Ke7 20. Nd5 20... Ke8 21. Nxc7 21... Ke7 22. Qg6 22...
Nd4 23. Qg7",1. 0:03:00 0. 0:03:00 1... 0:03:01 0. 0:03:00 2. 0:03:02 0. 0:03:01 2... 0:03:02 0. 0:03:01 3. 0:02:59 0. 0:03:00 3... 0:02:49 0. 0:02:54 4. 0:02:49 0. 0:02:54 4... 0:02:49 0. 0:02:47 5. 0:02:49 0. 0:02:43 5... 0:02:42 0. 0:02:40 6. 0:02:38 0. 0:02:06 6... 0:02:24 0. 0:02:04 7. 0:01:58 0. 0:01:37 7... 0:01:56 0. 0:01:35 8. 0:01:57 0. 0:01:34 8... 0:01:52 0. 0:01:33 9. 0:01:47 0. 0:01:29 9... 0:01:43 1. 0:01:31 10. 0:01:41 1. 0:01:17 10... 0:01:39 3. 0:01:17 11. 0:01:36 3. 0:01:16 11... 0:01:23 5. 0:01:07 12. 0:01:21,
Rated Blitz game,https://lichess.org/t6VGcNOT,2024.08.01,-,april21082108,msnbehdani,0-1,2024.08.01,00:04:48,1760,1613,,,A22,"English Opening: King's English Variation, Two Knights Variation, Reversed Dragon",180+2,Normal,"1. c4 1... e5 2. Nc3 2... Nf6 3. g3 3... d5 4. Bg2 4... e4 5. cxd5 5... Nxd5 6. e3 6... Nxc3 7. bxc3 7... Bf5 8.
Ne2 8... Qd3 9. O-O 9... Bg4 10. Re1 10... Bf3 11. Bxf3 11... exf3 12. Nf4 12... Qe4 13. d3 13... Qc6 14. Bb2 14... Bd6 15. e4 15... O-O 16. Qxf3 16... Nd7 17.
d4 17... Nf6 18. Nd5 18... Nxd5 19. exd5 19... Qb5 20. Rab1 20... Rfe8 21. Ba1 21... Rxe1 22. Rxe1 22... Qc4 23. Qe2 23... Qxd5 24. c4 24... Qg5 25. c5 25... Bf8 26.
Qb5 26... b6 27. cxb6 27... Qxb5",1. 0:03:00 1... 0:03:00 2. 0:03:01 2... 0:03:00 3. 0:03:02 3... 0:03:00 4. 0:03:03 4... 0:02:59 5. 0:03:03 5... 0:03:00 6. 0:03:03 6... 0:03:01 7. 0:03:03 7... 0:03:01 8. 0:03:04 8... 0:02:57 9. 0:03:00 9... 0:02:51 10. 0:03:01 10... 0:02:48 11. 0:02:58 11... 0:02:49 12. 0:02:59 12... 0:02:46 13. 0:02:57 13... 0:02:42 14. 0:02:51 14... 0:02:37 15. 0:02:45 15... 0:02:36 16. 0:02:45 16... 0:02:29 17. 0:02:45 17... 0:02:13 18. 0:02:39 18... 0:02:08 19. 0:02:40 19... 0:02:06 20. 0:02:40 20... 0:01:54 21. 0:02:26 21... 0:01:51 22. 0:02:24 22... 0:01:46 23. 0:02:25 23... 0:01:44 24. 0:02:20 24... 0:01:34 25. 0:02:16 25... 0:01:31 26. 0:02:12 26... 0:01:28 27. 0:02:05 27... 0:01:28,
Rated Blitz game,https://lichess.org/QEW1IQxK,2024.08.01,-,Lucarda,juank38,0-1,2024.08.01,00:04:50,1295,1221,,,C46,Three Knights Opening,180+2,Time forfeit,"1. e4 1... e5 2. Nf3 2... Nc6 3. Nc3 3... Bc5 4. Bc4 4... h6 5. d3 5... Nf6 6. h3 6... d6 7. Be3 7... Bxe3 8.
fxe3 8... Na5 9. O-O 9... Nxc4 10. dxc4 10... c5 11. Nd5 11... Nxd5 12.
exd5 12... a6 13. c3 13... b5 14. cxb5 14... axb5 15. Rf2 15... O-O 16.
Qd3 16... c4 17. Qe4 17... f5 18. Qc2 18... Bb7 19. e4 19... fxe4 20.
Qxe4 20... Rf4 21. Qg6 21... Bxd5 22. Rd1 22... Bxf3 23. Rxf3 23... Rxf3 24. gxf3 24... Ra6 25. Kh2 25... Rb6 26. a3 26...
d5 27. Qc2 27... Rd6 28. b3 28... Qg5 29. Qg2 29... Qf4 30. Qg3 30... Qxg3 31. Kxg3 31... d4 32. bxc4 32... bxc4 33. cxd4 33... exd4 34. a4 34... c3 35. a5 35...
d3 36. a6 36... Rxa6 37. Rxd3 37... c2 38. Rc3 38... Ra2 39. Kh4 39... g6 40. Kg4 40... Kf7 41. Kf4 41... Ke6 42.
Re3 42... Kd5 43. Re5 43... Kc4 44. Re1 44... Kc3 45. Ke5 45... Rb2 46. Re3 46... Kd2",1. 0:03:00 1... 0:03:00 2. 0:02:58 2... 0:03:01 3. 0:02:59 3... 0:03:01 4. 0:02:57 4... 0:03:00 5. 0:02:56 5... 0:03:01 6. 0:02:57 6... 0:03:01 7. 0:02:53 7... 0:02:58 8. 0:02:53 8... 0:02:56 9. 0:02:54 9... 0:02:56 10. 0:02:55 10... 0:02:56 11. 0:02:54 11... 0:02:57 12. 0:02:55 12... 0:02:56 13. 0:02:52 13... 0:02:57 14. 0:02:44 14... 0:02:58 15. 0:02:39 15... 0:02:55 16. 0:02:37 16... 0:02:55 17. 0:02:32 17... 0:02:55 18. 0:02:28 18... 0:02:56 19. 0:02:26 19... 0:02:57 20. 0:02:26 20... 0:02:53 21. 0:02:04 21... 0:02:49 22. 0:02:03 22... 0:02:46 23. 0:01:56 23... 0:02:45 24. 0:01:56 24... 0:02:42 25. 0:01:47 25... 0:02:30 26. 0:01:48 26... 0:02:31 27. 0:01:39 27... 0:02:21 28. 0:01:39 28... 0:02:20 29. 0:00:39 29... 0:02:15 30. 0:00:39 30... 0:02:06 31. 0:00:30 31... 0:02:07 32. 0:00:26 32... 0:02:07 33. 0:00:27 33... 0:02:08 34. 0:00:25 34... 0:02:08 35. 0:00:25 35... 0:02:07 36. 0:00:26 36... 0:02:06 37. 0:00:27 37... 0:02:02 38. 0:00:27 38... 0:02:02 39. 0:00:28 39... 0:02:02 40. 0:00:28 40... 0:01:58 41. 0:00:23 41... 0:01:59 42. 0:00:23 42... 0:02:00 43. 0:00:22 43... 0:02:01 44. 0:00:16 44... 0:01:59 45. 0:00:17 45... 0:01:56 46. 0:00:17 46... 0:01:57,
Rated Blitz game,https://lichess.org/aN1fJgup,2024.08.01,-,junior68,rga82,1-0,2024.08.01,00:05:20,1049,979,,,C46,Three Knights Opening,180+2,Time forfeit,"1. e4 1... e5 2. Nf3 2... Nc6 3. Nc3 3... Bc5 4. Nxe5 4... Nxe5 5.
d4 5... Bb4 6. dxe5 6... Qe7 7. Qd4 7... Bc5 8. Nd5 8... d6 9. Nxe7 9... Bxd4 10. Nxg8 10... Rxg8 11. exd6 11... cxd6 12. Bc4 12... Bd7 13.
O-O 13... O-O-O 14. Bf4 14... Bxb2 15. Rab1 15... Be5 16. Bxe5 16... dxe5 17. Bxf7 17... Rgf8 18. Bd5 18... Kb8 19. f3 19... b6 20. c4 20...
Ba4 21. c5 21... Bc2 22. Rb4 22... Bd3 23. cxb6 23... Bxf1 24. Kxf1 24... axb6 25. Rxb6 25... Kc7 26. Rc6 26... Kb7 27.
a4 27... Ka7 28. Kf2 28... Rb8 29. Kg3 29... Rb2 30. Rc7 30... Kb6 31.
Rxg7 31... Ka5 32. Rg5 32... Kxa4 33. Rxe5 33... Rfb8 34. Rh5 34... Rd2 35.
Rxh7 35... Rbb2 36. Bc6 36... Kb4 37. e5",1. 0:03:00 1... 0:03:00 2. 0:03:01 2... 0:03:00 3. 0:03:03 3... 0:03:02 4. 0:03:03 4... 0:03:02 5. 0:03:03 5... 0:03:01 6. 0:03:05 6... 0:02:59 7. 0:03:05 7... 0:02:59 8. 0:02:58 8... 0:02:36 9. 0:02:56 9... 0:02:37 10. 0:02:43 10... 0:02:37 11. 0:02:43 11... 0:02:38 12. 0:02:44 12... 0:02:35 13. 0:02:44 13... 0:02:36 14. 0:02:44 14... 0:02:32 15. 0:02:44 15... 0:02:32 16. 0:02:39 16... 0:02:34 17. 0:02:39 17... 0:02:35 18. 0:02:37 18... 0:02:33 19. 0:02:38 19... 0:02:32 20. 0:02:37 20... 0:02:15 21. 0:02:33 21... 0:02:16 22. 0:02:27 22... 0:02:16 23. 0:02:25 23... 0:02:15 24. 0:02:24 24... 0:02:15 25. 0:02:25 25... 0:02:16 26. 0:02:23 26... 0:02:16 27. 0:02:20 27... 0:02:15 28. 0:02:13 28... 0:02:14 29. 0:02:11 29... 0:02:12 30. 0:02:08 30... 0:02:12 31. 0:01:49 31... 0:02:02 32. 0:01:48 32... 0:02:03 33. 0:01:47 33... 0:02:00 34. 0:01:38 34... 0:01:55 35. 0:01:37 35... 0:01:49 36. 0:01:12 36... 0:01:49 37. 0:01:07,
Rated Blitz game,https://lichess.org/ZDQFHzO4,2024.08.01,-,zezo1984,moskilala,1-0,2024.08.01,00:04:56,1458,1437,,,B32,Sicilian Defense: Löwenthal Variation,180+2,Normal,"1. e4 1... c5 2. Nf3 2... Nc6 3. d4 3... cxd4 4. Nxd4 4... e5 5. Nf5 5... Nb4 6. a3 6...
Nc6 7. Nc3 7... Nb8 8.
Nd6 8... Bxd6 9. Qxd6 9... Nc6 10. Nd5 10... Nf6 11. Nc7 11... Qxc7 12. Qxc7 12... Nxe4 13. Bd3 13... Nc5 14. Bb5 14... Ne6 15. Qd6 15... e4 16. O-O 16... a6 17.
Ba4 17... b5 18. Bb3 18... Ned4 19. Bd5 19... Nxc2 20. Bxc6 20... dxc6 21. Qxc6 21... Ke7 22. Qxc2 22... Be6 23. Qxe4 23... Kf6 24. Bf4 24... Rhc8 25. Be5 25... Ke7 26.
Bxg7 26... h5 27. Qb7 27... Ke8 28. Rfe1 28... Rcb8 29. Rxe6 29... fxe6 30. Qc6 30... Kf7 31. Qd7 31... Kg6 32. Re1 32... Re8 33. Bc3 33... Kf5 34. f3 34... Rad8 35.
Qh7 35... Kg5 36. h4 36... Kxh4 37. Re4 37... Kg5 38. Qg7 38... Kf5 39.
Qf6",1. 0:03:00 1... 0:03:00 2. 0:03:01 2... 0:03:01 3. 0:03:01 3... 0:03:01 4. 0:03:03 4... 0:03:01 5. 0:03:02 5... 0:02:44 6. 0:02:51 6... 0:02:44 7. 0:02:47 7... 0:02:41 8. 0:02:37 8... 0:02:41 9. 0:02:38 9... 0:02:41 10. 0:02:35 10... 0:02:10 11. 0:02:35 11... 0:02:08 12. 0:02:36 12... 0:02:07 13. 0:02:20 13... 0:01:59 14. 0:02:17 14... 0:01:57 15. 0:02:14 15... 0:01:45 16. 0:02:14 16... 0:01:46 17. 0:02:13 17... 0:01:47 18. 0:02:13 18... 0:01:38 19. 0:02:11 19... 0:01:24 20. 0:02:09 20... 0:01:25 21. 0:02:04 21... 0:01:23 22. 0:02:04 22... 0:01:19 23. 0:02:04 23... 0:01:19 24. 0:01:56 24... 0:01:13 25. 0:01:52 25... 0:01:14 26. 0:01:52 26... 0:01:05 27. 0:01:49 27... 0:01:04 28. 0:01:48 28... 0:00:56 29. 0:01:48 29... 0:00:56 30. 0:01:47 30... 0:00:56 31. 0:01:42 31... 0:00:53 32. 0:01:38 32... 0:00:50 33. 0:01:27 33... 0:00:49 34. 0:01:23 34... 0:00:43 35. 0:01:22 35... 0:00:39 36. 0:01:20 36... 0:00:39 37. 0:01:17 37... 0:00:35 38. 0:01:15 38... 0:00:33 39. 0:01:11,
Rated Blitz game,https://lichess.org/ZbouP3iX,2024.08.01,-,spirossss,Noguenrique,1-0,2024.08.01,00:04:56,2160,2173,,,B23,Sicilian Defense: Grand Prix Attack,180+2,Normal,"1. e4 1... c5 2. Nc3 2... Nc6 3. f4 3... d6 4. Bb5 4... Bd7 5. Nf3 5... g6 6. d3 6... Bg7 7. O-O 7... Nf6 8. Bxc6 8... Bxc6 9. a4 9...
O-O 10. Kh1 10... a6 11. a5 11... Qc7 12. Qe1 12... e5 13. fxe5 13... dxe5 14. Qh4 14... Nh5 15. Ne2 15... h6 16.
g4 16... Nf4 17. Nxf4 17... exf4 18. g5 18... h5 19. Bxf4 19... Qe7 20.
Qg3 20... Rfd8 21. Be5 21... c4 22. Bxg7 22... Kxg7 23. Ne5 23... Be8 24.
Rf6 24... cxd3 25. cxd3 25... Rac8 26. Raf1 26... Rc7 27. Qf4 27... Rd4 28. Nxf7 28... Bxf7 29. Rxf7 29... Qxf7 30. Qe5 30... Kh7 31. Rxf7",1. 0:03:00 1... 0:03:00 2. 0:03:01 2... 0:03:00 3. 0:03:02 3... 0:02:56 4. 0:03:01 4... 0:02:55 5. 0:03:01 5... 0:02:55 6. 0:03:02 6... 0:02:55 7. 0:03:03 7... 0:02:56 8. 0:03:03 8... 0:02:55 9. 0:03:03 9... 0:02:50 10. 0:03:03 10... 0:02:42 11. 0:03:03 11... 0:02:10 12. 0:02:59 12... 0:02:03 13. 0:02:47 13... 0:02:02 14. 0:02:43 14... 0:01:37 15. 0:02:13 15... 0:01:20 16. 0:02:08 16... 0:01:17 17. 0:01:50 17... 0:01:15 18. 0:01:48 18... 0:00:56 19. 0:01:47 19... 0:00:54 20. 0:01:23 20... 0:00:51 21. 0:01:11 21... 0:00:40 22. 0:01:04 22... 0:00:39 23. 0:00:54 23... 0:00:35 24. 0:00:40 24... 0:00:21 25. 0:00:42 25... 0:00:10 26. 0:00:42 26... 0:00:09 27. 0:00:19 27... 0:00:05 28. 0:00:17 28... 0:00:06 29. 0:00:13 29... 0:00:06 30. 0:00:15 30... 0:00:06 31. 0:00:14,
Rated Blitz game,https://lichess.org/MQ7Q3yoR,2024.08.01,-,rachford,MatijaVujevic,1-0,2024.08.01,00:04:56,1665,1641,,,C41,Philidor Defense: Exchange Variation,180+2,Time forfeit,"1. e4 1... e5 2. Nf3 2... d6 3. d4 3... exd4 4. Nxd4 4... Nc6 5.
Nc3 5... Nge7 6. Bc4 6... Ne5 7. Bb3 7... a6 8. O-O 8... h6 9. h3 9... c5 10. Nf3 10...
N7g6 11. Nxe5 11... Nxe5 12. f4 12... Nc6 13.
Qe1 13... Be6 14. Nd5 14... Nd4 15. Bc4 15... Nxc2 16. Qc3 16... Nxa1 17.
Be3 17... Bxd5 18. Bxd5 18... Qd7 19. Rxa1 19... b5 20. Bxa8",1. 0:03:00 1... 0:03:00 2. 0:03:01 2... 0:03:01 3. 0:02:57 3... 0:03:02 4. 0:02:55 4... 0:03:04 5. 0:02:55 5... 0:03:04 6. 0:02:53 6... 0:03:01 7. 0:02:45 7... 0:02:58 8. 0:02:45 8... 0:02:52 9. 0:02:37 9... 0:02:37 10. 0:02:32 10... 0:02:34 11. 0:02:29 11... 0:02:35 12. 0:02:31 12... 0:02:31 13. 0:02:14 13... 0:02:27 14. 0:02:06 14... 0:02:20 15. 0:01:56 15... 0:02:19 16. 0:01:44 16... 0:02:18 17. 0:01:44 17... 0:02:16 18. 0:01:39 18... 0:02:08 19. 0:01:37 19... 0:02:07 20. 0:01:36,
Rated Blitz game,https://lichess.org/VO5ynKNk,2024.08.01,-,Raoelpaktjemams,Psola_music,0-1,2024.08.01,00:04:56,1373,1385,,,A40,Queen's Pawn Game: Modern Defense,180+2,Normal,"1. d4 1... g6 2. c4 2... d6 3. Nf3 3... Bg7 4. Nc3 4... Nf6 5. e3 5... Nbd7 6. Bd3 6...
O-O 7. O-O 7... e5 8.
e4 8... exd4 9. Nxd4 9... Ne5 10. Bg5 10... h6 11. Bh4 11... g5 12.
Bg3 12... Nxd3 13. Qxd3 13... c5 14. Nf5 14...
Bxf5 15. exf5 15... Re8 16. Rad1 16... Qe7 17.
Bxd6 17... Rad8 18. Qg3 18... Qd7 19. Bxc5 19... Qc6 20. Rxd8 20... Rxd8 21. Be7 21... Re8 22.
Bxf6 22... Bxf6 23. Qh3 23... Kg7 24. f4 24...
Qc5 25. Kh1 25... Qxc4 26. fxg5 26... Qxf1",1. 0:03:00 1... 0:03:00 2. 0:03:00 2... 0:03:01 3. 0:02:58 3... 0:03:03 4. 0:02:57 4... 0:03:03 5. 0:02:57 5... 0:03:04 6. 0:02:58 6... 0:03:04 7. 0:02:59 7... 0:03:04 8. 0:02:55 8... 0:02:59 9. 0:02:56 9... 0:02:58 10. 0:02:53 10... 0:02:50 11. 0:02:47 11... 0:02:51 12. 0:02:45 12... 0:02:50 13. 0:02:45 13... 0:02:32 14. 0:02:30 14... 0:02:26 15. 0:02:28 15... 0:02:20 16. 0:02:28 16... 0:01:24 17. 0:02:25 17... 0:01:18 18. 0:02:18 18... 0:01:05 19. 0:02:13 19... 0:01:00 20. 0:02:12 20... 0:01:00 21. 0:02:13 21... 0:00:49 22. 0:02:06 22... 0:00:49 23. 0:02:01 23... 0:00:43 24. 0:01:53 24... 0:00:23 25. 0:01:54 25... 0:00:21 26. 0:01:53 26... 0:00:19,
Rated Blitz game,https://lichess.org/Qa6hPHWM,2024.08.01,-,end_game11,mustafadriweesh,0-1,2024.08.01,00:04:56,2041,1974,,,C40,Gunderam Defense,180+2,Normal,"1. e4 1... e5 2. Nf3 2... Qe7 3. Nc3 3... Kd8 4. Bc4 4... Qe8 5. Ng5 5... Nh6 6. d3 6... f6 7. Nf3 7... Nc6 8.
Bxh6 8... gxh6 9. Qd2 9... d6 10. Nd5 10... Bg7 11. Nh4 11... Qh5 12.
g3 12... Nd4 13. c3 13... Nf3 14. Nxf3 14... Qxf3 15. O-O 15... Bh3",1. 0:03:00 1... 0:03:00 2. 0:03:01 2... 0:03:02 3. 0:03:00 3... 0:03:04 4. 0:02:56 4... 0:03:06 5. 0:02:50 5... 0:03:07 6. 0:02:51 6... 0:03:08 7. 0:02:51 7... 0:03:08 8. 0:02:50 8... 0:03:10 9. 0:02:47 9... 0:03:10 10. 0:02:43 10... 0:03:10 11. 0:02:43 11... 0:03:09 12. 0:02:39 12... 0:03:10 13. 0:02:29 13... 0:03:09 14. 0:02:30 14... 0:03:09 15. 0:02:26 15... 0:03:09,
Rated Blitz game,https://lichess.org/H4r2gzen,2024.08.01,-,atthetop90,aalex_pap,1-0,2024.08.01,00:04:56,1471,1476,,,D30,Queen's Gambit Declined,180+2,Normal,"1. d4 1... d5 2. c4 2... e6 3. a3 3... dxc4 4. e3 4... Nf6 5. Bxc4 5... Nc6 6. Qd3 6...
Be7 7. Nf3 7... O-O 8.
Nc3 8... Na5 9. Ba2 9... Nc6 10. Bb1 10... h6 11. e4 11... g6 12. e5 12... Nd5 13. Bxh6 13... Nxc3 14. Bxf8 14... Nxb1 15. Bxe7 15... Qxe7 16. Rxb1 16... Na5 17. b4 17... Nc6 18. O-O",1. 0:03:00 1... 0:03:00 2. 0:03:00 2... 0:02:58 3. 0:03:00 3... 0:02:58 4. 0:02:59 4... 0:02:57 5. 0:02:57 5... 0:02:56 6. 0:02:56 6... 0:02:54 7. 0:02:57 7... 0:02:40 8. 0:02:57 8... 0:02:39 9. 0:02:56 9... 0:02:37 10. 0:02:52 10... 0:02:33 11. 0:02:52 11... 0:02:32 12. 0:02:52 12... 0:02:32 13. 0:02:44 13... 0:02:31 14. 0:02:39 14... 0:02:26 15. 0:02:38 15... 0:02:22 16. 0:02:38 16... 0:02:19 17. 0:02:35 17... 0:02:17 18. 0:02:34,
Rated Blitz game,https://lichess.org/eqpaWW4w,2024.08.01,-,Kuda-Binal,Joop1940,0-1,2024.08.01,00:04:56,2235,2204,,,B06,Rat Defense: Accelerated Gurgenidze,180+2,Normal,"1. e4 1... d6 2. d4 2... g6 3. Nc3 3... c6 4. Nf3 4... b5 5. a3 5... a6 6. a4 6... b4 7. Na2 7... a5 8. b3 8... Bg7 9. c3 9... bxc3 10. Nxc3 10... Na6 11.
Bc4 11... Nb4 12. O-O 12... Nf6 13. e5 13... Nfd5 14. Ne4 14... O-O 15.
exd6 15... exd6 16. Bd2 16... h6 17. h3 17...
f5 18. Nc3 18... Kh7 19. Nxd5 19... cxd5 20. Bxb4 20... dxc4 21. Bc3 21... cxb3 22. Qxb3 22... Ba6 23. Rfe1 23... Rc8 24.
Rac1 24... Bc4 25. Qb2 25... Bd5 26. Nd2 26... Qg5 27. f3 27... Rb8 28.
Qa3 28... Rfc8 29. Kh1 29... Rc6 30. Bxa5 30... Ra6 31. Bc3 31... Rba8 32.
a5 32... Rc8 33. Qb4 33... Rac6 34. Bb2 34... Rc2 35. Rxc2 35... Rxc2 36. Bc1 36... Qh4 37. Nf1 37... Rc4 38. Qd2 38... Rxd4 39. Qe2 39... Bc4 40. Qe3 40... Rd3 41.
Qe7 41... Qxe7 42. Re2",1. 0:03:00 1... 0:03:00 2. 0:03:01 2... 0:03:01 3. 0:03:02 3... 0:03:02 4. 0:03:03 4... 0:03:03 5. 0:03:04 5... 0:03:04 6. 0:03:02 6... 0:03:04 7. 0:03:03 7... 0:03:05 8. 0:03:01 8... 0:03:05 9. 0:03:02 9... 0:02:55 10. 0:03:02 10... 0:02:54 11. 0:03:02 11... 0:02:54 12. 0:03:00 12... 0:02:53 13. 0:02:59 13... 0:02:53 14. 0:02:51 14... 0:02:46 15. 0:02:48 15... 0:02:47 16. 0:02:42 16... 0:02:27 17. 0:02:37 17... 0:02:27 18. 0:02:33 18... 0:02:25 19. 0:02:31 19... 0:02:26 20. 0:02:26 20... 0:02:25 21. 0:02:24 21... 0:02:20 22. 0:02:25 22... 0:02:20 23. 0:02:25 23... 0:02:16 24. 0:02:22 24... 0:02:16 25. 0:02:13 25... 0:02:11 26. 0:02:04 26... 0:02:01 27. 0:01:57 27... 0:01:39 28. 0:01:51 28... 0:01:37 29. 0:00:49 29... 0:01:25 30. 0:00:42 30... 0:01:17 31. 0:00:33 31... 0:01:15 32. 0:00:34 32... 0:01:15 33. 0:00:31 33... 0:01:15 34. 0:00:29 34... 0:01:11 35. 0:00:29 35... 0:01:10 36. 0:00:24 36... 0:01:01 37. 0:00:14 37... 0:00:49 38. 0:00:15 38... 0:00:48 39. 0:00:13 39... 0:00:37 40. 0:00:09 40... 0:00:29 41. 0:00:06 41... 0:00:26 42. 0:00:07,
Rated Blitz game,https://lichess.org/LgFNmTmT,2024.08.01,-,mcgalvao,killer154,1-0,2024.08.01,00:04:56,1455,1516,,,C50,Italian Game: Anti-Fried Liver Defense,180+2,Normal,"1. e4 1... e5 2. Nf3 2... Nc6 3. Bc4 3... h6 4. c3 4... Nf6 5. d3 5... d6 6. O-O 6... Bg4 7. h3 7... Bh5 8. Nbd2 8... Be7 9. Qb3 9...
Na5 10. Qb5 10... Nc6 11. Qxb7 11... O-O 12.
Qxc6 12... Rb8 13. b4 13... Rb6 14. Qa4 14... Re8 15. Nh4 15...
d5 16. exd5 16... Nxd5 17. Bxd5 17... Bxh4 18.
Be4 18... Ree6 19. Nf3 19... Bxf3 20. Bxf3 20...
Qg5",1. 0:03:00 0. 0:03:00 1... 0:03:01 0. 0:02:58 2. 0:03:02 0. 0:02:58 2... 0:03:03 0. 0:02:58 3. 0:03:04 0. 0:02:58 3... 0:03:01 0. 0:02:58 4. 0:03:02 0. 0:02:58 4... 0:03:02 0. 0:02:56 5. 0:03:02 0. 0:02:38 5... 0:02:54 0. 0:02:34 6. 0:02:48 0. 0:02:12 6... 0:02:42 0. 0:02:11 7. 0:02:28 0. 0:02:08 7... 0:02:26 0. 0:02:09 8. 0:02:22 0. 0:01:56 8... 0:02:12 0. 0:01:48 9. 0:02:12 0. 0:01:46 9... 0:01:57 0. 0:01:35 10. 0:01:55 0. 0:01:08 10... 0:01:55 1. 0:01:09,
Rated Blitz game,https://lichess.org/TKkFxHKl,2024.08.01,-,ReadySalted8625,Yokiti,0-1,2024.08.01,00:04:56,1874,1875,,,D02,Queen's Pawn Game: Chigorin Variation,180+2,Normal,"1. Nf3 1... Nc6 2. d4 2... d5 3. g3 3... Nf6 4. Bg2 4... e6 5. O-O 5... Be7 6. c4 6... O-O 7. b3 7... b6 8. Nc3 8... Bb7 9. Re1 9... Bb4 10. Bb2 10... Ne7 11. a3 11...
Bxc3 12. Bxc3 12... Rb8 13. Ne5 13... c6 14. e4 14... Qc7 15. Rc1 15... Nxe4 16. Bxe4 16... dxe4 17. Rxe4 17... c5 18. Rg4 18... Ng6 19. Nxg6 19... fxg6 20. Qe2 20... Rbe8 21. h4 21... Bf3",1. 0:03:00 0. 0:03:00 1... 0:03:00 0. 0:03:01 2. 0:03:01 0. 0:03:00 2... 0:03:02 0. 0:03:00 3. 0:03:03 0. 0:03:01 3... 0:03:04 0. 0:02:59 4. 0:02:58 0. 0:02:51 4... 0:02:56 0. 0:02:53 5. 0:02:49 0. 0:02:40 5... 0:02:49 0. 0:02:29 6. 0:02:46 0. 0:02:29 6... 0:02:47 0. 0:02:23 7. 0:02:18 0. 0:02:20 7... 0:02:03 0. 0:02:09 8. 0:01:52 0. 0:02:09 8... 0:01:49 0. 0:02:10 9. 0:01:47 0. 0:02:03 9... 0:01:27 0. 0:01:48 10. 0:01:19 0. 0:01:43 10... 0:01:13 0. 0:01:38 11. 0:01:02 0. 0:01:38,
Rated Blitz game,https://lichess.org/uD1UAfD8,2024.08.01,-,Maher1992-M,grzegorek,1-0,2024.08.01,00:04:56,1369,1389,,,B10,Caro-Kann Defense,180+2,Time forfeit,"1. e4 1... c6 2. Nc3 2... d5 3. exd5 3... cxd5 4. Nf3 4... d4 5. Ne4 5... Bf5 6. Ng3 6...
Bg6 7. Ne5 7... e6 8.
Bb5 8... Ke7 9. Nxg6 9... hxg6 10. Ne4 10... a6 11. Bc4 11... b5 12.
Bb3 12... f5 13. Nc5 13... e5 14. Ne6 14... Qd6 15. d3 15... Nd7 16.
f4 16... Nc5 17. O-O 17... Nxe6 18. fxe5 18... Qxe5 19. Re1 19... Qxh2 20. Kf1 20... Qh1 21. Kf2 21... Qh4 22. Kf3 22... Qh5 23. Kf2 23... Qh4 24. Ke2 24... Qg4 25.
Kf1 25... Rh1 26. Kf2",1. 0:03:00 1... 0:03:00 2. 0:02:59 2... 0:03:01 3. 0:03:00 3... 0:03:02 4. 0:02:58 4... 0:03:02 5. 0:02:56 5... 0:02:59 6. 0:02:50 6... 0:02:54 7. 0:02:50 7... 0:02:44 8. 0:02:46 8... 0:02:28 9. 0:02:37 9... 0:02:23 10. 0:02:36 10... 0:02:16 11. 0:02:33 11... 0:02:13 12. 0:02:30 12... 0:01:41 13. 0:02:25 13... 0:01:12 14. 0:02:15 14... 0:01:05 15. 0:02:12 15... 0:00:53 16. 0:02:11 16... 0:00:40 17. 0:02:07 17... 0:00:31 18. 0:02:04 18... 0:00:10 19. 0:02:02 19... 0:00:09 20. 0:02:00 20... 0:00:06 21. 0:02:00 21... 0:00:06 22. 0:01:55 22... 0:00:03 23. 0:01:52 23... 0:00:03 24. 0:01:51 24... 0:00:03 25. 0:01:52 25... 0:00:03 26. 0:01:51,
Rated Blitz game,https://lichess.org/SmdIFSmr,2024.08.01,-,anonymous42000,emanuelshai,0-1,2024.08.01,00:04:56,1780,1762,,,C26,"Vienna Game: Stanley Variation, Reversed Spanish",180+2,Normal,"1. e4 1... e5 2. Bc4 2... Nf6 3. Nc3 3... Bb4 4. Nd5 4... Bc5 5. Nf3 5... Nxe4 6. d4 6...
exd4 7. Qe2 7... O-O 8. Qxe4 8... Re8 9. Nf6 9... gxf6 10. Bxf7 10... Kxf7 11. Ne5 11... Rxe5 12. Qxe5 12... fxe5",1. 0:03:00 1... 0:03:00 2. 0:03:01 2... 0:03:01 3. 0:03:02 3... 0:03:02 4. 0:03:01 4... 0:02:53 5. 0:03:01 5... 0:02:50 6. 0:02:52 6... 0:02:48 7. 0:02:49 7... 0:02:44 8. 0:02:28 8... 0:02:38 9. 0:02:13 9... 0:02:27 10. 0:01:54 10... 0:02:20 11. 0:01:54 11... 0:02:19 12. 0:01:54 12... 0:02:19,
Rated Blitz game,https://lichess.org/ZDaLm20u,2024.08.01,-,cordilleradelosandes,rscdo,0-1,2024.08.01,00:05:16,1587,1565,,,A02,Bird Opening,180+2,Time forfeit,"1. f4 1... e6 2. d4 2... d5 3. e3 3... Nf6 4. Nf3 4... Ne4 5. Bd3 5... f5 6. c3 6... a6 7. Nbd2 7... b5 8. Bxe4 8... fxe4 9. Ng5 9...
Be7 10. h4 10... Bxg5 11. hxg5 11... h6 12. Qh5 12... Kd7 13. a4 13...
Bb7 14. gxh6 14... Rxh6 15. Qf7 15... Qe7 16.
Qxe7 16... Kxe7 17. Rxh6 17... gxh6 18. Nb3 18... Nd7 19. axb5 19... axb5 20. Rxa8 20... Bxa8 21. Na5 21... c5 22. b3 22... cxd4 23. cxd4 23... Nf6 24. Ba3 24... Kf7 25. Kf2 25... h5 26.
b4 26... Kg6 27. Nb3 27... Ng4 28. Ke2 28... h4 29. Nc5 29... Kf5 30.
Na6 30... Nh2 31. Nc7 31... Bc6 32. Kf2 32... Kg4 33. Bc1 33... Nf3 34.
Na6 34... Nxd4 35. exd4 35... Be8 36. Nc7 36... Bd7 37. Be3 37... h3 38. gxh3 38... Kxh3 39. Na6 39... Kg4 40. Nb8 40... Be8 41. Na6 41... Bd7 42. Nc5 42... Bc8 43. Nb3 43... Bd7 44.
Nc5 44... Bc8 45. Nb3 45... Bd7 46. Nd2 46... Bc8 47. Nf1 47... Bd7 48.
Kg2 48... Be8 49. Nh2 49... Kf5 50. Nf1 50... Bh5 51. Kg3 51... Bg4 52.
Kh4 52... Bf3 53. Ng3 53... Kg6",1. 0:03:00 1... 0:03:00 2. 0:02:59 2... 0:03:01 3. 0:03:01 3... 0:02:59 4. 0:03:03 4... 0:02:59 5. 0:03:05 5... 0:02:58 6. 0:03:07 6... 0:02:48 7. 0:03:06 7... 0:02:44 8. 0:03:07 8... 0:02:40 9. 0:03:09 9... 0:02:16 10. 0:03:06 10... 0:02:17 11. 0:03:06 11... 0:02:13 12. 0:03:06 12... 0:02:11 13. 0:02:41 13... 0:02:10 14. 0:02:38 14... 0:02:09 15. 0:02:37 15... 0:02:10 16. 0:02:36 16... 0:02:11 17. 0:02:38 17... 0:02:12 18. 0:02:37 18... 0:02:04 19. 0:02:36 19... 0:02:04 20. 0:02:37 20... 0:02:05 21. 0:02:38 21... 0:02:03 22. 0:02:37 22... 0:02:04 23. 0:02:36 23... 0:01:54 24. 0:02:33 24... 0:01:55 25. 0:02:28 25... 0:01:54 26. 0:02:15 26... 0:01:51 27. 0:02:15 27... 0:01:49 28. 0:02:14 28... 0:01:50 29. 0:02:14 29... 0:01:48 30. 0:02:10 30... 0:01:36 31. 0:02:04 31... 0:01:36 32. 0:02:04 32... 0:01:37 33. 0:02:02 33... 0:01:28 34. 0:02:02 34... 0:00:55 35. 0:02:00 35... 0:00:43 36. 0:01:59 36... 0:00:44 37. 0:01:57 37... 0:00:43 38. 0:01:56 38... 0:00:44 39. 0:01:52 39... 0:00:44 40. 0:01:52 40... 0:00:43 41. 0:01:49 41... 0:00:42 42. 0:01:48 42... 0:00:38 43. 0:01:36 43... 0:00:37 44. 0:00:51 44... 0:00:37 45. 0:00:50 45... 0:00:37 46. 0:00:51 46... 0:00:36 47. 0:00:53 47... 0:00:26 48. 0:00:52 48... 0:00:23 49. 0:00:52 49... 0:00:23 50. 0:00:50 50... 0:00:24 51. 0:00:49 51... 0:00:24 52. 0:00:49 52... 0:00:19 53. 0:00:46 53... 0:00:17,
Rated Blitz game,https://lichess.org/Q6qrrk6P,2024.08.01,-,rokopetric,Xadrezsaj,1-0,2024.08.01,00:05:16,2011,1914,,,B07,Pirc Defense: Kholmov System,180+2,Normal,"1. e4 1... d6 2. d4 2... Nf6 3. Bc4 3... g6 4. Nc3 4... Bg7 5. Bg5 5... h6 6. Bxf6 6...
Bxf6 7. f4 7... a6 8.
e5 8... Bg7 9. Qd3 9... b5 10. Bb3 10... Bb7 11. Nf3 11... Nc6 12.
e6 12... f5 13. Nh4 13... Nxd4 14. Nxg6 14... b4 15. Nxh8 15... bxc3 16. bxc3 16... Nxb3 17. Qxf5 17... Bf6 18. Qg6",1. 0:03:00 1... 0:03:00 2. 0:03:00 2... 0:03:00 3. 0:03:00 3... 0:03:01 4. 0:03:01 4... 0:03:02 5. 0:03:00 5... 0:02:58 6. 0:03:00 6... 0:02:57 7. 0:03:02 7... 0:02:52 8. 0:03:02 8... 0:02:49 9. 0:03:00 9... 0:02:42 10. 0:02:56 10... 0:02:43 11. 0:02:44 11... 0:02:33 12. 0:02:39 12... 0:02:27 13. 0:02:33 13... 0:02:12 14. 0:02:20 14... 0:02:06 15. 0:02:11 15... 0:02:04 16. 0:02:13 16... 0:02:01 17. 0:02:05 17... 0:01:54 18. 0:02:04,
Rated Blitz game,https://lichess.org/MCKP2dBu,2024.08.01,-,MonkeyDLuffy02,trrrasss,0-1,2024.08.01,00:05:16,1856,1898,,,A40,Englund Gambit Complex Declined,180+2,Normal,"1. d4 1... e5 2. d5 2... d6 3. c4 3... f5 4. Nc3 4... c6 5. e4 5... cxd5 6. exd5 6... Nf6 7. Nf3 7... e4 8. Nd4 8... Be7 9. Be2 9...
O-O 10. O-O 10... Ng4 11. Bxg4 11... fxg4 12. Nxe4 12... Bf5 13. Ng3 13... Bd7 14. Re1 14... Na6 15. a3 15... Bf6 16.
b4 16... Qb6 17. Bb2 17... Nc7 18. Qd2 18... a5 19. Ne6 19... Bxe6 20.
dxe6 20... Bxb2 21. Qxb2 21... axb4 22. axb4 22... Rxa1 23. Rxa1 23... Nxe6 24. Qa2 24... Qd4 25.
c5 25... d5 26. Rf1 26... Rd8 27. Qa5 27... Rd7 28. Qb6 28... Nf4 29.
Nf5 29... Qe5 30. Nd6 30... Nd3 31. Qb5 31... Re7 32. Qxd3 32... d4 33.
Qc4 33... Kf8 34. Qd3 34... b6 35. Ra1 35... g6 36. Ra8 36... Kg7 37.
Ra1 37... bxc5 38. bxc5 38... Qxc5 39. Ne4 39... Qf5 40. Re1 40... Rd7 41. Qc2 41... d3 42.
Qc3 42... Kh6 43. Ng3 43... Qf7 44. Qd2 44... Kg7 45. Re3 45... Qb3 46.
Ne4 46... Qc2 47. g3 47... h5 48. Ng5 48... Qxd2 49. Ne6 49... Kf6 50.
Nf4 50... Qd1 51. Kg2 51... d2",1. 0:03:00 1... 0:03:00 2. 0:02:59 2... 0:03:01 3. 0:03:00 3... 0:03:02 4. 0:03:01 4... 0:03:01 5. 0:02:54 5... 0:02:54 6. 0:02:40 6... 0:02:46 7. 0:02:39 7... 0:02:45 8. 0:02:36 8... 0:02:42 9. 0:02:30 9... 0:02:43 10. 0:02:30 10... 0:02:36 11. 0:02:16 11... 0:02:35 12. 0:02:08 12... 0:02:32 13. 0:02:01 13... 0:02:17 14. 0:01:56 14... 0:02:18 15. 0:01:48 15... 0:02:15 16. 0:01:41 16... 0:02:13 17. 0:01:40 17... 0:02:04 18. 0:01:28 18... 0:02:01 19. 0:01:18 19... 0:01:47 20. 0:01:05 20... 0:01:45 21. 0:01:04 21... 0:01:45 22. 0:01:05 22... 0:01:46 23. 0:01:05 23... 0:01:45 24. 0:00:47 24... 0:01:36 25. 0:00:42 25... 0:01:31 26. 0:00:33 26... 0:01:26 27. 0:00:29 27... 0:01:07 28. 0:00:27 28... 0:01:02 29. 0:00:24 29... 0:00:55 30. 0:00:21 30... 0:00:43 31. 0:00:20 31... 0:00:39 32. 0:00:20 32... 0:00:34 33. 0:00:18 33... 0:00:33 34. 0:00:15 34... 0:00:31 35. 0:00:12 35... 0:00:26 36. 0:00:09 36... 0:00:27 37. 0:00:08 37... 0:00:27 38. 0:00:08 38... 0:00:28 39. 0:00:08 39... 0:00:25 40. 0:00:06 40... 0:00:24 41. 0:00:05 41... 0:00:24 42. 0:00:06 42... 0:00:24 43. 0:00:05 43... 0:00:22 44. 0:00:05 44... 0:00:22 45. 0:00:06 45... 0:00:19 46. 0:00:05 46... 0:00:17 47. 0:00:03 47... 0:00:15 48. 0:00:04 48... 0:00:14 49. 0:00:04 49... 0:00:14 50. 0:00:05 50... 0:00:14 51. 0:00:06 51... 0:00:15,
Rated Blitz game,https://lichess.org/p6UhL36V,2024.08.01,-,infinitosol,makeitnumbers,1-0,2024.08.01,00:05:16,1905,1905,,,C02,"French Defense: Advance Variation, Euwe Variation",180+2,Time forfeit,"1. e4 1... e6 2. d4 2... d5 3. e5 3... c5 4. c3 4... Nc6 5. Nf3 5... Bd7 6. a3 6... f6 7. b4 7... c4 8. Nbd2 8... fxe5 9. b5 9... Nce7 10. Nxe5 10... Bxb5 11. Rb1 11... Qa5 12. Qf3 12... Nf6 13. Be2 13... O-O-O 14. Nf7 14... Rg8 15. Nxd8 15... Kxd8 16. Qh3 16... Nf5 17. O-O 17... Bd6 18. g4 18...
Ne7 19. g5 19... Ne8 20. Qxe6 20... Bd7 21. Qxd6 21... Nxd6 22. Nf3 22... Kc8 23. Ne5 23... Bf5 24. Rb4 24... Ne4 25.
Bf4 25... Nxc3 26. Bf3 26... Ne4 27. Nf7 27... Nc6 28. Bxe4 28... Bxe4 29. Nd6 29... Kd7 30. Rb5 30... Qxa3 31. Nxe4 31... dxe4 32. Rd5 32... Kc8 33. Re1 33... Re8 34.
f3 34... Rf8 35. Rxe4 35... c3 36. Rc5 36... Qa1 37. Kg2 37... Qb2 38.
Kg3 38... c2 39. Bd2 39... Kb8 40. d5 40... Nb4 41. Re7 41... Qb3 42.
Rc3 42... Qxd5 43. Rxc2 43... Qd6 44. Bf4 44... Rxf4 45. Re8",1. 0:03:00 1... 0:03:00 2. 0:03:00 2... 0:03:01 3. 0:03:01 3... 0:03:02 4. 0:02:59 4... 0:03:03 5. 0:03:00 5... 0:03:04 6. 0:02:59 6... 0:03:04 7. 0:02:58 7... 0:02:59 8. 0:02:51 8... 0:02:41 9. 0:02:50 9... 0:02:34 10. 0:02:50 10... 0:02:20 11. 0:02:35 11... 0:02:09 12. 0:02:09 12... 0:02:01 13. 0:02:04 13... 0:01:56 14. 0:02:02 14... 0:01:34 15. 0:02:01 15... 0:01:32 16. 0:01:57 16... 0:01:25 17. 0:01:52 17... 0:01:15 18. 0:01:51 18... 0:00:40 19. 0:01:48 19... 0:00:33 20. 0:01:43 20... 0:00:32 21. 0:01:32 21... 0:00:32 22. 0:01:26 22... 0:00:17 23. 0:01:22 23... 0:00:18 24. 0:01:19 24... 0:00:15 25. 0:01:15 25... 0:00:15 26. 0:01:11 26... 0:00:15 27. 0:01:09 27... 0:00:13 28. 0:01:02 28... 0:00:13 29. 0:00:58 29... 0:00:13 30. 0:00:58 30... 0:00:13 31. 0:00:51 31... 0:00:14 32. 0:00:50 32... 0:00:13 33. 0:00:46 33... 0:00:13 34. 0:00:43 34... 0:00:10 35. 0:00:43 35... 0:00:11 36. 0:00:35 36... 0:00:09 37. 0:00:34 37... 0:00:10 38. 0:00:32 38... 0:00:10 39. 0:00:27 39... 0:00:07 40. 0:00:27 40... 0:00:06 41. 0:00:21 41... 0:00:05 42. 0:00:20 42... 0:00:05 43. 0:00:19 43... 0:00:05 44. 0:00:18 44... 0:00:04 45. 0:00:15,
Rated Blitz game,https://lichess.org/TLnJUTaZ,2024.08.01,-,GDT314,mamamiapizzaria,1-0,2024.08.01,00:05:16,2018,2031,,,A43,"Benoni Defense: Benoni-Indian Defense, Kingside Move Order",180+2,Normal,"1. d4 1... Nf6 2. Nf3 2... c5 3. d5 3... d6 4. c4 4... e5 5. Nc3 5... Be7 6. g3 6... Bf5 7. Bg2 7... Nbd7 8.
Nh4 8... Bg4 9. h3 9... Bh5 10. g4 10... Bg6 11. Nxg6 11... hxg6 12. Qc2 12... Nf8 13. a3 13... g5 14. b4 14...
cxb4 15. axb4 15... Ng6 16. e3 16... Nh4 17.
Be4 17... Qb6 18. Qa4 18... Nd7 19. O-O 19... g6 20. Kh2 20... f5 21.
gxf5 21... gxf5 22. Bg2 22... Ng6 23. Rh1 23... f4 24. Nb5 24... a6 25. Qa5 25... Qxa5 26.
Rxa5 26... Rc8 27. Na3 27... Nb6 28. Bd2 28... Nxc4 29. Nxc4 29... Rxc4 30. b5 30... axb5 31. Rxb5 31... Rc2 32. Rd1 32... g4 33. Be4 33... Rxh3 34. Kg1 34... Nh4 35.
Bxc2 35... Nf3 36. Kf1 36... Nxd2 37. Rxd2 37... Rh1 38. Kg2 38... Rc1 39. Bg6 39... Kf8 40.
Rxb7 40... Bh4 41. Ra2 41... f3 42. Kh2 42... Rc8 43. Bf5 43... g3 44.
fxg3 44... Bg5 45. Bxc8",1. 0:03:00 1... 0:03:00 2. 0:02:59 2... 0:03:01 3. 0:02:58 3... 0:03:02 4. 0:02:59 4... 0:03:04 5. 0:02:59 5... 0:03:05 6. 0:02:55 6... 0:03:05 7. 0:02:55 7... 0:03:06 8. 0:02:51 8... 0:03:03 9. 0:02:45 9... 0:02:48 10. 0:02:45 10... 0:02:47 11. 0:02:45 11... 0:02:48 12. 0:02:44 12... 0:02:32 13. 0:02:42 13... 0:02:31 14. 0:02:40 14... 0:02:31 15. 0:02:40 15... 0:02:33 16. 0:02:39 16... 0:02:28 17. 0:02:28 17... 0:02:15 18. 0:02:15 18... 0:01:53 19. 0:02:13 19... 0:01:51 20. 0:02:08 20... 0:01:51 21. 0:02:04 21... 0:01:52 22. 0:01:40 22... 0:01:40 23. 0:01:34 23... 0:01:40 24. 0:01:27 24... 0:01:31 25. 0:01:27 25... 0:01:30 26. 0:01:29 26... 0:01:30 27. 0:01:23 27... 0:01:30 28. 0:01:06 28... 0:01:29 29. 0:01:07 29... 0:01:29 30. 0:01:08 30... 0:01:18 31. 0:01:02 31... 0:01:16 32. 0:00:41 32... 0:01:14 33. 0:00:36 33... 0:01:10 34. 0:00:38 34... 0:01:00 35. 0:00:37 35... 0:00:56 36. 0:00:36 36... 0:00:46 37. 0:00:36 37... 0:00:47 38. 0:00:35 38... 0:00:43 39. 0:00:30 39... 0:00:43 40. 0:00:30 40... 0:00:41 41. 0:00:27 41... 0:00:42 42. 0:00:26 42... 0:00:38 43. 0:00:24 43... 0:00:27 44. 0:00:23 44... 0:00:28 45. 0:00:23,
Rated Blitz game,https://lichess.org/cD2izYu9,2024.08.01,-,mamertus,TimothyVinnikov,0-1,2024.08.01,00:05:16,1266,1351,,,C41,Philidor Defense,180+2,Time forfeit,"1. e4 1... e5 2. Nf3 2... d6 3. Nc3 3... Bg4 4. Be2 4... Nf6 5. d3 5... Be7 6. O-O 6...
O-O 7. Be3 7... d5 8.
exd5 8... Nxd5 9. Nxd5 9... Qxd5 10. c4 10... Qe6 11. Qc2 11... Nc6 12.
Rac1 12... Bxf3 13. Bxf3 13... Nd4 14. Bxd4 14... exd4 15. Bxb7 15... Rab8 16. Qb3 16... Bd6 17.
a4 17... Qh6 18. g3 18... Kh8 19. a5 19... f5 20. a6 20... f4 21.
Qd1 21... f3 22. Bxf3 22... Rxb2 23. Bb7 23... Qf6 24. Rc2 24... Rxc2 25.
Qxc2 25... Qf5 26. Qb1 26... Rf6 27. Qb2 27... g6 28. Qxd4 28... Bc5",1. 0:03:00 1... 0:03:00 2. 0:03:00 2... 0:03:00 3. 0:03:00 3... 0:03:00 4. 0:03:01 4... 0:02:59 5. 0:03:02 5... 0:03:00 6. 0:03:02 6... 0:03:01 7. 0:03:02 7... 0:02:59 8. 0:03:02 8... 0:02:59 9. 0:02:59 9... 0:03:00 10. 0:02:57 10... 0:02:55 11. 0:02:49 11... 0:02:55 12. 0:02:48 12... 0:02:50 13. 0:02:49 13... 0:02:45 14. 0:02:49 14... 0:02:46 15. 0:02:49 15... 0:02:45 16. 0:02:42 16... 0:02:31 17. 0:02:39 17... 0:02:30 18. 0:02:39 18... 0:02:23 19. 0:02:39 19... 0:02:23 20. 0:02:39 20... 0:02:23 21. 0:02:34 21... 0:02:17 22. 0:02:30 22... 0:02:12 23. 0:02:13 23... 0:01:55 24. 0:01:58 24... 0:01:35 25. 0:01:59 25... 0:01:25 26. 0:01:23 26... 0:01:20 27. 0:01:16 27... 0:01:14 28. 0:01:14 28... 0:01:06,
Rated Blitz game,https://lichess.org/H8ddvgqo,2024.08.01,-,Elizabetha,ned108,1-0,2024.08.01,00:05:16,1785,1693,,,A10,English Opening,180+2,Normal,"1. c4 1... d6 2. Nc3 2... Nd7 3. d4 3... e5 4. d5 4... h6 5. e4 5... Qf6 6. Nf3 6... Be7 7. Be3 7... Qg6 8. Qc2 8... h5 9. O-O-O 9...
h4 10. Nb5 10... Bd8 11. c5 11... Ngf6 12. cxd6 12... Nxe4 13. Bd3 13... f5 14. dxc7 14... Be7 15. d6 15... Bxd6 16.
Nxd6 16... Qxd6 17. Bxe4 17... Qa6 18. Bd5 18... Rh6 19. Bxh6 19... gxh6 20. Qxf5 20... h5 21.
Qf7",1. 0:03:00 1... 0:03:00 2. 0:03:01 2... 0:03:02 3. 0:02:59 3... 0:03:04 4. 0:03:00 4... 0:03:05 5. 0:03:01 5... 0:03:06 6. 0:02:53 6... 0:03:07 7. 0:02:51 7... 0:03:08 8. 0:02:40 8... 0:03:09 9. 0:02:40 9... 0:03:10 10. 0:02:31 10... 0:03:09 11. 0:02:25 11... 0:03:05 12. 0:02:21 12... 0:02:54 13. 0:01:59 13... 0:02:53 14. 0:01:54 14... 0:02:29 15. 0:01:19 15... 0:02:24 16. 0:01:19 16... 0:02:24 17. 0:01:18 17... 0:01:56 18. 0:01:03 18... 0:01:23 19. 0:00:57 19... 0:01:22 20. 0:00:56 20... 0:00:55 21. 0:00:51,
Rated Blitz game,https://lichess.org/cHbYw7cY,2024.08.01,-,Magnuscacarlsen,HERI63,1-0,2024.08.01,00:05:16,1445,1446,,,C46,Three Knights Opening,180+2,Normal,"1. e4 1... e5 2. Nf3 2... Nc6 3. Nc3 3... Bc5 4. Nxe5 4... Nxe5 5.
d4 5... Bxd4 6. Qxd4 6... d6 7. f4 7... c5 8. Bb5 8... Bd7 9. Qxd6 9... Ng6 10. Bxd7 10... Qxd7 11. Qxd7 11... Kxd7 12. Be3 12... b6 13.
Nd5 13... N8e7 14. O-O-O 14... Nxd5 15. Rxd5 15... Kc7 16. Rhd1 16... Rad8 17. Rxd8 17... Rxd8 18. Rxd8 18... Kxd8 19. g3 19... Kd7 20. c4 20...
Kd6 21. Kc2 21... h6 22. Bd2 22... Ne7 23. Bc3 23... f6 24. b4 24...
Nc6 25. b5 25... Ne7 26. a4 26... Ng6 27. a5 27... Nf8 28. Kd3 28... Ne6 29. axb6 29... axb6 30. Ke3 30... Nd8 31.
e5 31... fxe5 32. Bxe5 32... Ke6 33. Ke4 33... g6 34. Bg7 34... h5 35. h3 35... Nb7 36.
g4 36... Na5 37. Kd3 37... Nb3 38. Be5 38... Nc1 39. Kc2 39... Ne2 40.
Bc7 40... Ng1 41. gxh5 41... gxh5 42. h4 42... Nf3 43. Bxb6 43... Nxh4 44. Bxc5 44... Ng2 45. b6 45... Kd7 46. Bf2 46... Nxf4 47. c5 47... Kc6 48. Kb3 48... Ng2 49.
Kc2 49... h4 50. Bg1 50... h3 51. Kd2 51... Nh4 52. Ke2 52... Nf5 53.
Kf3 53... Ne7 54. Kg3 54... Nd5 55. Kxh3 55... Nb4 56. Kg4 56... Nd5 57.
Kf5 57... Ne7 58. Ke6 58... Nc8 59. Bf2 59... Kb7 60. Kd7 60... Na7 61.
bxa7 61... Kxa7 62. c6 62... Kb8 63. c7 63... Kb7 64. c8=Q",1. 0:03:00 1... 0:03:00 2. 0:03:01 2... 0:03:01 3. 0:02:59 3... 0:03:01 4. 0:02:59 4... 0:03:01 5. 0:03:01 5... 0:02:54 6. 0:03:01 6... 0:02:50 7. 0:02:56 7... 0:02:51 8. 0:02:48 8... 0:02:37 9. 0:02:43 9... 0:01:52 10. 0:02:24 10... 0:01:44 11. 0:02:23 11... 0:01:45 12. 0:02:19 12... 0:01:45 13. 0:02:11 13... 0:01:42 14. 0:02:12 14... 0:01:40 15. 0:02:06 15... 0:01:41 16. 0:02:08 16... 0:01:41 17. 0:01:43 17... 0:01:42 18. 0:01:44 18... 0:01:43 19. 0:01:46 19... 0:01:42 20. 0:01:45 20... 0:01:42 21. 0:01:47 21... 0:01:41 22. 0:01:43 22... 0:01:40 23. 0:01:38 23... 0:01:41 24. 0:01:33 24... 0:01:33 25. 0:01:23 25... 0:01:21 26. 0:01:18 26... 0:01:15 27. 0:01:15 27... 0:01:12 28. 0:01:10 28... 0:01:12 29. 0:01:11 29... 0:01:12 30. 0:01:11 30... 0:01:06 31. 0:01:09 31... 0:01:03 32. 0:01:11 32... 0:01:01 33. 0:01:13 33... 0:00:58 34. 0:01:12 34... 0:00:58 35. 0:01:05 35... 0:00:50 36. 0:01:00 36... 0:00:47 37. 0:01:00 37... 0:00:42 38. 0:00:47 38... 0:00:31 39. 0:00:44 39... 0:00:30 40. 0:00:43 40... 0:00:29 41. 0:00:43 41... 0:00:29 42. 0:00:44 42... 0:00:24 43. 0:00:43 43... 0:00:21 44. 0:00:45 44... 0:00:21 45. 0:00:33 45... 0:00:21 46. 0:00:31 46... 0:00:18 47. 0:00:27 47... 0:00:18 48. 0:00:27 48... 0:00:11 49. 0:00:22 49... 0:00:11 50. 0:00:23 50... 0:00:12 51. 0:00:24 51... 0:00:10 52. 0:00:25 52... 0:00:05 53. 0:00:23 53... 0:00:02 54. 0:00:22 54... 0:00:03 55. 0:00:21 55... 0:00:03 56. 0:00:22 56... 0:00:03 57. 0:00:23 57... 0:00:04 58. 0:00:23 58... 0:00:04 59. 0:00:21 59... 0:00:04 60. 0:00:17 60... 0:00:02 61. 0:00:16 61... 0:00:03 62. 0:00:18 62... 0:00:04 63. 0:00:20 63... 0:00:05 64. 0:00:20,
Rated Blitz game,https://lichess.org/lJGQVss7,2024.08.01,-,groslundi,PepeHom,0-1,2024.08.01,00:05:16,2032,2080,,,C45,Scotch Game: Mieses Variation,180+2,Time forfeit,"1. e4 1... e5 2. Nf3 2... Nc6 3. d4 3... exd4 4. Nxd4 4... Nf6 5. Nxc6 5... bxc6 6. e5 6... Qe7 7. Qe2 7... Nd5 8. c4 8... Nb6 9. b3 9... a5 10. g3 10...
Qe6 11. Bb2 11... a4 12. Bg2 12... Ba6 13. O-O 13... d5 14.
Nd2 14... a3 15. Bc3 15... d4 16. Bxd4 16...
c5 17. Bxa8 17... Nxa8 18. Bc3 18... h5 19.
Ne4 19... Bb7 20. Rad1 20... h4 21. Ng5 21... Qh6 22. e6 22... Qxg5 23.
exf7 23... Kxf7 24. Rd7 24...
Be7 25. Re1 25... Re8 26. Qe6 26... Kf8 27. Qe3 27... Qxe3 28. Rxe3 28... hxg3 29. hxg3 29...
Nb6 30. Rxc7 30... Bc8 31. Bxg7 31... Kf7 32.
Bc3 32... Bg4 33. Ba5 33... Na8",1. 0:03:00 0. 0:03:00 1... 0:03:01 0. 0:03:01 2. 0:03:02 0. 0:03:02 2... 0:03:04 0. 0:03:03 3. 0:03:04 0. 0:03:04 3... 0:03:05 0. 0:03:05 4. 0:03:06 0. 0:03:06 4... 0:03:07 0. 0:03:06 5. 0:03:06 0. 0:02:58 5... 0:03:06 0. 0:02:44 6. 0:03:02 0. 0:02:44 6... 0:03:01 0. 0:02:07 7. 0:02:53 0. 0:02:07 7... 0:02:47 0. 0:02:04 8. 0:02:44 0. 0:01:56 8... 0:02:38 0. 0:01:26 9. 0:02:19 0. 0:01:27 9... 0:02:15 0. 0:01:27 10. 0:02:11 0. 0:01:23 10... 0:02:04 0. 0:01:21 11. 0:00:54 0. 0:01:17 11... 0:00:21 0. 0:01:03 12. 0:00:20 0. 0:01:05 12... 0:00:14 1. 0:00:59 13. 0:00:12 0. 0:00:36 13... 0:00:09 0. 0:00:33 14. 0:00:03 0. 0:00:10 14... 0:00:05 0. 0:00:12 15. 0:00:06 0. 0:00:13 15... 0:00:06 2. 0:00:08 16. 0:00:06 2. 0:00:08 16... 0:00:04 3. 0:00:08 17. 0:00:03 3. 0:00:08,
Rated Blitz game,https://lichess.org/Zq0xCEhd,2024.08.01,-,LuckyLukke,Almiron-1995,0-1,2024.08.01,00:05:16,1405,1408,,,A13,English Opening: Agincourt Defense,180+2,Time forfeit,"1. c4 1... e6 2. Nc3 2... d5 3. Qb3 3... dxc4 4. Qxc4 4... Bd7 5.
Nf3 5... Bc6 6. Qg4 6... Nf6 7. Qg3 7... Qd6 8. Qxd6 8... Bxd6 9.
Nd4 9... Bd7 10. e3 10... Nc6 11. Be2 11... Nxd4 12. exd4 12... Bc6 13.
O-O 13... h5 14. b4 14... a6 15. b5 15... axb5 16. Bxb5 16... Bd7 17.
Bxd7 17... Kxd7 18. d3 18... h4 19. Bg5 19...
Ra5 20. Bxf6 20... gxf6 21. h3 21... Rg8 22.
Ne4 22... Ke7 23. f4 23... f5 24. Nd2 24... Ra3 25. Nb3 25... Rg7 26.
Rfb1 26... Ra8 27. Nc5 27... b6 28. Nb3 28... Rag8 29. Rb2 29... Bxf4 30.
a4 30... c5 31. dxc5 31... Be5 32. d4 32... Bf4 33. Rab1 33... bxc5 34. Nxc5 34... Be3 35. Kh1 35... Bxd4 36. Rb7 36... Kf6 37. Nd3 37... Rxg2 38. Nf4 38... R2g7 39.
Nh5 39... Kg6 40. Nxg7 40... Rxg7 41. a5 41... Kf6 42. a6 42... Rg8 43. a7 43... Ra8 44.
Ra1 44... Rg8 45. a8=Q 45... Rg7 46. Qa2 46... Rg3 47. Kh2 47... Be5 48.
Rb3 48... Rxb3",1. 0:03:00 1... 0:03:00 2. 0:03:01 2... 0:02:58 3. 0:03:02 3... 0:02:55 4. 0:03:01 4... 0:02:52 5. 0:02:56 5... 0:02:50 6. 0:02:48 6... 0:02:47 7. 0:02:44 7... 0:02:39 8. 0:02:32 8... 0:02:41 9. 0:02:28 9... 0:02:39 10. 0:02:21 10... 0:02:40 11. 0:02:16 11... 0:02:38 12. 0:02:18 12... 0:02:37 13. 0:02:17 13... 0:02:30 14. 0:02:11 14... 0:02:26 15. 0:02:09 15... 0:02:26 16. 0:02:09 16... 0:02:05 17. 0:02:03 17... 0:02:07 18. 0:01:53 18... 0:02:06 19. 0:01:53 19... 0:01:36 20. 0:01:47 20... 0:01:37 21. 0:01:46 21... 0:01:32 22. 0:01:43 22... 0:01:21 23. 0:01:30 23... 0:01:20 24. 0:01:18 24... 0:01:15 25. 0:01:09 25... 0:01:05 26. 0:01:02 26... 0:01:01 27. 0:01:02 27... 0:00:51 28. 0:00:52 28... 0:00:43 29. 0:00:50 29... 0:00:41 30. 0:00:38 30... 0:00:29 31. 0:00:37 31... 0:00:28 32. 0:00:31 32... 0:00:21 33. 0:00:29 33... 0:00:20 34. 0:00:31 34... 0:00:19 35. 0:00:28 35... 0:00:20 36. 0:00:26 36... 0:00:19 37. 0:00:24 37... 0:00:18 38. 0:00:21 38... 0:00:18 39. 0:00:21 39... 0:00:18 40. 0:00:23 40... 0:00:19 41. 0:00:22 41... 0:00:19 42. 0:00:22 42... 0:00:19 43. 0:00:23 43... 0:00:19 44. 0:00:21 44... 0:00:16 45. 0:00:18 45... 0:00:16 46. 0:00:15 46... 0:00:15 47. 0:00:08 47... 0:00:14 48. 0:00:04 48... 0:00:13,
Rated Blitz game,https://lichess.org/KkDDrGee,2024.08.01,-,bravataria,IWishIWasCarlsen,1-0,2024.08.01,00:05:16,1395,1395,,,A40,Queen's Pawn Game: Modern Defense,180+2,Normal,"1. d4 1... g6 2. c4 2... Bg7 3. Nf3 3... e6 4. Bf4 4... Ne7 5. e4 5... d6 6. e5 6...
dxe5 7. Nxe5 7... Nd7 8. Nf3 8... b6 9. Be2 9... Bb7 10. O-O 10... Nf5 11. Bd3 11... Rc8 12.
Bxf5 12... exf5 13. Nc3 13... O-O 14. Re1 14... Re8 15. d5 15... Nc5 16. Nb5 16... Bxb2 17.
Rb1 17... Bg7 18. Nxa7 18... Rxe1 19. Qxe1 19... Nd3 20. Qd2 20... Nxf4 21.
Qxf4 21... Ra8 22. Nb5 22... Rxa2 23. Qxc7 23... Qxc7 24. Nxc7 24... Ra1 25.
Rxa1 25... Bxa1 26. Ne8 26... Kf8 27. Nd6 27... Ba8 28. Kf1 28... Ke7 29. Nb5 29... Bf6 30.
Ke2 30... Kd7 31. Kd3 31... Bb7 32. Kc2 32... Ba6 33. Kb3 33... Bxb5 34.
cxb5 34... Kd6 35. Kc4 35... h6 36. h4 36... g5 37. hxg5 37... hxg5 38. g3 38... Be5 39. Nxg5 39... Bb2 40. Nxf7 40... Kc7 41. Nh6 41... Kd6 42. Nxf5 42... Ke5 43. Ne7",1. 0:03:00 1... 0:03:00 2. 0:03:00 2... 0:03:01 3. 0:03:00 3... 0:03:01 4. 0:02:59 4... 0:03:01 5. 0:02:59 5... 0:02:59 6. 0:02:59 6... 0:02:53 7. 0:03:00 7... 0:02:48 8. 0:02:49 8... 0:02:40 9. 0:02:50 9... 0:02:40 10. 0:02:50 10... 0:02:31 11. 0:02:42 11... 0:02:21 12. 0:02:41 12... 0:02:21 13. 0:02:42 13... 0:02:09 14. 0:02:25 14... 0:01:58 15. 0:02:22 15... 0:01:52 16. 0:02:11 16... 0:01:38 17. 0:02:06 17... 0:01:38 18. 0:02:00 18... 0:01:26 19. 0:01:58 19... 0:01:22 20. 0:01:41 20... 0:01:15 21. 0:01:41 21... 0:00:53 22. 0:01:35 22... 0:00:49 23. 0:01:33 23... 0:00:47 24. 0:01:35 24... 0:00:32 25. 0:01:27 25... 0:00:34 26. 0:01:14 26... 0:00:23 27. 0:01:13 27... 0:00:22 28. 0:01:12 28... 0:00:17 29. 0:01:09 29... 0:00:08 30. 0:01:05 30... 0:00:09 31. 0:01:03 31... 0:00:10 32. 0:01:03 32... 0:00:11 33. 0:01:03 33... 0:00:11 34. 0:01:05 34... 0:00:12 35. 0:01:06 35... 0:00:11 36. 0:01:06 36... 0:00:12 37. 0:01:06 37... 0:00:14 38. 0:01:06 38... 0:00:15 39. 0:01:07 39... 0:00:12 40. 0:01:08 40... 0:00:11 41. 0:01:08 41... 0:00:12 42. 0:01:09 42... 0:00:13 43. 0:01:08,
Rated Blitz game,https://lichess.org/6mUKQ1xf,2024.08.01,-,youssefkhaled4444,tatlifen,1-0,2024.08.01,00:04:30,905,966,,,C47,Four Knights Game: Scotch Variation,180+2,Normal,"1. e4 1... Nc6 2. d4 2... e5 3. Nf3 3... Nf6 4. Nc3 4...
Bb4 5. Bd2 5... d6 6. d5 6... Nd4 7. Nxd4 7... exd4 8. Bb5 8... c6 9.
dxc6 9... b6 10. c7 10... Qd7 11. Bxd7 11...
Nxd7 12. Nd5 12... Bc5 13. O-O 13... O-O 14.
Ne7 14... Kh8 15. Nxc8 15... Raxc8 16. c3 16... d3 17. c4 17...
Rxc7 18. Bc3 18... Ne5 19. b4 19... Bxb4 20.
Bxb4 20... Rxc4 21. Bxd6 21... Rxe4 22. Bxf8 22...
Rd4 23. Rc1 23... Nc4 24. Re1 24... d2 25.
Bb4 25... Nb2 26. Re8",1. 0:03:00 0. 0:03:00 1... 0:02:59 0. 0:03:00 2. 0:02:59 0. 0:02:58 2... 0:02:57 0. 0:02:56 3. 0:02:43 0. 0:02:56 3... 0:02:41 0. 0:02:53 4. 0:02:29 0. 0:02:53 4... 0:02:29 0. 0:02:48 5. 0:02:29 0. 0:02:48 5... 0:02:26 0. 0:02:36 6. 0:02:25 0. 0:02:36 6... 0:02:25 0. 0:02:27 7. 0:02:04 0. 0:02:26 7... 0:02:01 0. 0:02:25 8. 0:01:50 0. 0:02:23 8... 0:01:33 0. 0:02:22 9. 0:01:31 0. 0:02:21 9... 0:01:31 7. 0:02:16 10. 0:00:48 7. 0:02:07 10... 0:00:48 7. 0:02:03 11. 0:00:46 7. 0:02:01 11... 0:00:46 7. 0:01:55 12. 0:00:45 7. 0:01:51 12... 0:00:36 8. 0:01:48 13. 0:00:20 7. 0:01:31 13... 0:00:18,
Rated Blitz game,https://lichess.org/IkW0pPW3,2024.08.01,-,Douglas930,enmaraujo,0-1,2024.08.01,00:04:59,901,1296,,,A00,Van't Kruijs Opening,180+2,Time forfeit,"1. e3 1... e5 2. Nf3 2... d6 3. c3 3... Bg4 4. Be2 4... Nf6 5. d4 5... e4 6. Nfd2 6... Bxe2 7. Qxe2 7... d5 8. f3 8... c6 9. fxe4 9...
dxe4 10. Nb3 10... Nbd7 11. N1d2 11... Qc7 12.
Nc4 12... b5 13. Ne5 13... Nxe5 14. dxe5 14... Nd5 15. a4 15... a6 16.
axb5 16... cxb5 17. Nd4 17... Bc5 18. Nxb5 18... Qb6 19. Nd4 19... O-O 20. b4 20... Bxd4 21.
exd4 21... Nxc3 22. Qd2 22... Nd5 23. Rf1 23... Nxb4 24. Ba3 24... Nd3 25. Ke2 25... Rfc8",1. 0:03:00 1... 0:03:00 2. 0:02:59 2... 0:03:01 3. 0:02:58 3... 0:03:00 4. 0:02:58 4... 0:03:01 5. 0:02:58 5... 0:03:00 6. 0:02:51 6... 0:03:00 7. 0:02:51 7... 0:03:01 8. 0:02:51 8... 0:02:59 9. 0:02:51 9... 0:02:59 10. 0:02:39 10... 0:02:57 11. 0:02:30 11... 0:02:56 12. 0:02:25 12... 0:02:53 13. 0:02:11 13... 0:02:52 14. 0:02:12 14... 0:02:51 15. 0:01:55 15... 0:02:48 16. 0:01:52 16... 0:02:48 17. 0:01:26 17... 0:02:46 18. 0:01:23 18... 0:02:42 19. 0:01:08 19... 0:02:38 20. 0:00:55 20... 0:02:37 21. 0:00:51 21... 0:02:37 22. 0:00:30 22... 0:02:28 23. 0:00:19 23... 0:02:28 24. 0:00:16 24... 0:02:28 25. 0:00:10 25... 0:02:26,
Rated Blitz game,https://lichess.org/QlWBowFz,2024.08.01,-,pambo,er_pollo_incallito,1-0,2024.08.01,00:05:00,2051,2112,,,A45,Indian Defense,180+2,Normal,"1. d4 1... Nf6 2. Bf4 2... g6 3. e3 3... Bg7 4. h3 4... O-O 5. Nf3 5... c5 6. c3 6... d6 7. Be2 7... Be6 8. O-O 8... Nc6 9. Bg5 9... Bf5 10. g4 10... Bd7 11.
Bxf6 11... Bxf6 12. dxc5 12... dxc5 13. Qb3 13... Qb6 14. Qxb6 14... axb6 15. Nbd2 15... Ne5 16.
Nxe5 16... Bxe5 17. Nc4 17... Bc7 18. Rfd1 18... Bc6 19. a3 19... Rfd8 20. f4 20... b5 21.
Nd2 21... c4 22. Kf2 22... Bb6 23. Nf3 23... f6 24. Nd4 24... Bd7 25.
Bf3 25... e5 26. fxe5 26... fxe5 27. Nc2 27... Rf8 28. Ke2 28... Bc6 29.
Bxc6 29... bxc6 30. Rd6 30... Rac8 31. Rad1 31... Kg7 32. Nb4 32... e4 33. Nxc6 33... Rf3 34.
Rd7 34... Kh6 35. R7d6 35... Rxe3 36. Kd2 36... Rxh3 37. Ne5 37... Be3 38. Kc2 38... Rf8 39.
Rd7 39... g5 40. Nf7 40... Kg6 41. R1d6 41... Kg7 42. Nxg5 42... Kg8 43. Nxh3",1. 0:03:00 1... 0:03:00 2. 0:03:01 2... 0:03:01 3. 0:03:03 3... 0:03:02 4. 0:03:04 4... 0:03:04 5. 0:03:06 5... 0:03:05 6. 0:03:06 6... 0:03:06 7. 0:03:05 7... 0:03:07 8. 0:03:07 8... 0:03:08 9. 0:03:06 9... 0:02:55 10. 0:03:04 10... 0:02:53 11. 0:03:00 11... 0:02:52 12. 0:03:00 12... 0:02:53 13. 0:02:59 13... 0:02:50 14. 0:02:59 14... 0:02:52 15. 0:02:59 15... 0:02:32 16. 0:03:00 16... 0:02:34 17. 0:03:00 17... 0:02:31 18. 0:03:01 18... 0:02:28 19. 0:03:01 19... 0:02:20 20. 0:02:59 20... 0:02:20 21. 0:02:53 21... 0:02:21 22. 0:02:52 22... 0:02:20 23. 0:02:52 23... 0:02:19 24. 0:02:53 24... 0:02:14 25. 0:02:51 25... 0:02:12 26. 0:02:47 26... 0:02:14 27. 0:02:46 27... 0:02:14 28. 0:02:43 28... 0:02:11 29. 0:02:44 29... 0:02:13 30. 0:02:43 30... 0:02:13 31. 0:02:43 31... 0:01:53 32. 0:02:42 32... 0:01:49 33. 0:02:42 33... 0:01:45 34. 0:02:39 34... 0:01:41 35. 0:02:34 35... 0:01:38 36. 0:02:33 36... 0:01:32 37. 0:02:28 37... 0:01:17 38. 0:02:27 38... 0:01:16 39. 0:02:21 39... 0:00:29 40. 0:02:15 40... 0:00:30 41. 0:02:13 41... 0:00:28 42. 0:02:13 42... 0:00:24 43. 0:02:14,
Blitz swiss https://lichess.org/swiss/5tPHXLF9,https://lichess.org/xoWEmr85,2024.08.01,-,BrokenArrow827,Johnfonseca1983,1-0,2024.08.01,00:05:00,2119,1709,,,B00,King's Pawn Game,180+2,Time forfeit,1. e4,1. 0:03:00,
Blitz swiss https://lichess.org/swiss/5tPHXLF9,https://lichess.org/ghDoC2Gp,2024.08.01,-,Raulmartinez62,jhonatanpro,0-1,2024.08.01,00:05:00,1788,2133,,,?,?,180+2,Time forfeit,,,
Blitz swiss https://lichess.org/swiss/5tPHXLF9,https://lichess.org/UdZg9O63,2024.08.01,-,Rachees,keilateresa,0-1,2024.08.01,00:05:00,2151,1965,,,?,?,180+2,Time forfeit,,,
Blitz swiss https://lichess.org/swiss/5tPHXLF9,https://lichess.org/pqxhpKb0,2024.08.01,-,Juan_333,Elias-30,0-1,2024.08.01,00:05:00,1996,2156,,,D20,"Queen's Gambit Accepted: Central Variation, Alekhine System",180+2,Normal,"1. d4 1... d5 2. c4 2... dxc4 3. e4 3... Nf6 4. f3 4... c5 5. dxc5 5... Qxd1 6. Kxd1 6... e5 7. Be3 7... Be6 8. Na3 8... Na6 9.
Nxc4 9... Nxc5 10. Nxe5 10... O-O-O 11. Ke1 11... Bd6 12. Bxc5 12... Bxe5 13. Ba3 13... Kb8 14.
Nh3 14... h6 15. Be2 15... Rc8 16. Kf2 16... Rc2 17. Ke3 17... Rhc8 18.
Rhd1 18... Bxb2 19. Bxb2 19... Rxb2 20. Rdb1 20... Rcc2 21. Rxb2 21... Rxb2 22. a4 22... g5 23. a5 23... Nd7 24. a6 24...
b6 25. Rd1 25... Kc7 26. Rc1 26... Nc5 27. Rd1 27... Ra2 28. Nf2 28... Nxa6 29. Nd3 29... Nc5 30. Ne5 30... a5 31.
Rb1 31... Na4 32. Nc4 32... Bxc4 33. Bxc4 33... Ra3 34. Kf2 34... Nc3 35.
Rc1 35... f6 36. g3 36... Kd6 37. Bd3 37... Kc5 38. Be2 38... Kd4 39.
h4 39... Ra2 40. Re1 40... Rxe2 41. Rxe2 41... Nxe2 42. Kxe2 42... b5 43.
hxg5 43... hxg5 44. Kd2 44... b4 45. Kc2 45...
a4 46. Kb2 46... Ke3 47. f4 47... Kxe4",1. 0:03:00 1... 0:03:00 2. 0:03:00 2... 0:03:01 3. 0:02:30 3... 0:03:02 4. 0:01:36 4... 0:02:57 5. 0:01:30 5... 0:02:55 6. 0:01:32 6... 0:02:54 7. 0:01:24 7... 0:02:53 8. 0:01:14 8... 0:02:43 9. 0:00:59 9... 0:02:35 10. 0:00:47 10... 0:02:22 11. 0:00:41 11... 0:02:19 12. 0:00:15 12... 0:02:02 13. 0:00:07 13... 0:02:00 14. 0:00:03 14... 0:02:00 15. 0:00:03 15... 0:01:58 16. 0:00:03 16... 0:01:58 17. 0:00:03 17... 0:01:43 18. 0:00:02 18... 0:01:32 19. 0:00:03 19... 0:01:33 20. 0:00:03 20... 0:01:33 21. 0:00:03 21... 0:01:35 22. 0:00:03 22... 0:01:31 23. 0:00:03 23... 0:01:24 24. 0:00:03 24... 0:01:25 25. 0:00:04 25... 0:01:25 26. 0:00:05 26... 0:01:26 27. 0:00:04 27... 0:01:03 28. 0:00:04 28... 0:00:58 29. 0:00:03 29... 0:00:48 30. 0:00:04 30... 0:00:44 31. 0:00:03 31... 0:00:39 32. 0:00:03 32... 0:00:39 33. 0:00:05 33... 0:00:38 34. 0:00:05 34... 0:00:33 35. 0:00:04 35... 0:00:33 36. 0:00:03 36... 0:00:32 37. 0:00:03 37... 0:00:31 38. 0:00:03 38... 0:00:29 39. 0:00:03 39... 0:00:31 40. 0:00:03 40... 0:00:31 41. 0:00:04 41... 0:00:32 42. 0:00:06 42... 0:00:33 43. 0:00:06 43... 0:00:34 44. 0:00:06 44... 0:00:33 45. 0:00:03 45... 0:00:34 46. 0:00:03 46... 0:00:34 47. 0:00:03 47... 0:00:33,
Blitz swiss https://lichess.org/swiss/5tPHXLF9,https://lichess.org/wGidmBZi,2024.08.01,-,CrispinKream,Jcrachess200,1-0,2024.08.01,00:05:00,2344,2007,,,A40,Queen's Pawn Game,180+2,Time forfeit,1. d4,1. 0:03:00,
Blitz swiss https://lichess.org/swiss/5tPHXLF9,https://lichess.org/VYqpP4bH,2024.08.01,-,andrespic6,GMshooter96,0-1,2024.08.01,00:05:00,2112,2550,,,C51,"Italian Game: Evans Gambit, Anderssen Variation, Cordel Line",180+2,Normal,"1. e4 1... e5 2. Nf3 2... Nc6 3. Bc4 3... Bc5 4. b4 4... Bxb4 5. c3 5...
Be7 6. d4 6...
Na5 7. Nxe5 7...
Nxc4 8. Nxc4 8... d5 9. Ne5 9... Nf6 10.
Qa4 10... c6 11. exd5 11... Qxd5 12. O-O 12...
O-O 13. Ba3 13... Re8 14. Qb3 14... Qxb3 15. axb3 15... Be6 16. Nd2 16...
Nd5 17. c4 17... Nf4 18. Rfe1 18... Bf6 19. g3 19... Ng6 20. f4 20...
Ne7 21. Ndf3 21... h5 22. Kf2 22... Nf5 23.
Rad1 23... Rad8 24. Bc5 24... b6 25. Bb4 25...
Rc8 26. Bc3 26... Nd6 27. Ra1 27... Bf5 28.
Rxa7 28... Ne4 29. Rxe4 29... Bxe4 30. Ng5 30... Bxg5 31. fxg5 31... Bg6 32. Rb7 32... b5 33. c5 33... Re6 34. Rb6 34... Be4 35. Ke3 35...
Bd5 36. b4 36... f6 37. gxf6 37... gxf6 38. Kf4 38... fxe5 39. dxe5 39... Rf8 40. Ke3 40... Rf3 41. Kd2 41... Rf2 42. Ke3 42...
Rxh2 43. Rb7 43... Rc2 44. Bd4 44... Rc4 45.
Rb8 45... Kh7 46. Rf8 46...
Rxb4 47. Rf7 47... Kg6",1. 0:03:00 0. 0:03:00 1... 0:02:57 0. 0:03:01 2. 0:02:47 0. 0:03:01 2... 0:02:45 0. 0:03:01 3. 0:02:46 0. 0:03:02 3... 0:02:45 0. 0:03:03 4. 0:02:04 0. 0:03:03 4... 0:02:06 0. 0:03:05 5. 0:01:55 0. 0:02:53 5... 0:01:37 0. 0:02:53 6. 0:01:32 0. 0:02:55 6... 0:01:28 0. 0:02:56 7. 0:01:21 0. 0:02:47 7... 0:01:09 0. 0:02:16 8. 0:01:09 0. 0:02:16 8... 0:01:02 0. 0:02:14 9. 0:00:49 0. 0:02:15 9... 0:00:39 0. 0:02:06 10. 0:00:24 0. 0:02:07 10... 0:00:23 0. 0:02:05 11. 0:00:24 0. 0:01:54 11... 0:00:23 0. 0:01:53 12. 0:00:18 0. 0:01:54 12... 0:00:16 0. 0:01:54 13. 0:00:17 0. 0:01:41 13... 0:00:17 0. 0:01:38 14. 0:00:17 0. 0:01:38 14... 0:00:16 0. 0:01:39 15. 0:00:15 0. 0:01:41 15... 0:00:10 0. 0:01:37 16. 0:00:10 0. 0:01:29 16... 0:00:11 0. 0:01:22 17. 0:00:10 1. 0:01:15 17... 0:00:11 0. 0:01:09 18. 0:00:12 0. 0:01:10 18... 0:00:12 0. 0:01:11 19. 0:00:11 0. 0:01:13 19... 0:00:12 0. 0:01:14 20. 0:00:14 0. 0:01:16 20... 0:00:15 0. 0:01:16 21. 0:00:16 0. 0:01:13 21... 0:00:16 0. 0:01:15 22. 0:00:13 0. 0:01:11 22... 0:00:14 0. 0:01:08 23. 0:00:13 0. 0:01:07 23... 0:00:14 0. 0:01:06 24. 0:00:14 0. 0:01:07,
Rated Blitz game,https://lichess.org/MVXhrWoY,2024.08.01,-,Ach-bdl_5,hennytho,0-1,2024.08.01,00:05:25,765,687,,,B10,Caro-Kann Defense,180+2,Normal,"1. e4 1... c6 2. Qh5 2... d5 3. Qe5 3... Nf6 4. Qg5 4... Bg4 5. Qh4 5... e6 6. f3 6... Bh5 7. g4 7... Bg6 8. g5 8... Nh5 9. exd5 9...
Qxd5 10. f4 10... Qxh1 11. Qg4 11... Qxh2 12. Bg2 12... Qxf4 13. Qxf4 13... Nxf4 14. Nf3 14... Nxg2 15. Kf2 15... Nf4 16.
Ne5 16... Bxc2 17. Nxf7 17... Kxf7",1. 0:03:00 1... 0:03:00 2. 0:02:58 2... 0:03:02 3. 0:02:55 3... 0:03:04 4. 0:02:50 4... 0:03:01 5. 0:02:42 5... 0:03:00 6. 0:02:41 6... 0:02:59 7. 0:02:37 7... 0:02:55 8. 0:02:32 8... 0:02:52 9. 0:02:15 9... 0:02:49 10. 0:02:08 10... 0:02:45 11. 0:02:00 11... 0:02:39 12. 0:01:47 12... 0:02:36 13. 0:01:41 13... 0:02:38 14. 0:01:34 14... 0:02:38 15. 0:01:31 15... 0:02:27 16. 0:01:28 16... 0:02:23 17. 0:01:23 17... 0:02:23,
Rated Blitz game,https://lichess.org/kiZPXnjn,2024.08.01,-,badsneakers,Leondante,0-1,2024.08.01,00:05:25,957,1051,,,E20,Nimzo-Indian Defense,180+2,Normal,"1. d4 1... Nf6 2. c4 2... e6 3. Nc3 3... Bb4 4. Bd2 4... O-O 5. e4 5... Bxc3 6. Bxc3 6...
Nxe4 7. Nf3 7... Nxc3 8. bxc3 8... Nc6 9.
Bd3 9... Re8 10. Ng5 10... Qxg5",1. 0:03:00 0. 0:03:00 1... 0:02:58 0. 0:02:56 2. 0:02:59 0. 0:02:56 2... 0:02:58 0. 0:02:52 3. 0:02:59 0. 0:02:51 3... 0:02:52 0. 0:02:51 4. 0:02:39 0. 0:02:50 4... 0:02:40 0. 0:02:49 5. 0:02:34 0. 0:02:49 5... 0:02:35 0. 0:02:34,
Rated Blitz game,https://lichess.org/9Ov5KBwq,2024.08.01,-,shasnylore_ul,Amerikiwi,0-1,2024.08.01,00:05:25,1980,1928,,,B40,"Sicilian Defense: Delayed Alapin Variation, with e6",180+2,Normal,"1. e4 1... c5 2. Nf3 2... e6 3. c3 3... d5 4. exd5 4... exd5 5. d4 5... Nf6 6. Bf4 6... Nc6 7. Bb5 7... Bd6 8. Ne5 8...
O-O 9. Bxc6 9... bxc6 10. O-O 10... Qc7 11.
Re1 11... Ne4 12. f3 12... Nf6 13. dxc5 13... Bxc5 14. Kh1 14... Bd6 15.
Qd2 15... Nh5 16. Bg3 16... Nxg3 17. hxg3 17... Bxe5",1. 0:03:00 0. 0:03:00 1... 0:03:00 0. 0:02:48 2. 0:03:00 0. 0:02:48 2... 0:03:01 0. 0:02:50 3. 0:03:03 0. 0:02:52 3... 0:02:57 0. 0:02:52 4. 0:02:51 0. 0:02:52 4... 0:02:50 0. 0:02:52 5. 0:02:46 0. 0:02:51 5... 0:02:47 0. 0:02:50 6. 0:02:45 0. 0:02:44 6... 0:02:15 0. 0:02:37 7. 0:02:10 0. 0:02:37 7... 0:01:35 0. 0:02:35 8. 0:01:03 0. 0:02:14 8... 0:00:38 0. 0:02:12 9. 0:00:37 0. 0:02:14,
Rated Blitz game,https://lichess.org/Zd9X5xD4,2024.08.01,-,sarlesch2,Rodriox,1-0,2024.08.01,00:05:25,1804,1708,,,D52,Queen's Gambit Declined,180+2,Normal,"1. Nf3 1... d5 2. d4 2... c6 3. c4 3... Nf6 4. Nc3 4... e6 5. Bg5 5... Nbd7 6. e3 6... dxc4 7. Bxc4 7... Be7 8.
O-O 8... b5 9. Bb3 9... a5 10. Qd3 10... b4 11. Ne2 11... Ba6 12.
Bc4 12... Bxc4 13. Qxc4 13... Qc7 14. a3 14...
O-O 15. Rfc1 15... Rfc8 16. axb4 16... Bxb4 17. Bxf6 17... Nxf6 18. Ne5 18... Qb6 19. Nxc6 19... Ra6 20. Ne7 20... Bxe7 21. Qxc8 21... Bf8 22. Qc2 22... Ra8 23. Nf4 23... Rb8 24. Rab1 24... Qb7 25. Nd3 25... Ne4 26. Qc6",1. 0:03:00 1... 0:03:00 2. 0:03:00 2... 0:03:01 3. 0:03:02 3... 0:03:01 4. 0:03:02 4... 0:03:00 5. 0:03:03 5... 0:02:58 6. 0:03:02 6... 0:02:58 7. 0:03:03 7... 0:02:58 8. 0:03:03 8... 0:02:58 9. 0:03:03 9... 0:02:58 10. 0:03:01 10... 0:02:45 11. 0:02:39 11... 0:02:38 12. 0:02:30 12... 0:02:36 13. 0:02:31 13... 0:02:34 14. 0:02:21 14... 0:02:31 15. 0:02:08 15... 0:02:29 16. 0:02:07 16... 0:02:16 17. 0:01:36 17... 0:02:15 18. 0:01:37 18... 0:01:33 19. 0:01:28 19... 0:01:12 20. 0:01:26 20... 0:01:12 21. 0:01:24 21... 0:01:09 22. 0:01:04 22... 0:01:03 23. 0:01:03 23... 0:00:55 24. 0:00:55 24... 0:00:49 25. 0:00:48 25... 0:00:47 26. 0:00:37,
Rated Blitz game,https://lichess.org/3ji5vDL4,2024.08.01,-,slhrh,pc-biatsch,1-0,2024.08.01,00:05:25,1203,1234,,,B00,Pirc Defense,180+2,Time forfeit,"1. e4 1... d6 2. d3 2... Nf6 3. Nf3 3... g6 4.
Bg5 4... Bg7 5. Be2 5... Nc6 6. c3 6... O-O 7. Bxf6 7... Bxf6 8. O-O 8... b6 9. a3 9... Bb7 10. Nbd2 10... e6 11. h3 11... Qd7 12.
Qc2 12... Ne5 13. d4 13... Nc6 14. Nc4 14...
Rfe8 15. b4 15... Ne7 16. Ne3 16... Rad8 17.
Rfd1 17... c5 18. e5 18...
dxe5 19. dxe5 19... Qxd1 20. Rxd1 20... Rxd1 21.
Qxd1 21... Bxf3 22. Bxf3 22... Bxe5 23. Nc4 23... Bxc3 24.
Qc1 24... Bd4 25. Qd1 25... Nf5 26. Be4 26...
Kf8 27. Bxf5 27... exf5 28. Qc2 28... Re6 29.
bxc5 29... Bxc5 30. Na5 30... Re1 31. Kh2 31...
Bd6 32. g3 32... Kg8 33. Nb3 33... Re4 34. Qc8 34... Kg7 35. Qa8 35...
Re2 36. Kg2 36... f4 37. gxf4 37... Bxf4 38. Qxa7 38... Be5 39. Qxb6 39...
Re1 40. Nd4",1. 0:03:00 0. 0:03:00 1... 0:03:01 0. 0:03:00 2. 0:03:02 0. 0:03:00 2... 0:03:03 0. 0:03:01 3. 0:02:59 0. 0:03:01 3... 0:02:59 0. 0:02:57 4. 0:02:58 0. 0:02:56 4... 0:02:59 0. 0:02:53 5. 0:02:59 0. 0:02:48 5... 0:02:59 0. 0:02:29 6. 0:02:59 0. 0:02:27 6... 0:02:44 0. 0:02:23 7. 0:02:38 0. 0:02:17 7... 0:02:26 0. 0:02:10 8. 0:02:19 0. 0:01:59 8... 0:02:14 0. 0:01:37 9. 0:02:08 0. 0:01:31 9... 0:02:00 0. 0:01:31 10. 0:01:59 0. 0:01:09 10... 0:01:56 0. 0:01:10 11. 0:01:56 0. 0:00:56 11... 0:01:56 0. 0:00:57 12. 0:01:47 0. 0:00:56 12... 0:01:40 0. 0:00:51 13. 0:01:39 0. 0:00:35 13... 0:01:35 0. 0:00:30 14. 0:01:34 0. 0:00:28 14... 0:01:30 0. 0:00:22 15. 0:01:26 0. 0:00:22 15... 0:01:17 0. 0:00:16 16. 0:01:15 0. 0:00:17 16... 0:01:15 0. 0:00:17 17. 0:01:11 0. 0:00:15 17... 0:01:11 1. 0:00:15 18. 0:01:06 0. 0:00:12 18... 0:01:06 4. 0:00:12 19. 0:01:01 4. 0:00:12 19... 0:00:58 4. 0:00:05 20. 0:00:54 4. 0:00:05 20... 0:00:51,
Rated Blitz game,https://lichess.org/UTPe6kbL,2024.08.01,-,HarryPness,pavelbelik,0-1,2024.08.01,00:05:25,1534,1501,,,B10,Caro-Kann Defense,180+2,Normal,"1. e4 1... c6 2. Nf3 2... d5 3. exd5 3... cxd5 4. d4 4... Bg4 5. h3 5... Bh5 6. Be2 6...
Bxf3 7. Bxf3 7... e6 8. O-O 8... Nc6 9. Bf4 9... Qb6 10. b3 10... Qxd4 11. Nc3 11... Qxc3 12. Bd2 12...
Qc5 13. Re1 13... Nf6 14. a3 14... Qb6 15.
Be3 15... Qc7 16. Bxd5 16... Nxd5 17. Bg5 17...
Be7 18. Bxe7 18... Ndxe7",1. 0:03:00 0. 0:03:00 1... 0:03:01 0. 0:02:59 2. 0:03:02 0. 0:02:59 2... 0:03:04 0. 0:03:00 3. 0:03:04 0. 0:02:59 3... 0:03:05 0. 0:02:58 4. 0:03:06 0. 0:03:00 4... 0:03:06 0. 0:03:02 5. 0:03:06 0. 0:03:01 5... 0:02:44 0. 0:03:01 6. 0:02:39 0. 0:02:56 6... 0:02:32 0. 0:02:49 7. 0:02:32 0. 0:02:47 7... 0:02:27 0. 0:02:45 8. 0:02:26 0. 0:02:45 8... 0:02:18 0. 0:02:31 9. 0:02:14 0. 0:02:22 9... 0:02:08 1. 0:02:20,
Rated Blitz game,https://lichess.org/Sl3F6Qt1,2024.08.01,-,ArbanArfan,abukorea,1-0,2024.08.01,00:05:25,1483,1501,,,C02,French Defense: Advance Variation,180+2,Time forfeit,"1. e4 1... e6 2. d4 2... d5 3.
e5 3... c5 4.
c3 4... cxd4 5.
cxd4 5... Nc6 6. Bb5 6... a6 7. Bxc6 7... bxc6 8. Nf3 8...
Qa5 9. Bd2 9... Qb6 10. Qc2 10... h6 11.
Nc3 11... Ne7 12. Na4 12... Qb5 13. Nc5 13... Nf5 14. a4 14... Qb6 15. b4 15... Bxc5 16. bxc5 16...
Qc7 17. O-O 17... O-O 18. Rab1 18... a5 19.
Rb6 19... Ba6 20. Rfb1 20... Ne7 21. Bxa5 21...
Bc4 22. Bc3 22... Ng6 23. a5 23... Nf4 24.
Qd2 24... Ne2 25. Kh1 25... Nxc3 26. Qxc3 26...
f6 27. Rb7 27... Qc8 28. Qa3 28... Ba6 29. R7b6 29...
fxe5 30. Nxe5 30... Qe8 31. Nxc6 31... Qg6 32. h3",1. 0:03:00 0. 0:03:00 1... 0:03:00 0. 0:03:01 2. 0:03:01 0. 0:03:02 2... 0:03:01 0. 0:03:03 3. 0:02:56 0. 0:03:05 3... 0:02:56 0. 0:03:04 4. 0:02:52 0. 0:03:05 4... 0:02:47 0. 0:02:54 5. 0:02:46 0. 0:02:47 5... 0:02:42 0. 0:02:42 6. 0:02:43 0. 0:02:42 6... 0:02:37 0. 0:02:35 7. 0:02:29 0. 0:02:26 7... 0:02:27 0. 0:02:19 8. 0:02:22 0. 0:01:46 8... 0:02:08 1. 0:01:45 9. 0:02:02 0. 0:01:45 9... 0:01:58 1. 0:01:45 10. 0:01:52 0. 0:01:40 10... 0:01:51 1. 0:01:03 11. 0:01:25 1. 0:00:54 11... 0:01:07 1. 0:00:39 12. 0:01:04 1. 0:00:39 12... 0:00:57 1. 0:00:34 13. 0:00:55 0. 0:00:28 13... 0:00:55 0. 0:00:23 14. 0:00:53 0. 0:00:16 14... 0:00:38 1. 0:00:14 15. 0:00:36 1. 0:00:12 15... 0:00:35 1. 0:00:09 16. 0:00:29 1. 0:00:05 16... 0:00:26,
Rated Blitz game,https://lichess.org/pIr3rtfw,2024.08.01,-,luchle,Philantrop,1-0,2024.08.01,00:05:25,2138,2152,,,A20,English Opening: King's English Variation,180+2,Normal,"1. c4 1... e5 2. g3 2... Nf6 3. Bg2 3... c6 4. Nf3 4... e4 5. Nd4 5... d5 6. d3 6...
exd3 7. Qxd3 7... dxc4 8. Qxc4 8... Be7 9. O-O 9... O-O 10. Nc3 10...
Nbd7 11. Rd1 11... Nb6 12. Qb3 12... Qe8 13. a4 13... h6 14. a5 14...
Nbd5 15. Nxd5 15... Nxd5 16. e4 16... Nc7 17.
Bf4 17... Ne6 18. Be3 18... Nxd4 19. Bxd4 19... Bd8 20. Qc2 20... Bc7 21.
a6 21... bxa6 22. Bc5",1. 0:03:00 1... 0:03:00 2. 0:03:00 2... 0:02:59 3. 0:03:01 3... 0:03:00 4. 0:03:01 4... 0:02:59 5. 0:03:02 5... 0:03:01 6. 0:03:01 6... 0:02:43 7. 0:02:57 7... 0:02:43 8. 0:02:57 8... 0:02:42 9. 0:02:53 9... 0:02:43 10. 0:02:53 10... 0:02:43 11. 0:02:52 11... 0:02:41 12. 0:02:48 12... 0:02:20 13. 0:02:40 13... 0:02:02 14. 0:02:36 14... 0:02:01 15. 0:02:29 15... 0:02:03 16. 0:02:23 16... 0:02:02 17. 0:02:13 17... 0:01:58 18. 0:02:09 18... 0:01:47 19. 0:02:08 19... 0:01:23 20. 0:01:55 20... 0:01:16 21. 0:01:53 21... 0:01:11 22. 0:01:50,
Rated Blitz game,https://lichess.org/nAx6rbFC,2024.08.01,-,ebrahimsharshira,auket,0-1,2024.08.01,00:05:25,2002,2001,,,C00,French Defense: Two Knights Variation,180+2,Time forfeit,"1. e4 1... e6 2. Nf3 2... d5 3. Nc3 3... Nf6 4. Bd3 4... c5 5. exd5 5... exd5 6. O-O 6...
Be7 7. Re1 7... O-O 8.
Nb1 8... Nc6 9. c3 9... Bg4 10. Be2 10... c4 11. d4 11... Ne4 12.
Nbd2 12... f5 13. h3 13... Bh5 14. Nxe4 14... fxe4 15. Nh2 15... Bg6 16.
Bg4 16... Bd6 17. Nf1 17... Qf6 18. Be3 18... Rae8 19. Qd2 19... h5 20.
Bg5 20... Qf7 21. Bd1 21... Ne7 22. Bh4 22... Nf5 23. Bg5 23... b5 24.
a3 24... a5 25. Ne3 25... Nxe3 26. Bxe3 26... Qf5 27. Bc2 27... Bf7 28.
Rf1 28... g5 29. Bxg5 29... Qg6 30. Be3 30... Be6 31. Kh1 31... Rf7 32.
Bd1 32... Rg7 33. Rg1 33... Bxh3 34. g3 34... Bg4 35. Bxg4 35... hxg4 36. Kg2 36... Qf5 37. Qe2 37... Qf3 38. Qxf3 38... exf3 39. Kf1 39... Rge7 40. Ke1 40... Rxe3 41. fxe3 41... Rxe3 42. Kd2 42... Re2 43. Kd1 43... Rxb2 44. a4 44... b4 45. cxb4 45... Bxb4 46. Rf1 46... Rd2 47. Kc1 47... Rxd4 48. Ra2 48... Re4 49. Rc2 49... c3 50. Kb1 50... d4",1. 0:03:00 1... 0:03:00 2. 0:03:00 2... 0:03:01 3. 0:03:01 3... 0:03:01 4. 0:02:59 4... 0:02:58 5. 0:02:57 5... 0:02:58 6. 0:02:58 6... 0:02:58 7. 0:02:58 7... 0:02:58 8. 0:02:53 8... 0:02:57 9. 0:02:53 9... 0:02:57 10. 0:02:53 10... 0:02:57 11. 0:02:51 11... 0:02:54 12. 0:02:52 12... 0:02:54 13. 0:02:50 13... 0:02:54 14. 0:02:47 14... 0:02:54 15. 0:02:48 15... 0:02:46 16. 0:02:46 16... 0:02:42 17. 0:02:44 17... 0:02:39 18. 0:02:43 18... 0:02:37 19. 0:02:37 19... 0:02:34 20. 0:02:30 20... 0:02:34 21. 0:02:17 21... 0:02:30 22. 0:02:17 22... 0:02:30 23. 0:02:13 23... 0:02:11 24. 0:02:12 24... 0:02:10 25. 0:02:08 25... 0:02:03 26. 0:02:08 26... 0:01:53 27. 0:01:50 27... 0:01:45 28. 0:01:48 28... 0:01:44 29. 0:01:41 29... 0:01:44 30. 0:01:34 30... 0:01:44 31. 0:01:28 31... 0:01:41 32. 0:01:10 32... 0:01:36 33. 0:01:09 33... 0:01:34 34. 0:00:34 34... 0:01:33 35. 0:00:22 35... 0:01:33 36. 0:00:20 36... 0:01:30 37. 0:00:20 37... 0:01:28 38. 0:00:19 38... 0:01:29 39. 0:00:15 39... 0:01:25 40. 0:00:14 40... 0:01:24 41. 0:00:15 41... 0:01:23 42. 0:00:13 42... 0:01:21 43. 0:00:11 43... 0:01:20 44. 0:00:10 44... 0:01:20 45. 0:00:11 45... 0:01:20 46. 0:00:09 46... 0:01:19 47. 0:00:06 47... 0:01:20 48. 0:00:05 48... 0:01:19 49. 0:00:03 49... 0:01:20 50. 0:00:03 50... 0:01:20,
Rated Blitz game,https://lichess.org/vRYXmWEF,2024.08.01,-,sergio_c280,hindusoliton,0-1,2024.08.01,00:05:25,1121,1154,,,C41,Philidor Defense,180+2,Normal,"1. e4 1... e5 2. Nf3 2... d6 3. Bc4 3... h6 4. d3 4... Nf6 5. h3 5... a5 6. g4 6... c6 7. g5 7... hxg5 8. Nxg5 8... d5 9. exd5 9...
cxd5 10. Bb5 10... Bd7 11. Bxd7 11... Nbxd7 12. Qf3 12... Be7 13. Nc3 13... d4 14. Nd5 14...
O-O 15. Nxf6 15... Bxf6 16. Rg1 16... Rb8 17.
Qg2 17... Re8 18. Ne4 18... Nb6 19. Bg5 19... Bxg5 20. Nxg5 20... g6 21.
Nxf7 21... Kxf7 22. Qxg6 22... Ke7 23. Qg7 23... Kd6 24. Rg6 24... Re6 25. Rxe6 25... Kxe6 26. Qg6 26... Qf6 27. Qg4 27... Kd6 28. Kd2 28... Rf8 29. Rf1 29... Qh6 30. Kd1 30... Na4 31.
Ke1 31... Nxb2 32. Ke2 32... Na4 33. Rb1 33... Nc3 34. Kf1 34... Nxb1 35.
Ke2 35... Rh8 36. c4 36... dxc3 37. d4 37... exd4 38. Qxd4 38... Ke6 39. Qb6 39... Kf5 40. Qxb1 40... Kg5 41. Qb5 41... Kg6 42. Qxa5 42... Qd2 43. Kf3 43... Rf8 44.
Kg4 44... Qf4",1. 0:03:00 1... 0:03:00 2. 0:03:01 2... 0:03:00 3. 0:03:01 3... 0:03:02 4. 0:03:00 4... 0:03:03 5. 0:02:59 5... 0:03:04 6. 0:02:58 6... 0:03:06 7. 0:02:51 7... 0:03:05 8. 0:02:49 8... 0:03:04 9. 0:02:49 9... 0:03:02 10. 0:02:49 10... 0:03:03 11. 0:02:48 11... 0:03:04 12. 0:02:45 12... 0:03:04 13. 0:02:35 13... 0:03:00 14. 0:02:33 14... 0:02:58 15. 0:02:31 15... 0:02:58 16. 0:02:18 16... 0:02:55 17. 0:02:05 17... 0:02:50 18. 0:02:05 18... 0:02:49 19. 0:01:57 19... 0:02:42 20. 0:01:57 20... 0:02:41 21. 0:01:51 21... 0:02:40 22. 0:01:51 22... 0:02:30 23. 0:01:48 23... 0:02:30 24. 0:01:48 24... 0:02:32 25. 0:01:45 25... 0:02:31 26. 0:01:43 26... 0:02:31 27. 0:01:42 27... 0:02:30 28. 0:01:39 28... 0:02:31 29. 0:01:40 29... 0:02:30 30. 0:01:38 30... 0:02:29 31. 0:01:12 31... 0:02:23 32. 0:01:07 32... 0:02:17 33. 0:01:07 33... 0:02:17 34. 0:01:06 34... 0:02:17 35. 0:01:07 35... 0:02:14 36. 0:00:56 36... 0:02:13 37. 0:00:51 37... 0:02:08 38. 0:00:50 38... 0:02:05 39. 0:00:47 39... 0:02:05 40. 0:00:48 40... 0:01:59 41. 0:00:47 41... 0:01:58 42. 0:00:39 42... 0:01:53 43. 0:00:39 43... 0:01:49 44. 0:00:41 44... 0:01:45,
Rated Blitz game,https://lichess.org/gujBhLWi,2024.08.01,-,FlowMaster90,estellerfran,0-1,2024.08.01,00:05:26,1268,1309,,,C20,King's Pawn Game: Wayward Queen Attack,180+2,Normal,"1. e4 1... e5 2. Qh5 2... d6 3. Bc4 3... Qe7 4. c3 4... Nf6 5. Qf3 5... Be6 6. d3 6...
Bxc4 7. dxc4 7... Qe6 8. b3 8... h6 9. a4 9... Nbd7 10. h4 10... Nc5 11. Nd2 11... Be7 12.
Ba3 12... O-O 13. Bxc5 13... dxc5 14. h5 14... Rfd8 15. O-O-O 15... Nh7 16. Nh3 16... Ng5 17. Nxg5 17... Bxg5 18. g4 18... Rd7 19. Qf5 19... Qb6 20. Qxd7 20... Rd8 21.
Qb5 21... Qd6 22. Kb2 22... Bxd2 23. Qxb7 23... Qd3 24. Qxc7 24... Bxc3 25. Ka3 25... Bb4 26. Ka2 26... Qc2 27. Ka1 27... Rxd1 28. Rxd1 28... Qxd1 29. Kb2 29... Qd2 30.
Kb1 30... Qd1 31. Ka2 31... Qc2 32. Ka1 32... Bc3",1. 0:03:00 1... 0:03:00 2. 0:03:01 2... 0:03:00 3. 0:03:02 3... 0:02:55 4. 0:03:02 4... 0:02:55 5. 0:02:57 5... 0:02:55 6. 0:02:56 6... 0:02:55 7. 0:02:58 7... 0:02:55 8. 0:02:56 8... 0:02:55 9. 0:02:51 9... 0:02:55 10. 0:02:45 10... 0:02:53 11. 0:02:37 11... 0:02:50 12. 0:02:35 12... 0:02:48 13. 0:02:35 13... 0:02:48 14. 0:02:27 14... 0:02:43 15. 0:02:22 15... 0:02:30 16. 0:02:13 16... 0:02:16 17. 0:02:12 17... 0:02:16 18. 0:01:57 18... 0:01:56 19. 0:01:23 19... 0:01:52 20. 0:01:21 20... 0:01:50 21. 0:01:17 21... 0:01:40 22. 0:00:44 22... 0:01:34 23. 0:00:41 23... 0:01:31 24. 0:00:31 24... 0:01:28 25. 0:00:31 25... 0:01:27 26. 0:00:32 26... 0:01:18 27. 0:00:28 27... 0:01:16 28. 0:00:25 28... 0:01:16 29. 0:00:24 29... 0:01:12 30. 0:00:24 30... 0:01:04 31. 0:00:23 31... 0:01:00 32. 0:00:23 32... 0:00:56,
Rated Blitz game,https://lichess.org/LYCrGsDv,2024.08.01,-,EigenChex,AhmadAssem,1-0,2024.08.01,00:05:13,1218,1157,,,C41,Philidor Defense,180+2,Normal,"1. e4 1... e5 2. Nf3 2... d6 3. d3 3... Bg4 4. Be2 4... Bxf3 5. Bxf3 5... Nc6 6. Nc3 6...
Nf6 7. Be3 7... Qd7 8.
O-O 8... O-O-O 9. Nd5 9... Nxd5 10. exd5 10... Ne7 11. c4 11... b6 12.
Bg4 12... f5 13. Bh3 13... b5 14. g4 14... bxc4 15. gxf5 15... Qb5 16.
f6 16... Kb8 17. fxe7 17... Bxe7 18. dxc4 18... Qxc4 19. b3 19... Qe4 20.
Re1 20... Rdf8 21. Bxa7 21... Kxa7 22. Rxe4 22... Bh4 23. Ra4 23... Kb7 24. Rxh4 24... g5 25.
Rb4 25... Ka7 26. Qe2 26... Rb8 27. Qe3 27... Rb6 28. Rxb6 28... cxb6 29. Kf1 29... Rf8 30. Qxg5 30... Rf3 31. Qe7 31... Ka6 32. Bg2 32... Rf5 33. Qxd6 33... e4 34.
Qb4 34... e3 35. Qd4 35... Rxf2 36. Ke1 36... Rxg2 37. Qxe3 37... Rxh2 38. Qe2 38... Rxe2 39. Kxe2 39... h5 40. Rc1 40...
Kb5 41. d6 41... h4 42. d7 42... Ka6 43. d8=Q 43... h3 44. Qh4 44...
b5 45. Qxh3 45... Ka5 46. Qc8 46... Kb4 47. Qf8 47... Ka5 48. Rc8 48... Ka6 49. Ra8 49... Kb6 50. Qd6 50... Kb7 51.
Qa6 51... Kc7 52. Qh6 52... Kb7 53. Rg8 53... Ka7 54. Rg7 54... Kb8 55.
Qh8",1. 0:03:00 1... 0:03:00 2. 0:03:00 2... 0:03:01 3. 0:03:01 3... 0:03:02 4. 0:03:02 4... 0:03:03 5. 0:03:03 5... 0:03:05 6. 0:03:03 6... 0:03:06 7. 0:03:04 7... 0:03:04 8. 0:03:04 8... 0:03:04 9. 0:03:05 9... 0:03:02 10. 0:03:05 10... 0:03:01 11. 0:03:07 11... 0:03:00 12. 0:02:58 12... 0:03:00 13. 0:02:59 13... 0:02:49 14. 0:02:58 14... 0:02:49 15. 0:02:59 15... 0:02:41 16. 0:02:59 16... 0:02:32 17. 0:03:00 17... 0:02:33 18. 0:02:59 18... 0:02:28 19. 0:03:00 19... 0:02:18 20. 0:02:56 20... 0:02:11 21. 0:02:57 21... 0:02:07 22. 0:02:58 22... 0:01:59 23. 0:02:53 23... 0:02:00 24. 0:02:36 24... 0:01:58 25. 0:02:34 25... 0:01:53 26. 0:02:30 26... 0:01:50 27. 0:02:29 27... 0:01:48 28. 0:02:29 28... 0:01:49 29. 0:02:29 29... 0:01:40 30. 0:02:29 30... 0:01:38 31. 0:02:28 31... 0:01:38 32. 0:02:25 32... 0:01:37 33. 0:02:24 33... 0:01:38 34. 0:02:22 34... 0:01:38 35. 0:02:13 35... 0:01:39 36. 0:02:06 36... 0:01:38 37. 0:02:01 37... 0:01:35 38. 0:02:02 38... 0:01:35 39. 0:02:04 39... 0:01:35 40. 0:02:04 40... 0:01:36 41. 0:02:06 41... 0:01:35 42. 0:02:07 42... 0:01:35 43. 0:02:07 43... 0:01:36 44. 0:02:08 44... 0:01:36 45. 0:02:09 45... 0:01:36 46. 0:02:05 46... 0:01:36 47. 0:02:03 47... 0:01:35 48. 0:02:01 48... 0:01:31 49. 0:02:02 49... 0:01:32 50. 0:02:01 50... 0:01:33 51. 0:02:00 51... 0:01:33 52. 0:01:55 52... 0:01:34 53. 0:01:57 53... 0:01:34 54. 0:01:57 54... 0:01:35 55. 0:01:57,
Rated Blitz game,https://lichess.org/K2BB3b9N,2024.08.01,-,stevekesti,davar1191,1-0,2024.08.01,00:05:22,1620,1571,,,A05,Zukertort Opening,180+2,Time forfeit,"1. Nf3 1... Nf6 2. c3 2... g6 3. g3 3... Bg7 4. Bg2 4... Nc6 5. d3 5... d5 6. Nbd2 6... e5 7. O-O 7... O-O 8. Re1 8... Be6 9. e4 9...
dxe4 10. dxe4 10... Bg4 11. Qb3 11... Rb8 12.
Nc4 12... Nd7 13. Rd1 13... Qe7 14. Bg5 14... Qe8 15. a4 15... Nc5 16.
Qc2 16... f6 17. Be3 17... Be6 18. Bxc5 18... Bxc4 19. Bxf8 19... Bxf8 20. b3 20... Ba6 21. b4 21... Bc4 22. Bf1 22... Bxf1 23. Kxf1 23... Bh6 24. a5 24... Kg7 25.
Qb3 25... b6 26. a6 26... Nd8 27. Rd3 27... Ne6 28. Rad1 28... c5 29.
Rd7 29... Kg8 30. Rxa7 30... cxb4 31. Rdd7 31... Kf8 32. cxb4",1. 0:03:00 1... 0:03:00 2. 0:03:02 2... 0:02:58 3. 0:03:04 3... 0:03:00 4. 0:03:06 4... 0:02:58 5. 0:03:08 5... 0:02:57 6. 0:03:10 6... 0:02:48 7. 0:03:12 7... 0:02:48 8. 0:03:11 8... 0:02:45 9. 0:03:12 9... 0:02:34 10. 0:03:11 10... 0:02:23 11. 0:03:08 11... 0:02:14 12. 0:03:02 12... 0:01:55 13. 0:02:42 13... 0:01:48 14. 0:02:36 14... 0:01:34 15. 0:02:15 15... 0:01:33 16. 0:02:14 16... 0:01:28 17. 0:02:12 17... 0:01:29 18. 0:02:10 18... 0:01:29 19. 0:02:09 19... 0:01:31 20. 0:02:04 20... 0:01:23 21. 0:02:01 21... 0:01:09 22. 0:01:59 22... 0:00:57 23. 0:01:58 23... 0:00:53 24. 0:01:42 24... 0:00:53 25. 0:01:37 25... 0:00:42 26. 0:01:33 26... 0:00:32 27. 0:01:19 27... 0:00:32 28. 0:01:16 28... 0:00:21 29. 0:01:14 29... 0:00:20 30. 0:01:12 30... 0:00:20 31. 0:01:08 31... 0:00:07 32. 0:00:34,
Rated Blitz game,https://lichess.org/HRQLLj8u,2024.08.01,-,Karagialis,SCORPIO_2021,0-1,2024.08.01,00:05:25,2301,2378,,,D86,"Grünfeld Defense: Exchange Variation, Classical Variation",180+2,Normal,"1. d4 1... Nf6 2. c4 2... g6 3. Nc3 3... d5 4. cxd5 4... Nxd5 5. e4 5... Nxc3 6. bxc3 6...
Bg7 7. Bc4 7... c5 8.
Ne2 8... Nc6 9. Be3 9... O-O 10. O-O 10... Qc7 11. Qd2 11... Rd8 12.
Rac1 12... Ne5 13. Bd5 13... e6 14. Bb3 14... Ng4 15. Bg5 15... Qxh2",1. 0:03:00 1... 0:03:00 2. 0:03:01 2... 0:03:00 3. 0:03:02 3... 0:03:00 4. 0:02:59 4... 0:03:00 5. 0:03:01 5... 0:03:01 6. 0:03:03 6... 0:03:02 7. 0:02:59 7... 0:03:02 8. 0:02:59 8... 0:03:02 9. 0:02:59 9... 0:03:02 10. 0:03:00 10... 0:03:02 11. 0:02:43 11... 0:03:02 12. 0:02:36 12... 0:02:50 13. 0:02:27 13... 0:02:43 14. 0:02:26 14... 0:02:40 15. 0:02:26 15... 0:02:36,
Rated Blitz game,https://lichess.org/pNEnIBCS,2024.08.01,-,Lore1978,aGi_aGa,1-0,2024.08.01,00:05:25,1617,1634,,,A40,Englund Gambit Complex: Hartlaub-Charlick Gambit,180+2,Normal,"1. d4 1... e5 2. dxe5 2... d6 3. b3 3... Nc6 4. exd6 4... Bxd6 5. Bb2 5... Nf6 6. e3 6...
Bf5 7. Bd3 7... Bg6 8.
Nf3 8... Qe7 9. Nbd2 9... O-O-O 10. Qe2 10... Bh5 11. h3 11... Ne5 12.
g4 12... Nxd3 13. cxd3 13... Bg6 14. e4 14...
Bb4 15. Qe3 15... h5 16. g5 16... Ne8 17. Qxa7 17... Bc5 18. Qa8 18... Kd7 19. Qxb7 19... Nd6 20. Qd5 20... Ke8 21.
Bxg7 21... Rg8 22. Bf6 22... Qd7 23. Bxd8 23... Kxd8 24. Qxc5",1. 0:03:00 1... 0:03:00 2. 0:03:01 2... 0:03:01 3. 0:03:02 3... 0:03:00 4. 0:03:03 4... 0:03:01 5. 0:03:03 5... 0:03:02 6. 0:03:04 6... 0:03:01 7. 0:03:04 7... 0:02:58 8. 0:03:01 8... 0:02:58 9. 0:02:58 9... 0:02:59 10. 0:02:58 10... 0:02:58 11. 0:02:52 11... 0:02:58 12. 0:02:38 12... 0:02:58 13. 0:02:38 13... 0:02:55 14. 0:02:26 14... 0:02:50 15. 0:02:05 15... 0:02:46 16. 0:01:57 16... 0:02:28 17. 0:01:43 17... 0:02:28 18. 0:01:37 18... 0:02:28 19. 0:01:38 19... 0:02:27 20. 0:01:28 20... 0:02:22 21. 0:01:16 21... 0:02:06 22. 0:01:14 22... 0:02:03 23. 0:01:11 23... 0:02:03 24. 0:01:09,
Rated Blitz game,https://lichess.org/FfqkUZz0,2024.08.01,-,fatoni101077,KRIHA,0-1,2024.08.01,00:05:32,1681,1674,,,B06,Modern Defense: Three Pawns Attack,180+2,Normal,"1. e4 1... g6 2. f4 2... Bg7 3. d4 3... d6 4. Nf3 4... Nf6 5. Bd3 5... O-O 6. c4 6... Nbd7 7. Nc3 7... e5 8. fxe5 8... dxe5 9. dxe5 9...
Nh5 10. g4 10... Nxe5 11. Nxe5 11... Qh4 12. Ke2 12... Bxe5 13. gxh5 13... Bg4 14. Kd2 14... Bxd1 15. Kxd1 15... Qxh5 16. Be2 16... Qh4 17. Kc2 17... Rad8 18. Be3 18... Bxc3 19. bxc3 19... Qxe4",1. 0:03:00 1... 0:03:00 2. 0:02:59 2... 0:03:01 3. 0:03:01 3... 0:03:02 4. 0:03:01 4... 0:03:03 5. 0:02:53 5... 0:03:05 6. 0:02:51 6... 0:03:05 7. 0:02:51 7... 0:03:05 8. 0:02:49 8... 0:03:03 9. 0:02:50 9... 0:03:04 10. 0:02:45 10... 0:02:38 11. 0:02:43 11... 0:02:38 12. 0:02:38 12... 0:02:33 13. 0:02:33 13... 0:02:33 14. 0:02:25 14... 0:02:31 15. 0:02:24 15... 0:02:30 16. 0:02:24 16... 0:02:18 17. 0:02:13 17... 0:02:15 18. 0:02:07 18... 0:02:12 19. 0:01:58 19... 0:02:12,
Rated Blitz game,https://lichess.org/QQbG2Otg,2024.08.01,-,lariongaraczi,semjohn,1-0,2024.08.01,00:05:32,1458,1454,,,B02,Alekhine Defense: Scandinavian Variation,180+2,Time forfeit,"1. e4 1... Nf6 2. Nc3 2... d5 3. exd5 3... Nxd5 4. Nf3 4... Nc6 5. Bc4 5... Nb6 6. Bb3 6... g6 7. O-O 7... Bg7 8. d3 8... O-O 9. Ne4 9...
Bg4 10. h3 10... Bf5 11. Be3 11... Nd5 12.
c3 12... Nxe3 13. fxe3 13...
Ne5 14. Nxe5 14... Bxe5 15. Bc4 15... a6 16. Qf3 16... b5 17. Bd5 17...
Qxd5 18. Nf6 18... Bxf6 19. Qxd5 19... Rad8 20.
Qf3 20... Rxd3 21. Rad1 21...
Rfd8 22. Rxd3 22... Rxd3 23. Rd1 23... c5 24. Rxd3 24...
Bxd3 25. Qa8 25... Kg7 26. Qxa6 26... Bg5 27.
Qc6 27... Bxe3 28. Kh2 28... Bf4 29. g3 29...
Bd6 30. Qf3 30... Bc4 31. b3 31... Be6 32.
Qe2 32... c4 33. b4 33... f6 34. Qc2 34... Be5 35. a4 35... h5 36.
a5 36... h4 37.
Kg2 37... hxg3 38. a6 38... Bd5 39. Kg1 39... g2 40.
a7 40... Bh2 41. Kxh2",1. 0:03:00 0. 0:03:00 1... 0:03:00 0. 0:03:01 2. 0:02:44 0. 0:03:02 2... 0:02:39 0. 0:03:03 3. 0:02:30 0. 0:03:02 3... 0:02:26 0. 0:03:03 4. 0:02:23 0. 0:03:03 4... 0:02:18 0. 0:03:04 5. 0:02:13 0. 0:02:56 5... 0:02:10 0. 0:02:41 6. 0:02:03 0. 0:02:31 6... 0:01:48 0. 0:02:31 7. 0:01:46 0. 0:02:08 7... 0:01:26 0. 0:02:10 8. 0:00:47 0. 0:01:52 8... 0:00:45 0. 0:01:47 9. 0:00:37 0. 0:01:45 9... 0:00:36 0. 0:01:05 10. 0:00:37 0. 0:01:04 10... 0:00:30 0. 0:01:05 11. 0:00:28 0. 0:01:05 11... 0:00:28 0. 0:01:06 12. 0:00:28 0. 0:00:34 12... 0:00:28 0. 0:00:36 13. 0:00:27 0. 0:00:37 13... 0:00:27 1. 0:00:37 14. 0:00:13 2. 0:00:37 14... 0:00:14 1. 0:00:37 15. 0:00:11 0. 0:00:35 15... 0:00:10 2. 0:00:33 16. 0:00:09 0. 0:00:32 16... 0:00:08 0. 0:00:32 17. 0:00:08 0. 0:00:30 17... 0:00:07 0. 0:00:31 18. 0:00:07 0. 0:00:32 18... 0:00:05 2. 0:00:33 19. 0:00:03 2. 0:00:31 19... 0:00:04 3. 0:00:32 20. 0:00:04 1. 0:00:32 20... 0:00:03 2. 0:00:28 21. 0:00:03,
Rated Blitz game,https://lichess.org/qtxGt5xa,2024.08.01,-,Mojtaba-1363,gabrieldutkievicz,1-0,2024.08.01,00:05:32,1589,1506,,,C00,French Defense: Knight Variation,180+2,Time forfeit,"1. e4 1... e6 2. Nf3 2... d5 3. exd5 3... exd5 4. d4 4... Bd6 5. Nc3 5... Ne7 6. Bd3 6...
Nbc6 7. Bg5 7... Bg4 8. O-O 8... f6 9. Bh4 9... g5 10. Bg3 10... Bxg3 11. fxg3 11... Qd7 12.
Qe1 12... O-O-O 13. Bb5 13... Rde8 14. h3 14... Nf5 15. Qf2 15... Bxf3 16. Qxf3 16... Nfxd4 17. Qxf6 17... Nxb5 18. Nxb5 18... h6 19. Rad1 19... Ref8 20. Qxf8 20... Rxf8 21. Rxf8 21... Nd8 22. c4 22... Qe7 23. Rf5 23... dxc4 24. Nxa7 24... Kb8 25. Nb5 25... c6 26. Nc3 26... Qh7 27.
Rf8",1. 0:03:00 1... 0:03:00 2. 0:03:01 2... 0:03:02 3. 0:03:02 3... 0:03:03 4. 0:03:03 4... 0:02:55 5. 0:03:03 5... 0:02:55 6. 0:03:02 6... 0:02:55 7. 0:03:00 7... 0:02:53 8. 0:03:00 8... 0:02:52 9. 0:02:49 9... 0:02:52 10. 0:02:49 10... 0:02:53 11. 0:02:50 11... 0:02:51 12. 0:02:41 12... 0:02:50 13. 0:02:35 13... 0:02:48 14. 0:02:33 14... 0:02:42 15. 0:02:28 15... 0:02:32 16. 0:02:22 16... 0:02:28 17. 0:02:18 17... 0:02:22 18. 0:02:17 18... 0:02:10 19. 0:02:10 19... 0:02:07 20. 0:02:02 20... 0:02:06 21. 0:02:01 21... 0:02:06 22. 0:01:51 22... 0:01:53 23. 0:01:28 23... 0:01:52 24. 0:01:23 24... 0:01:52 25. 0:01:21 25... 0:01:37 26. 0:01:09 26... 0:01:26 27. 0:01:04,
Rated Blitz game,https://lichess.org/RCOOOQEX,2024.08.01,-,Ale30122008,Dover_Doy,0-1,2024.08.01,00:05:32,1732,1762,,,C44,Scotch Game: Scotch Gambit,180+2,Normal,"1. e4 1... e5 2. Nf3 2... Nc6 3. d4 3... exd4 4. Bc4 4... d6 5. Nxd4 5... Nf6 6. Nxc6 6...
bxc6 7. Nc3 7... Be7 8. O-O 8... h5 9. Bg5 9... Ng4 10. Bxe7 10... Qxe7 11. Qf3 11... Be6 12.
Bxe6 12... fxe6 13. h3 13... Qh4 14. Qg3 14... Qxg3 15. fxg3 15... Ne5 16.
Ne2 16... Kd7 17. Rf2 17... Rab8 18. b3 18... g5 19. Raf1 19... Rb4 20.
Nc3 20... a5 21. a3 21... Rbb8 22. Rf6 22... Ke7 23. Ne2 23... c5 24.
h4 24... gxh4 25. gxh4 25... c6 26. Nc3 26... d5 27. exd5 27... cxd5 28. Na4 28... c4 29. Nc5 29... Rb6 30. R6f4 30... cxb3 31. Nxb3 31... Rc8 32. R4f2 32... a4 33.
Nd4 33... Rc4 34. Rd1 34... Ng4 35. Re2 35... Rb2 36. Rxe6 36... Kd7 37. Ra6 37... Ra2 38. Nb5 38... d4 39. Rxd4 39... Rxd4 40. Nxd4 40... Ne3 41. c4 41... Ng4 42.
Nb5 42... Ra1",1. 0:03:00 1... 0:03:00 2. 0:03:01 2... 0:03:02 3. 0:03:03 3... 0:03:02 4. 0:03:04 4... 0:02:59 5. 0:03:05 5... 0:02:59 6. 0:03:04 6... 0:03:01 7. 0:03:05 7... 0:02:59 8. 0:03:02 8... 0:02:59 9. 0:02:51 9... 0:02:58 10. 0:02:51 10... 0:03:00 11. 0:02:43 11... 0:02:53 12. 0:02:40 12... 0:02:55 13. 0:02:31 13... 0:02:46 14. 0:02:11 14... 0:02:41 15. 0:02:13 15... 0:02:36 16. 0:02:08 16... 0:02:36 17. 0:02:03 17... 0:02:30 18. 0:02:02 18... 0:02:23 19. 0:01:59 19... 0:02:23 20. 0:01:57 20... 0:01:58 21. 0:01:56 21... 0:01:57 22. 0:01:51 22... 0:01:57 23. 0:01:36 23... 0:01:43 24. 0:01:27 24... 0:01:40 25. 0:01:28 25... 0:01:39 26. 0:01:18 26... 0:01:34 27. 0:01:18 27... 0:01:36 28. 0:01:18 28... 0:01:29 29. 0:01:14 29... 0:01:15 30. 0:00:55 30... 0:01:10 31. 0:00:39 31... 0:01:02 32. 0:00:21 32... 0:00:57 33. 0:00:15 33... 0:00:53 34. 0:00:11 34... 0:00:47 35. 0:00:12 35... 0:00:40 36. 0:00:09 36... 0:00:42 37. 0:00:08 37... 0:00:40 38. 0:00:07 38... 0:00:37 39. 0:00:07 39... 0:00:37 40. 0:00:09 40... 0:00:36 41. 0:00:06 41... 0:00:37 42. 0:00:05 42... 0:00:36,
Rated Blitz game,https://lichess.org/YJlw984M,2024.08.01,-,Blindman727,Kabechaloco,0-1,2024.08.01,00:05:32,1826,1768,,,A22,English Opening: Carls-Bremen System,180+2,Normal,"1. c4 1... e5 2. g3 2... Nf6 3. Nc3 3... Bc5 4. Nf3 4... e4 5. Ng5 5... Bxf2 6. Kxf2 6... Ng4 7. Kg1 7... Qxg5 8. Nxe4 8... Qf5 9.
Bg2 9... O-O 10. h3 10... Ne5 11. d3 11... Nbc6 12. Be3 12... d6 13.
Kh2 13... Qg6 14. Qd2 14... Qh5 15. Nf2 15... Be6 16. b3 16... f5 17. d4 17... Ng4 18. Nxg4 18... fxg4 19. d5 19... gxh3 20. Bf3 20... Bg4 21.
Bxg4 21... Qxg4 22. dxc6 22... bxc6 23. Raf1 23... Qe4 24. Rxf8 24... Rxf8 25. Rg1 25... Re8 26.
Qd4 26... Qxe3 27. Qf4 27... Qxf4 28. gxf4 28... Rxe2 29. Kh1 29... Rxa2 30.
Rg3 30... h2",1. 0:03:00 1... 0:03:00 2. 0:02:59 2... 0:03:01 3. 0:02:59 3... 0:03:00 4. 0:02:59 4... 0:02:58 5. 0:03:00 5... 0:02:50 6. 0:03:00 6... 0:02:51 7. 0:02:58 7... 0:02:51 8. 0:02:50 8... 0:02:43 9. 0:02:27 9... 0:02:41 10. 0:02:05 10... 0:02:39 11. 0:01:42 11... 0:02:35 12. 0:01:31 12... 0:02:34 13. 0:01:24 13... 0:02:25 14. 0:00:57 14... 0:02:22 15. 0:00:22 15... 0:02:12 16. 0:00:19 16... 0:02:11 17. 0:00:19 17... 0:01:57 18. 0:00:16 18... 0:01:54 19. 0:00:16 19... 0:01:53 20. 0:00:13 20... 0:01:47 21. 0:00:09 21... 0:01:45 22. 0:00:11 22... 0:01:37 23. 0:00:12 23... 0:01:38 24. 0:00:12 24... 0:01:38 25. 0:00:10 25... 0:01:34 26. 0:00:11 26... 0:01:29 27. 0:00:09 27... 0:01:12 28. 0:00:09 28... 0:01:13 29. 0:00:09 29... 0:01:10 30. 0:00:10 30... 0:01:06,
Rated Blitz game,https://lichess.org/QDQ5DxtO,2024.08.01,-,Hussein900,Jarcker,0-1,2024.08.01,00:05:32,2011,2092,,,B30,Sicilian Defense: Old Sicilian,180+2,Time forfeit,"1. e4 1... c5 2. Nf3 2... Nc6 3. Bc4 3... d6 4. O-O 4... e5 5. d4 5... Be7 6. dxe5 6...
dxe5 7. Qxd8 7... Bxd8 8. Ng5 8... Nh6 9. Nc3 9... O-O 10.
Be3 10... Nd4 11. Bd3 11... f6 12. Nf3 12...
Nxf3 13. gxf3 13... b6 14.
Bxh6 14... gxh6 15. Kh1 15... Kf7 16. Bc4 16...
Be6 17. Bd5 17... Rb8 18. Nb5 18... Ke7 19.
Nxa7 19... Bd7 20. a4 20...
Bc7 21. b3 21... f5 22.
Rg1 22... Kf6 23. Rg2 23... Be6 24. c4 24...
Rg8 25. Rag1 25... Rxg2 26. Rxg2 26... Rd8 27.
Nc6 27... Rf8 28. b4 28...
Bd6 29. b5 29... Bc7 30. h4 30... Bxd5 31.
exd5 31... e4 32. fxe4 32... fxe4 33. Rg4 33...
Re8 34. Kg2 34... e3 35. fxe3 35... Rxe3 36.
Rg8 36... Re4 37. Rc8 37...
Rg4 38. Kf1 38... Bh2 39. a5 39... Rxc4 40. axb6 40... Rc2 41.
b7 41... Rb2 42.
b8=Q 42... Bxb8 43. Rxb8 43... c4 44. d6 44...
Rd2 45. b6 45... c3 46. b7 46... c2 47. Rf8 47... Kg6 48.
Rg8 48... Kh5",1. 0:03:00 0. 0:03:00 1... 0:03:01 0. 0:03:02 2. 0:03:03 0. 0:03:02 2... 0:03:05 0. 0:03:04 3. 0:03:01 0. 0:03:03 3... 0:03:01 0. 0:03:04 4. 0:03:02 0. 0:03:05 4... 0:03:01 0. 0:03:02 5. 0:02:59 0. 0:03:03 5... 0:02:54 1. 0:03:02 6. 0:02:43 1. 0:02:45 6... 0:02:39 1. 0:02:43 7. 0:02:41 1. 0:02:43 7... 0:02:42 1. 0:02:44 8. 0:02:43 0. 0:02:45 8... 0:02:41 0. 0:02:46 9. 0:02:40 0. 0:02:38 9... 0:02:39 0. 0:02:30 10. 0:02:31 0. 0:02:09 10... 0:02:20 0. 0:01:53 11. 0:02:18 1. 0:01:45 11... 0:02:17 0. 0:01:41 12. 0:02:06 0. 0:01:25 12... 0:02:04 1. 0:01:20 13. 0:02:04 1. 0:01:20 13... 0:02:04 1. 0:01:09 14. 0:01:56 1. 0:01:07 14... 0:01:31 1. 0:01:02 15. 0:01:27 0. 0:01:01 15... 0:01:27 1. 0:00:46 16. 0:01:24 1. 0:00:38 16... 0:01:23 1. 0:00:39 17. 0:01:02 1. 0:00:30 17... 0:00:55 1. 0:00:30 18. 0:00:49 1. 0:00:30 18... 0:00:36 2. 0:00:18 19. 0:00:31 1. 0:00:18 19... 0:00:23 3. 0:00:16 20. 0:00:14 2. 0:00:12 20... 0:00:14 4. 0:00:06 21. 0:00:14 2. 0:00:06 21... 0:00:11 3. 0:00:07 22. 0:00:12 2. 0:00:07 22... 0:00:14 3. 0:00:07 23. 0:00:05 2. 0:00:05 23... 0:00:06 3. 0:00:03 24. 0:00:08 2. 0:00:04 24... 0:00:03 3. 0:00:04,
Rated Blitz game,https://lichess.org/9vEverky,2024.08.01,-,Mr_Brightside1,Davidb121547,0-1,2024.08.01,00:05:32,1210,1238,,,B30,Sicilian Defense: Old Sicilian,180+2,Normal,"1. e4 1... c5 2. Nf3 2... Nc6 3. c3 3... e5 4. d4 4... cxd4 5. cxd4 5... Bb4 6. Nc3 6...
Bxc3 7. bxc3 7... d5 8. exd5 8... Qxd5 9. Qa4 9... exd4 10.
Nxd4 10... Bd7 11. Be3 11... Qe5 12. Bb5 12... Nf6 13.
O-O 13... Nxd4 14. Bxd7 14...
Nxd7 15. Bxd4 15... b5 16. Bxe5 16... bxa4 17.
Bxg7 17... Rg8 18. Rfe1 18... Kd8 19. Bd4 19...
Nb6 20. Rad1 20... Kc8 21. Bxb6 21... axb6 22.
Re7 22... Rf8 23. Rdd7 23... Ra5 24. Rc7 24...
Kb8 25. Rb7 25... Kc8 26. Rxb6 26... Rd5 27.
Rc6 27... Kd8 28. Re1 28...
Kd7 29. Ra6 29... Re8 30. Ra7 30... Kc6 31.
Rb1 31... Re2 32. Rxa4 32...
Rdd2 33. Ra6 33... Kc5 34. Ra5 34... Kc4 35. Rb4 35... Kxc3 36. Rb3 36... Kc4 37.
Ra4 37... Kd5 38. Rb5 38... Ke6 39. Ra6 39...
Ke7 40. Rb7 40... Kf8 41. Ra8 41... Kg7 42. Rb1 42... Rxf2 43. a4 43... Rxg2 44. Kf1 44... Rxh2 45. Ra5 45... Rh1",1. 0:03:00 0. 0:03:00 1... 0:03:02 0. 0:02:56 2. 0:03:03 0. 0:02:57 2... 0:03:04 0. 0:02:57 3. 0:03:06 0. 0:02:57 3... 0:03:07 0. 0:02:46 4. 0:03:07 0. 0:02:39 4... 0:03:06 0. 0:02:38 5. 0:03:01 0. 0:02:34 5... 0:02:58 0. 0:02:19 6. 0:02:58 0. 0:01:50 6... 0:02:51 1. 0:01:44 7. 0:02:49 1. 0:01:38 7... 0:02:48 1. 0:01:36 8. 0:02:49 0. 0:01:07 8... 0:02:41 0. 0:01:08 9. 0:02:42 0. 0:01:09 9... 0:02:43 0. 0:01:07 10. 0:02:37 0. 0:00:58 10... 0:02:37 1. 0:00:44 11. 0:02:35 0. 0:00:31 11... 0:02:35 1. 0:00:31 12. 0:02:36 0. 0:00:24 12... 0:02:36 0. 0:00:21 13. 0:02:35 0. 0:00:21 13... 0:02:35 4. 0:00:20 14. 0:02:33 4. 0:00:21 14... 0:02:34 3. 0:00:20 15. 0:02:29 3. 0:00:20 15... 0:02:27 5. 0:00:19 16. 0:02:24 3. 0:00:11 16... 0:02:20 3. 0:00:11 17. 0:01:52 3. 0:00:09 17... 0:01:42 3. 0:00:09 18. 0:01:38 3. 0:00:09 18... 0:01:37 3. 0:00:07 19. 0:01:38 3. 0:00:06 19... 0:01:38 4. 0:00:07 20. 0:01:39 3. 0:00:07 20... 0:01:39 4. 0:00:08 21. 0:01:29 3. 0:00:08 21... 0:01:29 3. 0:00:09 22. 0:01:20 3. 0:00:06 22... 0:01:21 3. 0:00:05 23. 0:01:19 4. 0:00:04,
Rated Blitz game,https://lichess.org/eozidEEf,2024.08.01,-,Danny_Suhr,Anonimous1820,0-1,2024.08.01,00:05:32,1881,1855,,,D35,Queen's Gambit Declined: Harrwitz Attack,180+2,Normal,"1. d4 1... e6 2. c4 2... d5 3. Nc3 3... Nf6 4. Bf4 4... Bb4 5. Qc2 5... Ne4 6. a3 6...
Be7 7. Nxe4 7... dxe4 8. Qxe4 8... O-O 9. Nf3 9... f5 10. Qc2 10...
g5 11. Be5 11... g4 12. Nd2 12... Nc6 13. e3 13... Nxe5 14. dxe5 14... b6 15. f4 15... Bb7 16. Rd1 16... Bc5 17.
Nb3 17... Qh4 18. Ke2 18... Be4 19. Qc3 19... Be7 20. Nd4 20... Kf7 21.
g3 21... Qh6 22. Bg2 22... Bxg2 23. Rhe1 23... c5 24. Nb5 24... Bf3 25.
Kd2 25... Qxh2 26. Kc1 26... Bxd1 27. Rxd1 27... Qxg3 28. Rh1 28... h5 29. Rxh5 29... Rh8 30.
Nd6 30... Bxd6 31. Rxh8 31... Rxh8 32. exd6 32... Rh2 33. Qe5 33... Qe1",1. 0:03:00 1... 0:03:00 2. 0:03:01 2... 0:03:02 3. 0:03:02 3... 0:03:03 4. 0:03:04 4... 0:03:01 5. 0:03:03 5... 0:03:02 6. 0:02:59 6... 0:02:55 7. 0:02:58 7... 0:02:57 8. 0:02:59 8... 0:02:57 9. 0:02:58 9... 0:02:58 10. 0:02:45 10... 0:02:57 11. 0:02:39 11... 0:02:57 12. 0:02:35 12... 0:02:59 13. 0:02:25 13... 0:03:00 14. 0:02:25 14... 0:03:00 15. 0:02:22 15... 0:02:55 16. 0:02:14 16... 0:02:43 17. 0:02:03 17... 0:02:35 18. 0:01:52 18... 0:02:25 19. 0:01:40 19... 0:02:10 20. 0:01:31 20... 0:01:54 21. 0:01:31 21... 0:01:46 22. 0:00:19 22... 0:01:43 23. 0:00:11 23... 0:01:43 24. 0:00:08 24... 0:01:44 25. 0:00:07 25... 0:01:41 26. 0:00:08 26... 0:01:39 27. 0:00:09 27... 0:01:40 28. 0:00:09 28... 0:01:40 29. 0:00:09 29... 0:01:37 30. 0:00:08 30... 0:01:36 31. 0:00:08 31... 0:01:35 32. 0:00:09 32... 0:01:35 33. 0:00:06 33... 0:01:33,
Rated Blitz game,https://lichess.org/2ztOssUo,2024.08.01,-,Natthanan01,kertombion,0-1,2024.08.01,00:05:32,1416,1460,,,E50,Nimzo-Indian Defense,180+2,Time forfeit,"1. d4 1... Nf6 2. c4 2... e6 3. Nc3 3... Bb4 4. Nf3 4... O-O 5. e3 5... Ne4 6. Qb3 6...
Bxc3 7. bxc3 7... d5 8. cxd5 8... exd5 9. Bd3 9... f5 10. O-O 10...
Nc6 11. Bb5 11... Bd7 12. Bxc6 12... Bxc6 13. Ne5 13... Rb8 14. c4 14...
a6 15. Ba3 15... Re8 16. Qc2 16... Rxe5 17. dxe5 17... dxc4 18. Qxc4 18... Kh8 19. Rad1 19... Qg5 20. f4 20... Qg6 21.
Bb2 21... Nd6 22. Qe2 22... Ne4 23. Rd2 23... Bb5",1. 0:03:00 1... 0:03:00 2. 0:03:01 2... 0:03:00 3. 0:02:56 3... 0:03:01 4. 0:02:55 4... 0:03:00 5. 0:02:49 5... 0:02:59 6. 0:02:44 6... 0:02:50 7. 0:02:45 7... 0:02:49 8. 0:02:45 8... 0:02:51 9. 0:02:46 9... 0:02:50 10. 0:02:39 10... 0:02:46 11. 0:02:28 11... 0:02:09 12. 0:02:24 12... 0:02:10 13. 0:02:25 13... 0:01:59 14. 0:02:06 14... 0:01:55 15. 0:01:54 15... 0:01:44 16. 0:01:19 16... 0:01:42 17. 0:01:18 17... 0:01:43 18. 0:01:14 18... 0:01:41 19. 0:01:12 19... 0:01:32 20. 0:00:31 20... 0:00:26 21. 0:00:17 21... 0:00:24 22. 0:00:11 22... 0:00:18 23. 0:00:03 23... 0:00:19,
Rated Blitz game,https://lichess.org/ggWGmjLr,2024.08.01,-,raven100,vladger,0-1,2024.08.01,00:05:32,1355,1344,,,B00,Owen Defense,180+2,Normal,"1. e4 1... b6 2. Nf3 2... Bb7 3. Nc3 3... Nf6 4. d3 4... d5 5. e5 5... d4 6. exf6 6...
dxc3 7. fxg7 7... Bxg7 8. d4 8... Nc6 9. bxc3 9... e5 10. Qe2 10... Qe7 11. Bg5 11... f6 12.
Be3 12... exd4 13. Nxd4 13... Nxd4 14. cxd4 14... O-O-O 15. c3 15... Qa3 16. Qg4 16... Kb8 17.
Bd2 17... Rhg8 18. Be2 18... Bh6 19. Bc1 19... Qxc3 20. Bd2 20... Qxd2 21. Kf1 21... Rxg4 22. Bxg4 22... Qxd4 23. Be2 23... Qxa1 24. Bd1 24... Rxd1 25. Ke2 25... Rxh1 26.
Kd3 26... Qb1 27. Kd4 27... Qb4 28. Kd3 28... Ba6 29. Kc2 29... Qe4 30.
Kc3 30... Bg7 31. f3 31... Rc1 32. Kd2 32... Qd3 33. Kxc1 33... Bh6 34. Kb2 34... Qd2 35. Kb3 35... Qd3 36. Kb2 36... Bc4 37. g4 37... f5 38. gxf5 38... Qxf5 39. f4 39... Qxf4 40. h4 40... Qd2 41. Ka3 41... Qxa2 42. Kb4 42... Qb3",1. 0:03:00 1... 0:03:00 2. 0:03:01 2... 0:03:01 3. 0:03:03 3... 0:03:01 4. 0:03:01 4... 0:03:01 5. 0:03:00 5... 0:03:01 6. 0:03:00 6... 0:03:02 7. 0:02:58 7... 0:03:02 8. 0:02:50 8... 0:02:56 9. 0:02:47 9... 0:02:55 10. 0:02:44 10... 0:02:54 11. 0:02:38 11... 0:02:54 12. 0:02:38 12... 0:02:51 13. 0:02:30 13... 0:02:51 14. 0:02:27 14... 0:02:41 15. 0:02:24 15... 0:02:19 16. 0:02:19 16... 0:02:08 17. 0:02:10 17... 0:01:58 18. 0:02:06 18... 0:01:52 19. 0:01:56 19... 0:01:36 20. 0:01:37 20... 0:01:31 21. 0:01:36 21... 0:01:26 22. 0:01:36 22... 0:01:17 23. 0:01:34 23... 0:01:08 24. 0:01:30 24... 0:01:07 25. 0:01:31 25... 0:01:06 26. 0:01:31 26... 0:01:02 27. 0:01:31 27... 0:01:01 28. 0:01:32 28... 0:01:01 29. 0:01:33 29... 0:00:54 30. 0:01:33 30... 0:00:53 31. 0:01:32 31... 0:00:53 32. 0:01:32 32... 0:00:50 33. 0:01:33 33... 0:00:48 34. 0:01:33 34... 0:00:47 35. 0:01:34 35... 0:00:44 36. 0:01:35 36... 0:00:40 37. 0:01:33 37... 0:00:41 38. 0:01:31 38... 0:00:41 39. 0:01:32 39... 0:00:41 40. 0:01:32 40... 0:00:39 41. 0:01:26 41... 0:00:35 42. 0:01:26 42... 0:00:31,
Rated Blitz game,https://lichess.org/32smbnvJ,2024.08.01,-,dileepmaheshwari,SR_mauro,1-0,2024.08.01,00:05:32,1236,1303,,,B00,Goldsmith Defense,180+2,Time forfeit,"1. e4 1... h5 2. d4 2... e6 3. Nc3 3... b6 4. f3 4... Bb7 5. h3 5... Be7 6. Bf4 6... Bh4 7. g3 7... g5 8. gxh4 8... gxf4 9. Qe2 9...
Qxh4 10. Kd2 10... Nc6 11. Rd1 11... Nxd4 12.
Qc4 12... Qf2 13. Be2 13... Qe3 14. Ke1 14... Nxc2 15. Kf1 15... O-O-O 16. Nb5 16... Qc5 17. Nxa7 17... Kb8 18. Qa4 18... Ne3 19. Ke1 19... Nxd1 20. Bxd1 20... Qe3 21. Be2 21... Qc1 22. Kf2 22... Nf6 23. Nb5 23... Qe3 24. Kf1 24... Qc1 25. Kg2 25... Rhg8 26. Kh2 26... Ng4 27. hxg4",1. 0:03:00 1... 0:03:00 2. 0:02:57 2... 0:02:58 3. 0:02:56 3... 0:02:59 4. 0:02:43 4... 0:02:52 5. 0:02:26 5... 0:02:52 6. 0:02:15 6... 0:02:50 7. 0:02:15 7... 0:02:49 8. 0:02:09 8... 0:02:50 9. 0:01:54 9... 0:02:47 10. 0:01:53 10... 0:02:43 11. 0:01:49 11... 0:02:22 12. 0:01:43 12... 0:02:14 13. 0:01:29 13... 0:02:08 14. 0:01:20 14... 0:02:09 15. 0:01:10 15... 0:02:03 16. 0:01:09 16... 0:01:05 17. 0:00:43 17... 0:01:03 18. 0:00:31 18... 0:00:55 19. 0:00:24 19... 0:00:42 20. 0:00:20 20... 0:00:39 21. 0:00:20 21... 0:00:35 22. 0:00:20 22... 0:00:25 23. 0:00:21 23... 0:00:18 24. 0:00:18 24... 0:00:14 25. 0:00:19 25... 0:00:13 26. 0:00:16 26... 0:00:04 27. 0:00:16,
Rated Blitz game,https://lichess.org/ZLwCWPyG,2024.08.01,-,hippodream,Tar-Kiriatan,1-0,2024.08.01,00:05:32,2258,2153,,,A02,Bird Opening,180+2,Normal,"1. f4 1... e6 2. Nf3 2... b6 3. e3 3... Bb7 4. b3 4... Ne7 5. Bb2 5... Nf5 6. Be2 6... Nh4 7. O-O 7... Na6 8. Nc3 8... Nc5 9. Qe1 9...
Be7 10. Qg3 10... Nf5 11. Qh3 11... O-O 12. g4 12... Nd6 13. d3 13...
f5 14. Ne5 14... fxg4 15. Bxg4 15... Nf5 16. e4 16... Nh6 17. b4 17...
Na6 18. Nxd7 18... Nxb4 19. Bxe6 19... Kh8 20. Qxh6 20... gxh6 21. Nd5 21... Bf6 22. N5xf6 22... Kg7 23. Ng4 23... Kg6 24. Nde5 24... Kh5 25. Rf3 25... Qh4 26. Kg2 26... Bc8 27. Bf7 27... Rxf7 28. Rh3 28... Bxg4 29. Rxh4 29... Kxh4 30. Nxf7 30... Nxc2 31. Rc1 31... Ne3 32. Kf2 32... Rf8 33. Nxh6 33... Rxf4 34. Kxe3 34... Rf3 35. Kd4 35... Rf2 36. Ba3 36... Rxa2 37. Be7 37... Kh5 38. Nxg4 38... Kxg4 39. Rg1 39... Kf3 40.
Rg3 40... Kf4 41. Bg5",1. 0:03:00 1... 0:03:00 2. 0:03:00 2... 0:03:01 3. 0:03:00 3... 0:03:03 4. 0:03:00 4... 0:02:57 5. 0:03:00 5... 0:02:57 6. 0:03:00 6... 0:02:55 7. 0:02:59 7... 0:02:42 8. 0:02:48 8... 0:02:41 9. 0:02:44 9... 0:02:39 10. 0:02:32 10... 0:02:37 11. 0:02:27 11... 0:02:35 12. 0:02:25 12... 0:02:28 13. 0:02:18 13... 0:02:23 14. 0:01:57 14... 0:02:17 15. 0:01:50 15... 0:02:14 16. 0:01:45 16... 0:01:58 17. 0:01:38 17... 0:01:48 18. 0:01:36 18... 0:01:25 19. 0:01:30 19... 0:01:24 20. 0:01:12 20... 0:01:21 21. 0:01:12 21... 0:01:16 22. 0:01:12 22... 0:00:50 23. 0:00:48 23... 0:00:48 24. 0:00:17 24... 0:00:41 25. 0:00:16 25... 0:00:36 26. 0:00:11 26... 0:00:23 27. 0:00:11 27... 0:00:22 28. 0:00:12 28... 0:00:13 29. 0:00:12 29... 0:00:13 30. 0:00:13 30... 0:00:12 31. 0:00:13 31... 0:00:12 32. 0:00:13 32... 0:00:11 33. 0:00:13 33... 0:00:10 34. 0:00:14 34... 0:00:11 35. 0:00:15 35... 0:00:11 36. 0:00:14 36... 0:00:11 37. 0:00:13 37... 0:00:10 38. 0:00:13 38... 0:00:11 39. 0:00:13 39... 0:00:11 40. 0:00:14 40... 0:00:11 41. 0:00:12,
Rated Blitz game,https://lichess.org/6cDKvapR,2024.08.01,-,KingDinar,TooSmart4School,1-0,2024.08.01,00:05:32,1380,1367,,,A40,Englund Gambit,180+2,Normal,"1. d4 1... e5 2. dxe5 2... Nc6 3. b3 3... Nxe5 4. Bb2 4... Qe7 5. Nc3 5... Nf6 6. e3 6...
Qb4 7. Bd3 7... d5 8.
Qd2 8... Bc5 9. O-O-O 9... Be6 10. Nge2 10... O-O-O 11. h3 11... d4 12.
exd4 12... Bxd4 13. f3 13... Nxd3 14. Qxd3 14... Bxc3 15. Qxc3 15... Qb5 16.
Rxd8 16... Rxd8 17. Re1 17... Qg5 18. Kb1 18... Qxg2 19. h4 19... Qf2 20. Nf4 20... Qxf3 21.
Qxf3 21... Bg4 22. Qf2 22... Rd1 23. Rxd1 23... Bxd1 24. Bxf6 24... gxf6 25. Nd5",1. 0:03:00 1... 0:03:00 2. 0:03:00 2... 0:03:01 3. 0:02:53 3... 0:03:00 4. 0:02:54 4... 0:02:58 5. 0:02:55 5... 0:02:59 6. 0:02:56 6... 0:02:54 7. 0:02:53 7... 0:02:50 8. 0:02:54 8... 0:02:44 9. 0:02:54 9... 0:02:35 10. 0:02:54 10... 0:02:33 11. 0:02:45 11... 0:02:15 12. 0:02:45 12... 0:02:14 13. 0:02:19 13... 0:01:38 14. 0:02:18 14... 0:01:16 15. 0:02:13 15... 0:01:00 16. 0:02:08 16... 0:00:59 17. 0:02:09 17... 0:00:57 18. 0:02:00 18... 0:00:57 19. 0:01:59 19... 0:00:57 20. 0:01:52 20... 0:00:49 21. 0:01:51 21... 0:00:41 22. 0:01:46 22... 0:00:37 23. 0:01:46 23... 0:00:37 24. 0:01:46 24... 0:00:37 25. 0:01:44,
Rated Blitz game,https://lichess.org/t7cCzfVV,2024.08.01,-,DJohnson989,AMM7,0-1,2024.08.01,00:05:32,1148,1194,,,A40,Queen's Pawn Game,180+2,Normal,"1. d4 1... c6 2. e3 2... d5 3. f4 3... Bf5 4. Nf3 4... e6 5. Ne5 5... Nd7 6. c3 6... Nxe5 7. fxe5 7... Qb6 8.
Nd2 8... Be7 9. Nf3 9... f6 10. Be2 10... O-O-O 11. a3 11... c5 12. b4 12... cxd4 13. cxd4 13... fxe5 14. Nxe5 14... Nf6 15. Nf7 15... Ne4 16.
Nxh8 16... Rxh8 17. O-O 17... Bh4 18. Qc2 18... Kb8 19. Bd3 19... Bf2 20. Rxf2 20... Nxf2 21. Bxf5 21... exf5 22. Qxf2 22... g6 23. e4 23...
fxe4 24. Bf4 24... Ka8 25. Rf1 25... Rf8 26.
g3 26... Qa6 27. Qb2 27... g5 28. Be5 28... Qxf1",1. 0:03:00 1... 0:03:00 2. 0:03:01 2... 0:03:01 3. 0:03:02 3... 0:03:01 4. 0:03:02 4... 0:03:02 5. 0:03:02 5... 0:03:02 6. 0:03:01 6... 0:03:02 7. 0:03:01 7... 0:02:54 8. 0:02:51 8... 0:02:51 9. 0:02:51 9... 0:02:51 10. 0:02:49 10... 0:02:46 11. 0:02:32 11... 0:02:45 12. 0:02:30 12... 0:02:42 13. 0:02:13 13... 0:02:40 14. 0:02:11 14... 0:02:31 15. 0:02:07 15... 0:02:16 16. 0:01:55 16... 0:02:16 17. 0:01:35 17... 0:02:04 18. 0:00:47 18... 0:02:01 19. 0:00:40 19... 0:01:55 20. 0:00:36 20... 0:01:55 21. 0:00:32 21... 0:01:53 22. 0:00:32 22... 0:01:49 23. 0:00:25 23... 0:01:43 24. 0:00:22 24... 0:01:43 25. 0:00:18 25... 0:01:39 26. 0:00:13 26... 0:01:39 27. 0:00:10 27... 0:01:34 28. 0:00:10 28... 0:01:32,
Rated Blitz game,https://lichess.org/H2EWBo1i,2024.08.01,-,bandar1771,Nasser1771,0-1,2024.08.01,00:05:33,593,947,,,A10,English Opening: Adorjan Defense,180+2,Normal,"1. e4 1... e5 2. c4 2... g6 3. d3 3... Bg7 4. Nf3 4... Nf6 5. Nc3 5... c6 6. Nxe5 6... Nxe4 7. Nxe4 7... Bxe5 8.
Nd6 8... Bxd6 9. c5 9... Bxc5 10. Qc2 10... Na6 11. d4 11... Bxd4 12.
Qd3 12... c5 13. Qe4 13... Kf8 14. Bh6 14... Kg8 15. O-O-O 15... d5 16.
Qd3 16... Nb4 17. Qb5 17... Nxa2 18. Kb1 18... Bxb2 19. Qxb2 19... Bf5 20. Kxa2 20... Qa5 21. Kb3 21... c4 22. Bxc4 22... dxc4 23. Kxc4 23... Rc8 24. Kb3 24... Be6 25.
Rd5 25... Bxd5",1. 0:03:00 1... 0:03:00 2. 0:02:58 2... 0:03:01 3. 0:02:58 3... 0:03:01 4. 0:02:59 4... 0:03:02 5. 0:02:57 5... 0:03:00 6. 0:02:55 6... 0:02:55 7. 0:02:54 7... 0:02:54 8. 0:02:55 8... 0:02:54 9. 0:02:55 9... 0:02:53 10. 0:02:56 10... 0:02:51 11. 0:02:55 11... 0:02:50 12. 0:02:55 12... 0:02:50 13. 0:02:56 13... 0:02:46 14. 0:02:57 14... 0:02:45 15. 0:02:58 15... 0:02:42 16. 0:02:52 16... 0:02:38 17. 0:02:50 17... 0:02:28 18. 0:02:50 18... 0:02:19 19. 0:02:46 19... 0:02:16 20. 0:02:44 20... 0:02:14 21. 0:02:41 21... 0:02:12 22. 0:02:42 22... 0:02:09 23. 0:02:43 23... 0:02:09 24. 0:02:43 24... 0:02:05 25. 0:02:40 25... 0:02:03,
Rated Blitz game,https://lichess.org/cdW2eIPW,2024.08.01,-,cremefraichess,omsol,0-1,2024.08.01,00:05:35,1763,1745,,,A03,Bird Opening: Dutch Variation,180+2,Time forfeit,"1. f4 1... d5 2. Nf3 2... Nc6 3. b3 3... Nf6 4. Bb2 4... Bf5 5. e3 5... e6 6. Bb5 6...
Bd6 7. O-O 7... Ne4 8.
d3 8... Nf6 9. Ne5 9... O-O 10. Bxc6 10... bxc6 11. Nxc6 11... Qd7 12.
Ne5 12... Qe8 13. Nd2 13... Nd7 14. Ndf3 14... f6 15. Nxd7 15... Qxd7 16. Qe1 16... c6 17. Qg3 17... Rae8 18. Nh4 18... e5 19. Nxf5 19... Qxf5 20. fxe5 20... Bxe5 21. Bxe5 21... Qxe5 22. Qxe5 22... Rxe5 23. Rae1 23... Rfe8 24. Rf3 24... Kf7 25. d4 25... Re4 26.
Kf2 26... g6 27. a3 27... a5 28. b4 28... axb4 29. a4 29... Ra8 30.
Ra1 30... Ra5 31. h3 31... h5 32. Ke2 32... Ke6 33. Kd3 33... g5 34.
Rff1 34... f5 35. Rfb1 35... f4 36. exf4 36... Rxf4 37. Rxb4 37... Rf2 38.
Rg1 38... Kd6 39. Kc3 39... c5 40. dxc5 40... Kxc5 41. Kb3 41... Re2 42.
c3 42... Re3 43. Rf1 43... Rg3 44. Rf2 44... g4 45. hxg4 45... Rxg4 46. Rb8 46... h4 47. Rc8 47... Kd6 48. Rh8 48... Raxa4 49. Rh6 49... Kc5 50. Rd2 50... Rac4 51.
Rh5 51... Ra4 52. Rdxd5 52... Kc6 53. Rc5 53... Kb6 54. Rcg5 54... Raf4 55. Rh6 55... Kc7 56.
Rc5 56... Kd7 57. Rd5 57... Ke7 58. Rdh5 58... Kf7 59. Rh7 59... Kg6 60. R5h6 60... Kg5 61. Rh5 61... Kg6 62. R7h6 62... Kg7 63. Kc2 63... Rc4 64. Kd3 64... Ra4 65. Ke3 65... Rac4 66.
Kd3 66... Ra4 67. Rc6 67... Rxg2 68. c4 68... Rg4 69. c5 69... Ra3 70.
Ke2 70... Rg2 71. Kf1 71... h3 72. Rc7 72... Kg6",1. 0:03:00 1... 0:03:00 2. 0:03:01 2... 0:03:01 3. 0:03:01 3... 0:03:00 4. 0:03:01 4... 0:03:01 5. 0:02:59 5... 0:03:01 6. 0:03:00 6... 0:03:01 7. 0:03:00 7... 0:03:03 8. 0:02:56 8... 0:03:03 9. 0:02:57 9... 0:02:59 10. 0:02:54 10... 0:03:01 11. 0:02:55 11... 0:02:59 12. 0:02:55 12... 0:02:55 13. 0:02:56 13... 0:02:51 14. 0:02:56 14... 0:02:51 15. 0:02:51 15... 0:02:52 16. 0:02:52 16... 0:02:49 17. 0:02:52 17... 0:02:45 18. 0:02:52 18... 0:02:38 19. 0:02:53 19... 0:02:38 20. 0:02:50 20... 0:02:35 21. 0:02:47 21... 0:02:34 22. 0:02:47 22... 0:02:35 23. 0:02:46 23... 0:02:35 24. 0:02:44 24... 0:02:25 25. 0:02:30 25... 0:02:23 26. 0:02:27 26... 0:02:23 27. 0:02:24 27... 0:02:24 28. 0:02:23 28... 0:02:24 29. 0:02:21 29... 0:02:22 30. 0:02:21 30... 0:02:22 31. 0:02:14 31... 0:02:21 32. 0:02:15 32... 0:02:21 33. 0:02:16 33... 0:02:14 34. 0:02:17 34... 0:02:13 35. 0:02:14 35... 0:02:09 36. 0:02:14 36... 0:02:09 37. 0:02:10 37... 0:02:08 38. 0:01:59 38... 0:02:05 39. 0:01:57 39... 0:02:06 40. 0:01:57 40... 0:02:07 41. 0:01:56 41... 0:01:57 42. 0:01:53 42... 0:01:37 43. 0:01:47 43... 0:01:27 44. 0:01:46 44... 0:01:26 45. 0:01:44 45... 0:01:20 46. 0:01:41 46... 0:01:18 47. 0:01:41 47... 0:01:19 48. 0:01:28 48... 0:01:18 49. 0:01:26 49... 0:01:16 50. 0:01:16 50... 0:01:16 51. 0:01:13 51... 0:00:25 52. 0:01:11 52... 0:00:25 53. 0:01:05 53... 0:00:26 54. 0:01:02 54... 0:00:16 55. 0:00:48 55... 0:00:16 56. 0:00:45 56... 0:00:16 57. 0:00:40 57... 0:00:16 58. 0:00:35 58... 0:00:14 59. 0:00:33 59... 0:00:15 60. 0:00:31 60... 0:00:15 61. 0:00:32 61... 0:00:16 62. 0:00:33 62... 0:00:17 63. 0:00:25 63... 0:00:15 64. 0:00:20 64... 0:00:13 65. 0:00:16 65... 0:00:10 66. 0:00:14 66... 0:00:10 67. 0:00:11 67... 0:00:07 68. 0:00:09 68... 0:00:07 69. 0:00:06 69... 0:00:07 70. 0:00:05 70... 0:00:08 71. 0:00:05 71... 0:00:09 72. 0:00:03 72... 0:00:10,
Rated Blitz game,https://lichess.org/z5tYjSe5,2024.08.01,-,amonta1,GutiPerota,0-1,2024.08.01,00:05:02,1541,1764,,,B12,"Caro-Kann Defense: Advance Variation, Botvinnik-Carls Defense",180+2,Normal,"1. e4 1... c6 2. d4 2... d5 3. e5 3... c5 4. Nf3 4... Bg4 5. Be2 5... e6 6. Be3 6... cxd4 7. Nxd4 7... Bxe2 8.
Qxe2 8... Ne7 9. Qb5 9... Qd7 10. Nc3 10... a6 11. Qd3 11... Nbc6 12.
f4 12... Nxd4 13. Bxd4 13... Nf5 14. Bf2 14... Be7 15. O-O-O 15... Rc8 16. g4 16... Nh4 17. f5 17... O-O 18. Qh3 18... Bg5 19. Kb1 19... Qd8 20. Na4 20... b5 21.
Nc5 21... Qc7 22. Bxh4 22... Bxh4 23. fxe6 23... Qxc5 24. exf7 24... Rxf7 25. Rd2 25... Bg5 26. Qd3 26... Bxd2 27. Qxd2 27... Rfc7 28. c3 28... Re7 29. Re1 29... Rce8 30.
Qe2 30... Qc7 31. e6 31... Qd6 32. g5 32... Rxe6 33. Qh5 33... Rxe1 34. Kc2 34... Qg6 35. Qxg6 35... hxg6 36. b3 36... R1e2 37. Kb1 37... Rxh2",1. 0:03:00 1... 0:03:00 2. 0:03:02 2... 0:03:01 3. 0:03:03 3... 0:03:02 4. 0:03:05 4... 0:02:59 5. 0:03:05 5... 0:02:58 6. 0:03:06 6... 0:02:55 7. 0:03:06 7... 0:02:56 8. 0:03:07 8... 0:02:53 9. 0:03:05 9... 0:02:49 10. 0:02:54 10... 0:02:46 11. 0:02:41 11... 0:02:44 12. 0:02:32 12... 0:02:43 13. 0:02:32 13... 0:02:45 14. 0:02:20 14... 0:02:41 15. 0:02:13 15... 0:02:36 16. 0:01:55 16... 0:02:32 17. 0:01:44 17... 0:02:04 18. 0:01:32 18... 0:01:22 19. 0:01:21 19... 0:01:07 20. 0:00:52 20... 0:00:41 21. 0:00:52 21... 0:00:19 22. 0:00:50 22... 0:00:18 23. 0:00:41 23... 0:00:17 24. 0:00:36 24... 0:00:17 25. 0:00:35 25... 0:00:17 26. 0:00:25 26... 0:00:15 27. 0:00:27 27... 0:00:14 28. 0:00:27 28... 0:00:08 29. 0:00:27 29... 0:00:10 30. 0:00:26 30... 0:00:10 31. 0:00:26 31... 0:00:11 32. 0:00:15 32... 0:00:12 33. 0:00:08 33... 0:00:12 34. 0:00:08 34... 0:00:12 35. 0:00:09 35... 0:00:14 36. 0:00:08 36... 0:00:15 37. 0:00:09 37... 0:00:16,
Rated Blitz tournament https://lichess.org/tournament/9ItBGKQi,https://lichess.org/fP5vWEO5,2024.08.01,-,G_Capella,chesterbillpro777,0-1,2024.08.01,00:05:03,1881,1999,,,B56,Sicilian Defense: Classical Variation,180+2,Normal,"1. e4 1... c5 2. Nf3 2... Nc6 3. d4 3... cxd4 4. Nxd4 4... d6 5. Nc3 5... Nf6 6. Be3 6...
e5 7. Nb3 7... Be7 8.
f3 8... Be6 9. Qd2 9... d5 10. exd5 10... Nxd5 11. O-O-O 11... Nxe3 12. Qxe3 12... Qc7 13. Kb1 13... a6 14. Nd5 14...
Bxd5 15. Rxd5 15... O-O 16. g4 16... Rad8 17.
Rxd8 17... Rxd8 18. Bd3 18... Nb4 19. Rd1 19... Nxd3 20. Rxd3 20... Rxd3 21. Qxd3 21... Qd6 22.
Qe2 22... h6 23. Nd2 23... Bf6 24. Ne4 24... Qe6 25. h3 25... Qc6 26.
Nxf6 26... Qxf6 27. a3 27... Qc6 28. Qe3 28... g6 29. h4 29... Kg7 30. f4 30... exf4 31.
Qxf4 31... Qf6 32. Qxf6 32... Kxf6 33. c3 33... Ke5 34. g5 34... hxg5 35. hxg5 35... Kf5 36.
b4 36... Kxg5 37. c4 37... Kf5 38. a4 38... g5 39. Kc2 39... g4 40.
Kd2 40... Kf4 41. Ke2 41... f5 42. b5 42... axb5 43. axb5 43... Ke5 44.
Ke3 44... f4 45. Kf2 45... Kd4 46. c5 46... Kxc5 47. b6 47... Kb5 48.
Ke2 48... Kxb6 49. Kf2 49... Kc5 50. Kg2 50... b5 51. Kh2 51... Kc4 52.
Kh1 52... b4 53. Kg2 53... b3 54. Kf1 54... b2 55. Kf2 55... b1=Q 56.
Kg2 56... Qd3 57. Kf2 57... Qf3 58. Kg1 58... Kd4 59. Kh2 59... g3 60.
Kg1 60... Qf2 61. Kh1 61... Qh2",1. 0:03:00 1... 0:01:30 2. 0:03:01 2... 0:01:30 3. 0:03:02 3... 0:01:30 4. 0:03:03 4... 0:01:29 5. 0:03:05 5... 0:01:28 6. 0:03:04 6... 0:01:28 7. 0:03:05 7... 0:01:27 8. 0:03:05 8... 0:01:27 9. 0:03:06 9... 0:01:22 10. 0:03:06 10... 0:01:21 11. 0:03:03 11... 0:01:15 12. 0:03:04 12... 0:01:13 13. 0:03:04 13... 0:01:10 14. 0:03:05 14... 0:01:07 15. 0:03:05 15... 0:01:07 16. 0:03:00 16... 0:01:01 17. 0:03:01 17... 0:01:01 18. 0:03:02 18... 0:00:56 19. 0:02:51 19... 0:00:52 20. 0:02:51 20... 0:00:43 21. 0:02:51 21... 0:00:39 22. 0:02:40 22... 0:00:27 23. 0:02:41 23... 0:00:13 24. 0:02:41 24... 0:00:12 25. 0:02:29 25... 0:00:12 26. 0:02:29 26... 0:00:12 27. 0:02:29 27... 0:00:11 28. 0:02:27 28... 0:00:11 29. 0:02:28 29... 0:00:10 30. 0:02:27 30... 0:00:09 31. 0:02:28 31... 0:00:09 32. 0:02:23 32... 0:00:09 33. 0:02:23 33... 0:00:08 34. 0:02:14 34... 0:00:07 35. 0:02:15 35... 0:00:07 36. 0:02:16 36... 0:00:07 37. 0:02:18 37... 0:00:06 38. 0:02:19 38... 0:00:06 39. 0:02:20 39... 0:00:06 40. 0:02:21 40... 0:00:05 41. 0:02:23 41... 0:00:05 42. 0:02:23 42... 0:00:04 43. 0:02:24 43... 0:00:04 44. 0:02:22 44... 0:00:03 45. 0:02:23 45... 0:00:03 46. 0:02:23 46... 0:00:02 47. 0:02:24 47... 0:00:02 48. 0:02:26 48... 0:00:02 49. 0:02:27 49... 0:00:02 50. 0:02:29 50... 0:00:02 51. 0:02:30 51... 0:00:02 52. 0:02:32 52... 0:00:02 53. 0:02:34 53... 0:00:02 54. 0:02:36 54... 0:00:02 55. 0:02:37 55... 0:00:02 56. 0:02:39 56... 0:00:02 57. 0:02:40 57... 0:00:02 58. 0:02:41 58... 0:00:02 59. 0:02:43 59... 0:00:02 60. 0:02:43 60... 0:00:02 61. 0:02:45 61... 0:00:02,
Rated Blitz game,https://lichess.org/OPIbdV0s,2024.08.01,-,paaso,Harut69,1/2-1/2,2024.08.01,00:05:06,1827,1797,,,C51,"Italian Game: Evans Gambit, Anderssen Variation",180+2,Normal,"1. e4 1... e5 2. Nf3 2... Nc6 3. Bc4 3... Be7 4. b4 4... Nxb4 5. c3 5... Nc6 6. d4 6... d6 7. Qb3 7... Na5 8.
Bxf7 8... Kf8 9. Qa3 9... c6 10. Bxg8 10... Kxg8 11. O-O 11... h5 12.
dxe5 12... Nc4 13. Qb3 13... Be6 14. Qd1 14... Nxe5 15. Nxe5 15... dxe5 16. Qe2 16... g6 17. Nd2 17... Kh7 18. Nf3 18... Bg4 19. h3 19... Bxf3 20. Qxf3 20... Rf8 21.
Qg3 21... Bh4 22. Qxe5 22... Qd7 23. f4 23... Rae8 24. Qc5 24... b6 25.
Qc4 25... b5 26. Qe2 26... a6 27. a4 27... Qe6 28. e5 28... Qb3 29.
axb5 29... axb5 30. Ra7 30... Kg8 31. f5 31...
gxf5 32. Qxh5 32... Re7 33. Rxe7 33... Bxe7 34. Bh6 34... Rf7 35. Qg6 35... Kh8 36. Rxf5 36... Qd1 37. Kh2 37... Rh7 38. Rf6 38... Bxf6 39.
exf6 39... Qd7 40. Bg7 40... Rxg7 41. fxg7 41... Qxg7 42. Qxc6 42... Qe5 43. Kh1 43... Qe1 44.
Kh2 44... Qe5 45. Kg1 45... Qe1 46. Kh2 46... Qe5",1. 0:03:00 1... 0:03:00 2. 0:03:01 2... 0:03:02 3. 0:03:01 3... 0:03:03 4. 0:03:02 4... 0:03:03 5. 0:03:03 5... 0:03:05 6. 0:03:04 6... 0:03:05 7. 0:03:03 7... 0:02:55 8. 0:02:39 8... 0:02:55 9. 0:02:39 9... 0:02:50 10. 0:02:39 10... 0:02:49 11. 0:02:39 11... 0:02:50 12. 0:02:35 12... 0:02:47 13. 0:02:32 13... 0:02:48 14. 0:02:33 14... 0:02:45 15. 0:02:32 15... 0:02:47 16. 0:02:27 16... 0:02:46 17. 0:02:20 17... 0:02:46 18. 0:02:20 18... 0:02:45 19. 0:02:19 19... 0:02:44 20. 0:02:20 20... 0:02:45 21. 0:02:16 21... 0:02:43 22. 0:02:12 22... 0:02:38 23. 0:02:05 23... 0:02:34 24. 0:01:59 24... 0:02:26 25. 0:01:47 25... 0:02:09 26. 0:01:42 26... 0:02:03 27. 0:01:37 27... 0:01:53 28. 0:01:31 28... 0:01:35 29. 0:01:22 29... 0:01:34 30. 0:01:19 30... 0:01:26 31. 0:01:15 31... 0:01:09 32. 0:01:13 32... 0:00:48 33. 0:00:16 33... 0:00:47 34. 0:00:09 34... 0:00:41 35. 0:00:07 35... 0:00:33 36. 0:00:06 36... 0:00:24 37. 0:00:05 37... 0:00:20 38. 0:00:02 38... 0:00:18 39. 0:00:04 39... 0:00:15 40. 0:00:03 40... 0:00:14 41. 0:00:03 41... 0:00:15 42. 0:00:04 42... 0:00:14 43. 0:00:04 43... 0:00:15 44. 0:00:05 44... 0:00:16 45. 0:00:06 45... 0:00:17 46. 0:00:07 46... 0:00:18,
Rated Blitz game,https://lichess.org/JhB5p2cJ,2024.08.01,-,konsri,alexflorus33,1-0,2024.08.01,00:05:49,1591,1604,,,A00,Van't Kruijs Opening,180+2,Normal,"1. e3 1... e5 2. d3 2... Qf6 3. b3 3... h6 4. Bb2 4... d6 5. Nf3 5... Bg4 6. Be2 6... c6 7. O-O 7... Nd7 8.
Nbd2 8... Be6 9. Rb1 9... Ne7 10. d4 10... Ng6 11. Ne4 11... Qe7 12.
dxe5 12... dxe5 13. c4 13... f5 14. Ng3 14... e4 15. Nd2 15... O-O-O 16. Qc2 16... Rg8 17. b4 17... Qxb4 18. Bxg7 18... Qa5 19. Bc3 19... Bg7 20. Bxa5",1. 0:03:00 1... 0:03:00 2. 0:03:01 2... 0:02:59 3. 0:03:02 3... 0:02:58 4. 0:03:01 4... 0:02:59 5. 0:03:00 5... 0:02:56 6. 0:03:01 6... 0:02:48 7. 0:03:00 7... 0:02:47 8. 0:02:57 8... 0:02:39 9. 0:02:57 9... 0:02:34 10. 0:02:56 10... 0:02:30 11. 0:02:52 11... 0:02:27 12. 0:02:48 12... 0:02:24 13. 0:02:40 13... 0:02:21 14. 0:02:36 14... 0:02:17 15. 0:02:29 15... 0:02:18 16. 0:02:24 16... 0:02:12 17. 0:02:21 17... 0:01:55 18. 0:02:09 18... 0:01:53 19. 0:02:01 19... 0:01:52 20. 0:02:00,
Rated Blitz game,https://lichess.org/FZV615u6,2024.08.01,-,HenriqueScardoelli,lkosubek,0-1,2024.08.01,00:05:49,1406,1361,,,B40,Sicilian Defense: French Variation,180+2,Normal,"1. e4 1... e6 2. Nf3 2... c5 3. Nc3 3... Nc6 4. Be2 4... Nf6 5. d3 5... d5 6. exd5 6...
exd5 7. O-O 7... Be7 8. Bg5 8... O-O 9. Re1 9... Bd6 10. d4 10... cxd4 11. Nxd4 11... Bb4 12.
Nxc6 12... bxc6 13. a3 13... Ba5 14. b4 14... Bc7 15. Qd4 15... Qd6 16.
g3 16... h6 17. Bxf6 17... Qxf6 18. Qxf6 18... gxf6 19. Bf3 19... Be5 20.
Re3 20... d4 21. Rxe5 21... fxe5 22. Ne4 22... f5 23. Nd6 23... e4 24.
Bg2 24... d3 25. cxd3 25... exd3 26. Rc1 26... Rd8 27. Nxf5 27... Bxf5 28. Bxc6 28... Rab8 29. Rc5 29... d2 30. Bd5 30... Kg7 31. Rc7 31... Kf6 32. Rf7 32... Ke5 33.
f4 33... Kxd5 34. Rxf5 34... Ke4 35. Re5 35... Kf3",1. 0:03:00 1... 0:03:00 2. 0:03:01 2... 0:03:01 3. 0:03:02 3... 0:03:02 4. 0:03:02 4... 0:03:01 5. 0:03:02 5... 0:03:02 6. 0:03:03 6... 0:03:02 7. 0:03:04 7... 0:03:02 8. 0:03:04 8... 0:03:03 9. 0:03:05 9... 0:03:02 10. 0:03:05 10... 0:03:00 11. 0:03:06 11... 0:02:55 12. 0:03:06 12... 0:02:54 13. 0:03:07 13... 0:02:54 14. 0:03:08 14... 0:02:52 15. 0:03:02 15... 0:02:52 16. 0:03:00 16... 0:02:49 17. 0:03:00 17... 0:02:50 18. 0:03:01 18... 0:02:50 19. 0:02:59 19... 0:02:43 20. 0:02:54 20... 0:02:39 21. 0:02:54 21... 0:02:38 22. 0:02:53 22... 0:02:38 23. 0:02:53 23... 0:02:33 24. 0:02:51 24... 0:02:28 25. 0:02:52 25... 0:02:28 26. 0:02:53 26... 0:02:21 27. 0:02:39 27... 0:02:18 28. 0:02:38 28... 0:02:16 29. 0:02:37 29... 0:02:09 30. 0:02:23 30... 0:02:05 31. 0:02:22 31... 0:02:05 32. 0:02:22 32... 0:02:05 33. 0:02:17 33... 0:02:04 34. 0:02:18 34... 0:02:04 35. 0:02:19 35... 0:02:05,
Rated Blitz game,https://lichess.org/EIGnrrKS,2024.08.01,-,amrhussein,Ocotlan,0-1,2024.08.01,00:05:49,1311,1314,,,C65,"Ruy Lopez: Berlin Defense, Beverwijk Variation",180+2,Normal,"1. e4 1... e5 2. Nf3 2... Nc6 3. Bb5 3... Bc5 4. O-O 4... Nf6 5. d3 5... d6 6. c4 6... O-O 7. Bg5 7... h6 8. Bh4 8... g5 9. Nxg5 9...
hxg5 10. Bxg5 10... Bg4 11. Bxf6 11... Qxf6 12. Qxg4 12... Qg6 13. Qxg6 13...
fxg6 14. Bxc6 14... bxc6 15. Nc3 15... Rab8 16.
Rab1 16... Kg7 17. h3 17... Rf7 18. a4 18...
Rbf8 19. Ne2 19... Rxf2 20. Rxf2 20... Rxf2 21. Kh2 21... Rxe2 22. b4 22... Bd4 23.
b5 23... cxb5 24. axb5 24... Rd2 25. Ra1 25... Bxa1",1. 0:03:00 0. 0:03:00 1... 0:02:55 0. 0:03:01 2. 0:02:55 0. 0:03:02 2... 0:02:55 0. 0:03:03 3. 0:02:54 0. 0:03:03 3... 0:02:52 0. 0:03:02 4. 0:02:54 0. 0:03:02 4... 0:02:54 0. 0:03:02 5. 0:02:55 0. 0:03:02 5... 0:02:57 0. 0:03:00 6. 0:02:48 0. 0:03:00 6... 0:02:49 0. 0:03:00 7. 0:02:39 0. 0:03:00 7... 0:02:41 0. 0:03:01 8. 0:02:42 1. 0:03:00 8... 0:02:41 0. 0:02:56 9. 0:02:40 3. 0:02:56 9... 0:02:40 3. 0:02:55 10. 0:02:33 3. 0:02:54 10... 0:02:33 0. 0:02:52 11. 0:02:31 0. 0:02:52 11... 0:02:29 2. 0:02:51 12. 0:02:27 2. 0:02:51 12... 0:02:27 2. 0:02:50 13. 0:02:27 2. 0:02:49,
Rated Blitz game,https://lichess.org/THGtEDhn,2024.08.01,-,churrasci,lipeaugusto,1-0,2024.08.01,00:05:49,2087,2122,,,A06,Nimzo-Larsen Attack: Classical Variation,180+2,Normal,"1. Nf3 1... d5 2. b3 2... Nc6 3. Bb2 3... Nf6 4. e3 4... g6 5. Bxf6 5... exf6 6. d4 6...
Bg7 7. g3 7... O-O 8.
Bg2 8... Bf5 9. a3 9... Re8 10. O-O 10... Ne7 11. c4 11... c6 12.
Nc3 12... Rc8 13. c5 13... Be4 14. Ne1 14... Bxg2 15. Kxg2 15... Qd7 16.
b4 16... f5 17. Nd3 17... g5 18. Qh5 18... h6 19. h4 19... g4 20.
Ne2 20... Ng6 21. Nef4 21... Qe7 22. Qxf5 22... Qe4 23. Qxe4 23... dxe4 24. Nxg6 24... fxg6 25. Nf4 25... g5 26. hxg5 26... hxg5 27. Ne2 27... Kf7 28. Nc3 28... Kg6 29.
Rh1 29... Kf5 30. Rh7 30... Rg8 31. Rah1 31... b6 32. Ne2 32... bxc5 33.
dxc5 33... Rcd8 34. Nd4 34... Bxd4 35. exd4 35... Rxd4 36. Rxa7 36... Rd2 37. Re1 37... Ke5 38.
Re7 38... Kd4 39. R7xe4 39... Kc3 40. Rxg4 40... Rf8 41. Rf1 41... Ra2 42. Rxg5 42... Rxa3 43. Rg6 43... Ra6 44. b5 44... Ra5 45. bxc6 45... Rxc5 46. Rc1 46... Kd4 47. Rxc5 47... Kxc5 48. f4",1. 0:03:00 1... 0:03:00 2. 0:03:01 2... 0:03:01 3. 0:03:02 3... 0:03:02 4. 0:03:03 4... 0:03:03 5. 0:02:58 5... 0:03:03 6. 0:02:59 6... 0:03:03 7. 0:02:59 7... 0:03:04 8. 0:03:01 8... 0:02:59 9. 0:02:48 9... 0:02:55 10. 0:02:49 10... 0:02:48 11. 0:02:38 11... 0:02:42 12. 0:02:36 12... 0:02:40 13. 0:02:13 13... 0:02:29 14. 0:02:02 14... 0:02:27 15. 0:02:00 15... 0:02:24 16. 0:01:58 16... 0:02:17 17. 0:01:40 17... 0:02:15 18. 0:01:36 18... 0:02:13 19. 0:01:20 19... 0:02:08 20. 0:01:14 20... 0:02:05 21. 0:01:05 21... 0:02:00 22. 0:00:46 22... 0:01:50 23. 0:00:46 23... 0:01:52 24. 0:00:19 24... 0:01:52 25. 0:00:19 25... 0:01:48 26. 0:00:19 26... 0:01:50 27. 0:00:12 27... 0:01:49 28. 0:00:13 28... 0:01:31 29. 0:00:11 29... 0:01:28 30. 0:00:08 30... 0:01:21 31. 0:00:09 31... 0:01:15 32. 0:00:03 32... 0:01:06 33. 0:00:04 33... 0:01:03 34. 0:00:05 34... 0:01:02 35. 0:00:07 35... 0:01:02 36. 0:00:08 36... 0:01:02 37. 0:00:08 37... 0:01:00 38. 0:00:09 38... 0:00:54 39. 0:00:09 39... 0:00:54 40. 0:00:06 40... 0:00:54 41. 0:00:07 41... 0:00:53 42. 0:00:04 42... 0:00:54 43. 0:00:05 43... 0:00:49 44. 0:00:04 44... 0:00:45 45. 0:00:04 45... 0:00:47 46. 0:00:04 46... 0:00:46 47. 0:00:06 47... 0:00:47 48. 0:00:07,
Rated Blitz game,https://lichess.org/DrCQFJDE,2024.08.01,-,Sanchez042,Najdorfwarlock,0-1,2024.08.01,00:05:49,1407,1436,,,B18,Caro-Kann Defense: Classical Variation,180+2,Normal,"1. e4 1... c6 2. d4 2... d5 3. Nc3 3... dxe4 4. Nxe4 4... Bf5 5.
Ng3 5... Bg6 6. Nf3 6... e6 7. Bd3 7... Bxd3 8. Qxd3 8... Ne7 9.
O-O 9... Ng6 10. c4 10... Bd6 11. Re1 11... Bxg3 12. hxg3 12... O-O 13.
Be3 13... Nd7 14. Rad1 14... Qa5 15. a3 15... Nf6 16. Qd2 16... Qxd2 17.
Bxd2 17... Rad8 18. Bc3 18... Rd7 19. Rd2 19... Rfd8 20. b4 20... b6 21. Ree2 21... b5 22.
c5 22... Nd5 23. Bb2 23... Nge7 24. Ne5 24... Rc7 25. f4 25... a5 26.
Kh2 26... axb4 27. Nd3 27... bxa3 28. Bxa3 28... Ra8 29. Ra2 29... Rca7",1. 0:03:00 1... 0:03:00 2. 0:03:01 2... 0:03:01 3. 0:03:00 3... 0:03:00 4. 0:03:01 4... 0:03:01 5. 0:03:02 5... 0:03:01 6. 0:03:03 6... 0:03:03 7. 0:03:03 7... 0:03:03 8. 0:03:05 8... 0:03:00 9. 0:03:06 9... 0:03:00 10. 0:03:01 10... 0:02:58 11. 0:02:50 11... 0:02:57 12. 0:02:51 12... 0:02:58 13. 0:02:50 13... 0:02:49 14. 0:02:46 14... 0:02:48 15. 0:02:37 15... 0:02:47 16. 0:02:32 16... 0:02:39 17. 0:02:32 17... 0:02:38 18. 0:02:24 18... 0:02:29 19. 0:02:24 19... 0:02:25 20. 0:02:17 20... 0:02:18 21. 0:02:12 21... 0:02:04 22. 0:02:08 22... 0:01:57 23. 0:02:05 23... 0:01:50 24. 0:02:01 24... 0:01:46 25. 0:01:57 25... 0:01:42 26. 0:01:49 26... 0:01:30 27. 0:01:49 27... 0:01:24 28. 0:01:50 28... 0:01:26 29. 0:01:39 29... 0:01:21,
Rated Blitz game,https://lichess.org/EsVaTWC7,2024.08.01,-,Ilpanebianco,Michael_80,1-0,2024.08.01,00:05:49,1692,1744,,,C43,"Russian Game: Modern Attack, Center Attack",180+2,Normal,"1. e4 1... e5 2. Nf3 2... Nf6 3. d4 3... exd4 4. e5 4... Ne4 5. Qxd4 5... Ng5 6. Bxg5 6...
Be7 7. Bxe7 7... Qxe7 8. c3 8... Nc6 9. Qf4 9... d6 10. Bb5 10... dxe5 11. Nxe5 11... f6 12.
Bxc6 12... bxc6 13. O-O 13... fxe5 14. Qa4 14... O-O 15. Nd2 15... Qg5 16. Ne4 16... Qg6 17.
Rae1 17... Bh3 18. Ng3 18... Bf5 19. Qc4 19... Kh8 20. Nxf5 20... Qxf5 21. Qxc6 21... Rae8 22. Qxc7 22... Qc2 23. Rxe5 23... Rxe5 24. Qxe5 24... Qxb2 25. f4 25... Qxa2 26.
f5 26... Qf7 27. f6 27... gxf6 28. Qd4 28... a5 29. c4 29... a4 30. c5 30... a3 31. c6 31...
Ra8 32. Qd7 32... Ra7 33. Qd8 33... Kg7 34. Rc1 34... a2 35. Qd1 35...
Qc7 36. Qg4 36... Kf7 37. Qh5 37... Kg7 38. Qg4 38... Kh8 39. Qd4 39... Kg7 40. Rf1 40... Qxc6 41. Qxa7 41... Kg6 42. Qxa2 42... Qc5 43. Kh1 43... h5 44. Qg8 44... Kh6 45. Rxf6",1. 0:03:00 1... 0:03:00 2. 0:03:01 2... 0:03:01 3. 0:03:01 3... 0:03:01 4. 0:03:02 4... 0:03:00 5. 0:03:04 5... 0:02:50 6. 0:03:03 6... 0:02:48 7. 0:03:02 7... 0:02:50 8. 0:03:02 8... 0:02:51 9. 0:03:02 9... 0:02:52 10. 0:03:00 10... 0:02:51 11. 0:03:00 11... 0:02:45 12. 0:02:59 12... 0:02:45 13. 0:02:53 13... 0:02:45 14. 0:02:51 14... 0:02:44 15. 0:02:48 15... 0:02:45 16. 0:02:48 16... 0:02:43 17. 0:02:27 17... 0:02:42 18. 0:02:26 18... 0:02:23 19. 0:02:24 19... 0:02:22 20. 0:02:25 20... 0:02:16 21. 0:02:24 21... 0:02:15 22. 0:02:17 22... 0:02:09 23. 0:02:13 23... 0:02:04 24. 0:02:03 24... 0:02:02 25. 0:01:59 25... 0:01:59 26. 0:01:58 26... 0:01:56 27. 0:01:54 27... 0:01:40 28. 0:01:46 28... 0:01:37 29. 0:01:46 29... 0:01:35 30. 0:01:46 30... 0:01:36 31. 0:01:46 31... 0:01:31 32. 0:01:42 32... 0:00:57 33. 0:01:39 33... 0:00:58 34. 0:01:30 34... 0:00:41 35. 0:01:29 35... 0:00:15 36. 0:01:25 36... 0:00:13 37. 0:01:26 37... 0:00:12 38. 0:01:20 38... 0:00:10 39. 0:01:21 39... 0:00:06 40. 0:01:16 40... 0:00:04 41. 0:01:11 41... 0:00:05 42. 0:01:11 42... 0:00:04 43. 0:01:11 43... 0:00:06 44. 0:01:10 44... 0:00:06 45. 0:01:04,
Rated Blitz game,https://lichess.org/kYYN4NQh,2024.08.01,-,caegonso50,MoHuwaidi,1-0,2024.08.01,00:05:49,1614,1668,,,A10,English Opening: Great Snake Variation,180+2,Normal,"1. c4 1... g6 2. Nc3 2... Bg7 3. g3 3... c6 4. Bg2 4... e6 5. e3 5... d5 6. cxd5 6... exd5 7. Nge2 7... Nf6 8.
O-O 8... O-O 9. a3 9... b6 10. b4 10... Nbd7 11. Bb2 11... Ne5 12.
d3 12... Be6 13. Rc1 13... Nfd7 14. Ba1 14... Rc8 15. Na4 15... Qc7 16.
e4 16... dxe4 17. dxe4 17... Rfd8 18. Qc2 18... Nc4 19. Bxg7 19... Kxg7 20. Nf4 20... Nde5 21. Qc3 21... Rd6 22. Nxe6 22... Rxe6 23. f4",1. 0:03:00 1... 0:03:00 2. 0:03:00 2... 0:03:02 3. 0:02:59 3... 0:03:04 4. 0:03:00 4... 0:03:06 5. 0:03:00 5... 0:03:07 6. 0:02:59 6... 0:03:09 7. 0:02:58 7... 0:03:08 8. 0:02:59 8... 0:03:09 9. 0:03:00 9... 0:03:09 10. 0:03:01 10... 0:03:10 11. 0:03:01 11... 0:03:09 12. 0:02:57 12... 0:03:02 13. 0:02:58 13... 0:03:03 14. 0:02:52 14... 0:03:02 15. 0:02:52 15... 0:02:43 16. 0:02:48 16... 0:02:39 17. 0:02:47 17... 0:02:40 18. 0:02:39 18... 0:02:02 19. 0:02:30 19... 0:02:00 20. 0:02:29 20... 0:01:31 21. 0:02:20 21... 0:01:07 22. 0:02:16 22... 0:01:07 23. 0:02:11,
Rated Blitz game,https://lichess.org/PFGazsHj,2024.08.01,-,Calbatore,ludificari,0-1,2024.08.01,00:05:49,1522,1529,,,B10,Caro-Kann Defense: Accelerated Panov Attack,180+2,Time forfeit,"1. e4 1... c6 2. c4 2... d5 3. cxd5 3... cxd5 4. e5 4... Bf5 5. d4 5... e6 6. Nf3 6...
Bb4 7. Nc3 7... Ne7 8. Bg5 8... Qa5 9. Rc1 9... Nbc6 10. a3 10... Bxc3 11. bxc3 11... O-O 12.
Bd3 12... Qxa3 13. Bxf5 13... Nxf5 14. O-O 14... h6 15. Bd2 15... b5 16. Ra1 16... Qe7 17.
Ra6 17... Rfc8 18. Qb3 18... Qb7 19. Raa1 19... a6 20. Rab1 20... Na5 21.
Qa3 21... Nc4 22. Qc1 22... a5 23. Be3 23... a4 24. Nd2 24... Nfxe3 25. fxe3 25... Nxd2 26. Qxd2 26... Qe7 27. Rf3 27... Qa3 28. Rg3 28... Rxc3 29. Rxb5 29... Qa1 30. Kf2 30... a3 31. e4 31... Rxg3 32. Kxg3 32... Ra4 33. exd5 33... Rxd4 34. Rb8 34... Kh7 35.
Qc2 35... g6 36. dxe6 36... Qe1 37. Kf3 37... Qf1 38. Ke3 38... Qf4 39.
Ke2 39... Qxe5 40. Kf1 40... Qxb8 41. exf7 41... Rf4 42. Kg1 42... Qb6",1. 0:03:00 1... 0:03:00 2. 0:02:59 2... 0:03:01 3. 0:03:01 3... 0:03:03 4. 0:03:02 4... 0:03:04 5. 0:03:01 5... 0:03:05 6. 0:02:59 6... 0:03:05 7. 0:03:00 7... 0:03:06 8. 0:02:58 8... 0:03:05 9. 0:02:45 9... 0:03:01 10. 0:02:33 10... 0:03:01 11. 0:02:33 11... 0:02:59 12. 0:02:22 12... 0:02:56 13. 0:02:20 13... 0:02:57 14. 0:02:18 14... 0:02:57 15. 0:02:07 15... 0:02:42 16. 0:02:01 16... 0:02:35 17. 0:01:58 17... 0:02:28 18. 0:01:35 18... 0:02:23 19. 0:01:30 19... 0:02:22 20. 0:01:31 20... 0:02:21 21. 0:01:20 21... 0:02:19 22. 0:01:17 22... 0:02:04 23. 0:00:59 23... 0:02:03 24. 0:00:59 24... 0:02:02 25. 0:00:59 25... 0:02:02 26. 0:00:59 26... 0:01:34 27. 0:00:59 27... 0:01:30 28. 0:00:54 28... 0:01:27 29. 0:00:40 29... 0:01:22 30. 0:00:38 30... 0:01:19 31. 0:00:32 31... 0:01:13 32. 0:00:23 32... 0:01:09 33. 0:00:21 33... 0:01:05 34. 0:00:19 34... 0:01:05 35. 0:00:19 35... 0:01:02 36. 0:00:16 36... 0:00:57 37. 0:00:14 37... 0:00:45 38. 0:00:08 38... 0:00:44 39. 0:00:08 39... 0:00:33 40. 0:00:06 40... 0:00:33 41. 0:00:05 41... 0:00:29 42. 0:00:05 42... 0:00:26,
Rated Blitz game,https://lichess.org/R0LVoLCy,2024.08.01,-,jegroj,levelupbytime,1-0,2024.08.01,00:05:49,1904,1849,,,B13,Caro-Kann Defense: Panov Attack,180+2,Normal,"1. e4 1... c6 2. d4 2... d5 3. exd5 3... cxd5 4. c4 4... Bf5 5. Nc3 5... e6 6. c5 6... Nf6 7. Nf3 7... h6 8. Bf4 8... a6 9. Bd3 9...
Bxd3 10. Qxd3 10... Be7 11. b4 11... O-O 12.
O-O 12... Nc6 13. a3 13... Nh5 14. Be3 14... Nf6 15. Rab1 15... Ng4 16.
a4 16... Nxe3 17. fxe3 17... Bf6 18. b5 18... Na5 19. e4 19... Nc4 20.
exd5 20... exd5 21. Rfc1 21... g6 22. Nxd5 22... Qxd5 23. Qxc4 23... Qe4 24. Re1 24... Qf5 25.
Rbd1 25... Rfe8 26. d5 26... Rxe1 27. Rxe1 27... g5 28. d6 28... g4 29.
Nd4 29... Qf4 30. Rd1 30... Qe3 31. Kh1 31... Re8 32. d7 32... Qe1 33.
Qf1 33... Qxf1 34. Rxf1 34... Rd8 35. Rxf6 35... Rxd7 36. Rd6 36... Rc7 37. c6 37... axb5 38.
axb5 38... bxc6 39. Nxc6 39... Rb7 40. Rd5 40... Kg7 41. h3 41... g3 42. Rd3 42... Rxb5 43.
Rxg3 43... Rg5 44. Rxg5 44... hxg5 45. Kh2 45... Kg6 46. Kg3 46... Kf5 47. Ne7 47... Kf6 48.
Nd5 48... Kf5 49. Ne3 49... Kg6 50. Kg4 50... f6 51. Nf5 51... Kf7 52. Kh5 52... Ke6 53.
g4 53... Ke5 54. Kg6 54... Ke6 55. Kg7 55... Ke5 56. Kf7 56... Kf4 57.
Kxf6",1. 0:03:00 1... 0:03:00 2. 0:03:00 2... 0:03:01 3. 0:03:01 3... 0:03:03 4. 0:03:02 4... 0:03:05 5. 0:03:01 5... 0:03:05 6. 0:03:02 6... 0:03:05 7. 0:03:02 7... 0:03:06 8. 0:03:02 8... 0:03:03 9. 0:02:58 9... 0:03:04 10. 0:02:59 10... 0:03:06 11. 0:02:57 11... 0:03:04 12. 0:02:57 12... 0:03:03 13. 0:02:57 13... 0:02:56 14. 0:02:53 14... 0:02:53 15. 0:02:48 15... 0:02:50 16. 0:02:43 16... 0:02:50 17. 0:02:43 17... 0:02:43 18. 0:02:40 18... 0:02:42 19. 0:02:17 19... 0:02:39 20. 0:02:13 20... 0:02:39 21. 0:02:04 21... 0:02:31 22. 0:02:00 22... 0:02:31 23. 0:02:00 23... 0:02:21 24. 0:01:53 24... 0:02:19 25. 0:01:31 25... 0:02:18 26. 0:01:17 26... 0:02:18 27. 0:01:16 27... 0:02:14 28. 0:01:09 28... 0:02:15 29. 0:00:58 29... 0:02:13 30. 0:00:43 30... 0:02:09 31. 0:00:44 31... 0:02:08 32. 0:00:32 32... 0:02:06 33. 0:00:31 33... 0:02:05 34. 0:00:31 34... 0:02:06 35. 0:00:30 35... 0:02:06 36. 0:00:24 36... 0:02:06 37. 0:00:24 37... 0:02:05 38. 0:00:23 38... 0:02:06 39. 0:00:23 39... 0:02:06 40. 0:00:22 40... 0:02:05 41. 0:00:17 41... 0:02:04 42. 0:00:17 42... 0:02:03 43. 0:00:17 43... 0:02:03 44. 0:00:17 44... 0:02:04 45. 0:00:17 45... 0:02:05 46. 0:00:19 46... 0:02:04 47. 0:00:18 47... 0:02:05 48. 0:00:18 48... 0:02:06 49. 0:00:19 49... 0:02:06 50. 0:00:18 50... 0:02:05 51. 0:00:18 51... 0:02:01 52. 0:00:18 52... 0:02:02 53. 0:00:19 53... 0:02:02 54. 0:00:20 54... 0:02:02 55. 0:00:20 55... 0:01:59 56. 0:00:20 56... 0:02:00 57. 0:00:20,
Rated Blitz game,https://lichess.org/hX3hOTJF,2024.08.01,-,rfgtkkj,Hernandez23,1-0,2024.08.01,00:05:49,1931,2020,,,D94,Grünfeld Defense: Opocensky Variation,180+2,Normal,"1. d4 1... Nf6 2. c4 2... g6 3. Nc3 3... d5 4. Nf3 4... Bg7 5. e3 5... O-O 6. Bd2 6... c6 7. Qb3 7... dxc4 8.
Bxc4 8... b5 9. Bxf7 9... Rxf7 10. Ne5 10... Nd5 11. Nxf7 11... Kxf7 12. e4 12... e6 13. exd5 13... exd5 14. Ne2 14... Qe7 15. Qe3 15... Be6 16. O-O 16... Nd7 17.
Nf4 17... Re8 18. Nxe6 18... Qxe6 19. Qxe6 19... Rxe6 20. Be3 20... Nf6 21.
h3 21... Ne4 22. Rad1 22... a5 23. Kh2 23... h5 24. f3 24... Nd6 25.
Bf2 25... Nc4 26. b3 26... Nd6 27. Bg3 27... Nf5 28. Bf2 28... Bh6 29.
Rfe1 29... Bf4 30. g3 30... Be3 31. Bxe3 31... Nxe3 32. Rc1 32... Kf6 33.
Kg1 33... Nf5 34. Rxe6 34... Kxe6 35. Rxc6",1. 0:03:00 1... 0:03:00 2. 0:03:00 2... 0:03:01 3. 0:02:59 3... 0:03:02 4. 0:02:59 4... 0:03:02 5. 0:03:01 5... 0:03:02 6. 0:03:01 6... 0:02:57 7. 0:02:59 7... 0:02:52 8. 0:02:58 8... 0:02:53 9. 0:02:48 9... 0:02:52 10. 0:02:47 10... 0:02:46 11. 0:02:45 11... 0:02:43 12. 0:02:46 12... 0:02:38 13. 0:02:46 13... 0:02:39 14. 0:02:43 14... 0:02:37 15. 0:02:37 15... 0:02:27 16. 0:02:35 16... 0:02:26 17. 0:02:33 17... 0:02:20 18. 0:02:32 18... 0:02:18 19. 0:02:27 19... 0:02:18 20. 0:02:25 20... 0:02:18 21. 0:02:21 21... 0:02:17 22. 0:02:20 22... 0:02:12 23. 0:02:12 23... 0:02:07 24. 0:02:12 24... 0:02:03 25. 0:02:10 25... 0:02:02 26. 0:02:10 26... 0:01:52 27. 0:02:10 27... 0:01:51 28. 0:02:06 28... 0:01:50 29. 0:02:05 29... 0:01:36 30. 0:02:05 30... 0:01:37 31. 0:01:49 31... 0:01:35 32. 0:01:49 32... 0:01:29 33. 0:01:48 33... 0:01:26 34. 0:01:45 34... 0:01:26 35. 0:01:45,
Rated Blitz game,https://lichess.org/f8qqSzIv,2024.08.01,-,GabrielDeCarlo,ElTrenLokote473,1-0,2024.08.01,00:05:49,1125,1145,,,C45,Scotch Game: Classical Variation,180+2,Normal,"1. e4 1... e5 2. Nf3 2... Nc6 3. d4 3... exd4 4. Nxd4 4... Bc5 5.
Be3 5... Qf6 6. c3 6... Nge7 7. Qd3 7... O-O 8. Be2 8... Nxd4 9.
Bxd4 9... Bxd4 10. cxd4 10... Nc6 11. d5 11...
Nb4 12. Qc3 12... Qxc3 13. Nxc3 13... Nc2 14. Kd2 14... Nxa1 15. Rxa1 15... d6 16. f4 16...
Bd7 17. a4 17... Rae8 18. h3 18... c6 19. Bc4 19... cxd5 20. Bxd5 20... b6 21. g4 21... h6 22. b4 22... a5 23. b5 23... Re7 24. Kd3 24... Rfe8 25. f5 25... Kh7 26. Re1 26... g6 27.
Rf1 27... gxf5 28. gxf5 28... Rg8 29. Rf3 29... Rg7 30. f6 30... Re5 31. fxg7 31... Kxg7 32. Rg3 32... Kh7 33. Rf3 33... Kg7 34. Rxf7 34... Kg6 35. Rxd7 35... Rh5 36. Rxd6 36... Kg7 37. Be6 37... Kf6 38. Kd4 38... Ke7 39. Rxb6 39... Rg5 40. Nd5 40... Ke8 41. Nc7 41... Ke7 42.
Nd5 42... Rxd5 43. Bxd5 43... h5 44. Rh6 44...
h4 45. Rxh4 45... Kd6 46. Rg4 46... Kc7 47. h4 47... Kb6 48. h5 48...
Kc7 49. h6 49... Kb6 50. h7 50... Kc7 51. h8=Q 51... Kd6 52. Qh6 52... Kc7 53. Rg7 53... Kd8 54. Qh8",1. 0:03:00 1... 0:03:00 2. 0:03:01 2... 0:03:01 3. 0:03:01 3... 0:03:02 4. 0:03:03 4... 0:03:02 5. 0:03:04 5... 0:03:03 6. 0:03:02 6... 0:03:02 7. 0:03:01 7... 0:02:58 8. 0:03:01 8... 0:02:50 9. 0:02:58 9... 0:02:51 10. 0:02:58 10... 0:02:50 11. 0:02:53 11... 0:02:41 12. 0:02:45 12... 0:02:39 13. 0:02:44 13... 0:02:40 14. 0:02:41 14... 0:02:41 15. 0:02:43 15... 0:02:38 16. 0:02:44 16... 0:02:34 17. 0:02:39 17... 0:02:27 18. 0:02:39 18... 0:02:27 19. 0:02:33 19... 0:02:27 20. 0:02:35 20... 0:02:24 21. 0:02:36 21... 0:02:17 22. 0:02:33 22... 0:02:10 23. 0:02:12 23... 0:02:04 24. 0:02:11 24... 0:01:59 25. 0:02:05 25... 0:01:56 26. 0:02:05 26... 0:01:55 27. 0:01:55 27... 0:01:53 28. 0:01:47 28... 0:01:47 29. 0:01:44 29... 0:01:38 30. 0:01:41 30... 0:01:22 31. 0:01:39 31... 0:01:24 32. 0:01:28 32... 0:01:23 33. 0:01:28 33... 0:01:20 34. 0:01:27 34... 0:01:17 35. 0:01:26 35... 0:01:18 36. 0:01:27 36... 0:01:17 37. 0:01:26 37... 0:01:11 38. 0:01:26 38... 0:01:06 39. 0:01:24 39... 0:00:56 40. 0:01:22 40... 0:00:54 41. 0:01:20 41... 0:00:56 42. 0:01:15 42... 0:00:55 43. 0:01:14 43... 0:00:57 44. 0:01:09 44... 0:00:59 45. 0:01:10 45... 0:01:00 46. 0:01:09 46... 0:01:00 47. 0:01:10 47... 0:01:02 48. 0:01:11 48... 0:01:03 49. 0:01:13 49... 0:01:04 50. 0:01:14 50... 0:01:06 51. 0:01:15 51... 0:01:08 52. 0:01:15 52... 0:01:10 53. 0:01:17 53... 0:01:09 54. 0:01:16,
Rated Blitz game,https://lichess.org/Z8CUjdW1,2024.08.01,-,tiarnan01,lscarnelos,0-1,2024.08.01,00:05:49,1488,1452,,,B32,Sicilian Defense: Open,180+2,Time forfeit,"1. e4 1... c5 2. Nf3 2... Nc6 3. d4 3... e5 4. d5 4... Nd4 5. Nxe5 5... Nf6 6. c3 6... Nxe4 7. cxd4 7... a6 8. Nc3 8... Nxc3 9. bxc3 9...
cxd4 10. Qxd4 10... Bd6 11. Bd3 11... O-O 12.
O-O 12... Re8 13. Bf4 13... b6 14. Rfe1 14... Bc5 15. Qe4 15... d6 16.
Qxh7 16... Kf8 17. Ng6 17... fxg6 18. Qh8 18... Kf7 19. Qh7 19... Qf6 20. Rxe8 20... Kxe8 21. Qg8 21... Ke7 22. Re1 22... Kd7",1. 0:03:00 1... 0:03:00 2. 0:03:00 2... 0:03:01 3. 0:03:01 3... 0:03:03 4. 0:02:45 4... 0:03:04 5. 0:02:45 5... 0:03:00 6. 0:02:14 6... 0:02:50 7. 0:02:15 7... 0:02:36 8. 0:01:55 8... 0:02:32 9. 0:01:55 9... 0:02:22 10. 0:01:56 10... 0:02:15 11. 0:01:29 11... 0:02:15 12. 0:01:25 12... 0:02:14 13. 0:01:14 13... 0:02:13 14. 0:00:57 14... 0:02:13 15. 0:00:58 15... 0:02:13 16. 0:00:59 16... 0:02:13 17. 0:00:10 17... 0:02:07 18. 0:00:08 18... 0:02:06 19. 0:00:05 19... 0:01:51 20. 0:00:05 20... 0:01:52 21. 0:00:07 21... 0:01:52 22. 0:00:08 22... 0:01:52,
Rated Blitz game,https://lichess.org/f8zSQi7V,2024.08.01,-,hebelebubele,seenunclearly,0-1,2024.08.01,00:05:49,1769,1836,,,C41,Philidor Defense: Exchange Variation,180+2,Normal,"1. e4 1... e5 2. Nf3 2... d6 3. d4 3... exd4 4. Nxd4 4... Bd7 5.
Bc4 5... Nc6 6. O-O 6... Nf6 7. Nc3 7... Be7 8. Nd5 8... Nxd5 9.
Bxd5 9... O-O 10. Nxc6 10... bxc6 11. Bb3 11... Bf6 12. Qf3 12... Rb8 13.
c3 13... c5 14. Bf4 14... Bc6 15. Rad1 15... a5 16. Rfe1 16... a4 17.
Bd5 17... Bxd5 18. exd5 18... Rxb2 19. Qg4 19... Rxa2 20. h4 20... Bxh4 21. g3 21... Bf6 22.
Be3 22... Bxc3 23. Bh6 23... Qf6 24. Bg5 24... Qg6 25. f4 25... h6 26. f5 26... Qxg5",1. 0:03:00 1... 0:03:00 2. 0:03:00 2... 0:03:01 3. 0:03:02 3... 0:03:01 4. 0:03:04 4... 0:03:00 5. 0:03:05 5... 0:03:00 6. 0:03:05 6... 0:02:59 7. 0:03:06 7... 0:03:00 8. 0:03:01 8... 0:02:59 9. 0:02:59 9... 0:02:59 10. 0:02:57 10... 0:02:59 11. 0:02:57 11... 0:02:55 12. 0:02:56 12... 0:02:53 13. 0:02:56 13... 0:02:48 14. 0:02:52 14... 0:02:46 15. 0:02:51 15... 0:02:42 16. 0:02:38 16... 0:02:41 17. 0:02:38 17... 0:02:40 18. 0:02:40 18... 0:02:39 19. 0:02:35 19... 0:02:32 20. 0:02:36 20... 0:02:29 21. 0:02:35 21... 0:02:28 22. 0:02:33 22... 0:02:21 23. 0:02:33 23... 0:02:18 24. 0:02:33 24... 0:02:17 25. 0:02:31 25... 0:02:14 26. 0:02:27 26... 0:02:14,
Rated Blitz game,https://lichess.org/iCQzgQWO,2024.08.01,-,skyrolla1,Frillopoldi,0-1,2024.08.01,00:06:00,2236,2190,,,A70,Benoni Defense: Classical Variation,180+2,Normal,"1. d4 1... Nf6 2. c4 2... e6 3. Nf3 3... c5 4. d5 4... exd5 5. cxd5 5... d6 6. Nc3 6... g6 7. e4 7... a6 8.
a4 8... Bg4 9.
h3 9... Bxf3 10. Qxf3 10... Bg7 11. Bd3 11...
O-O 12. O-O 12... Nbd7 13. Bc2 13... Qe7 14.
Re1 14... Ne5 15. Qe2 15...
Nh5 16. f4 16... Qh4 17. fxe5 17... Bxe5 18.
Qf2 18... Bg3 19. Be3 19... Bxf2 20. Bxf2 20... Qe7 21.
a5 21... f6 22. Na4 22... Qe5 23. Nb6 23... Rad8 24. Nc4 24... Qe8 25.
Bd1 25... Nf4 26. Bg3 26... Nd3 27. Re3 27...
Ne5 28. Nxe5 28... fxe5 29. Bg4 29... Kg7 30.
Be6 30... h6 31. Rb3 31... Qe7 32. Rb6 32...
Rf6 33. Ra3 33... Rdf8 34. Rab3 34... Rf1 35.
Kh2 35... Rb8 36. Rc3 36... Qg5 37. Rcb3 37... Qe7 38. Rxa6 38... bxa6 39. Rxb8 39... h5 40. Rg8 40... Kh7 41. Ra8 41... h4 42.
Bxh4 42... Qxh4 43. Ra7 43... Kh6 44. Rxa6 44... Qf4",1. 0:03:00 0. 0:03:00 1... 0:03:01 0. 0:03:01 2. 0:03:02 0. 0:03:02 2... 0:03:03 0. 0:03:04 3. 0:03:04 0. 0:03:04 3... 0:03:05 0. 0:03:06 4. 0:02:49 0. 0:03:06 4... 0:02:50 0. 0:03:07 5. 0:02:48 0. 0:03:07 5... 0:02:50 0. 0:03:08 6. 0:02:46 0. 0:03:09 6... 0:02:47 0. 0:03:09 7. 0:02:25 0. 0:03:10 7... 0:02:19 0. 0:03:11 8. 0:02:16 0. 0:02:29 8... 0:02:01 0. 0:02:29 9. 0:01:46 0. 0:02:31 9... 0:01:43 0. 0:02:26 10. 0:01:29 0. 0:02:26 10... 0:01:31 0. 0:02:26 11. 0:01:29 0. 0:02:03 11... 0:01:22 0. 0:01:49 12. 0:01:06 0. 0:01:51 12... 0:00:52 0. 0:01:36 13. 0:00:31 0. 0:01:32 13... 0:00:31 0. 0:01:31 14. 0:00:24 0. 0:01:31 14... 0:00:23 1. 0:01:33 15. 0:00:24 0. 0:01:28 15... 0:00:23 1. 0:01:25 16. 0:00:21 1. 0:01:22 16... 0:00:22 2. 0:01:00 17. 0:00:20 2. 0:00:56 17... 0:00:20 2. 0:00:47 18. 0:00:21 3. 0:00:37 18... 0:00:07 2. 0:00:35 19. 0:00:07 3. 0:00:18 19... 0:00:06 3. 0:00:16 20. 0:00:08 3. 0:00:12 20... 0:00:08 3. 0:00:12 21. 0:00:10 3. 0:00:08 21... 0:00:04 3. 0:00:08 22. 0:00:04 3. 0:00:08 22... 0:00:06 2. 0:00:09,
Rated Blitz game,https://lichess.org/6LxDqtqs,2024.08.01,-,Mtthew88,BMWCHESSLOV,0-1,2024.08.01,00:06:00,1846,1887,,,C21,Center Game: von der Lasa Gambit,180+2,Normal,"1. e4 1... e5 2. d4 2... exd4 3. Bc4 3... c6 4. Nf3 4... d5 5. exd5 5... cxd5 6. Bb3 6...
Bg4 7. O-O 7... Bd6 8.
Re1 8... Ne7 9. Bg5 9... O-O 10. Qxd4 10... f6 11. Qxg4 11... fxg5 12. Qe6 12... Kh8 13. Nxg5 13... Qc7 14. Nf7 14... Rxf7 15. Qxf7 15... Nbc6 16. h3 16... Ne5 17.
Qh5 17... N7g6 18. Nc3 18... Nf4 19. Qh4 19... Rf8 20. Nb5 20... Qc5 21.
Nxd6 21... Qxd6 22. Rad1 22... Qg6 23. g3 23...
Nf3 24. Kf1 24... Nxh4 25. gxh4 25... Qg2",1. 0:03:00 1... 0:03:00 2. 0:02:58 2... 0:03:00 3. 0:02:59 3... 0:02:59 4. 0:02:59 4... 0:03:00 5. 0:02:59 5... 0:03:00 6. 0:03:00 6... 0:03:00 7. 0:02:55 7... 0:03:00 8. 0:02:54 8... 0:02:58 9. 0:02:53 9... 0:02:58 10. 0:02:50 10... 0:02:58 11. 0:02:36 11... 0:02:58 12. 0:02:36 12... 0:02:57 13. 0:02:36 13... 0:02:54 14. 0:02:28 14... 0:02:55 15. 0:02:29 15... 0:02:55 16. 0:02:18 16... 0:02:55 17. 0:02:04 17... 0:02:54 18. 0:02:04 18... 0:02:47 19. 0:01:13 19... 0:02:42 20. 0:01:12 20... 0:02:31 21. 0:01:11 21... 0:02:30 22. 0:01:10 22... 0:02:28 23. 0:01:07 23... 0:02:26 24. 0:00:56 24... 0:02:24 25. 0:00:57 25... 0:02:21,
Rated Blitz game,https://lichess.org/WjmEBqRQ,2024.08.01,-,eigjear_a,maria_munoz498,1-0,2024.08.01,00:06:00,1351,1266,,,E90,King's Indian Defense: Zinnowitz Variation,180+2,Time forfeit,"1. d4 1... Nf6 2. c4 2... g6 3. Nc3 3... Bg7 4. Nf3 4... d6 5. Bg5 5... O-O 6. e4 6...
Nbd7 7. Be2 7... Re8 8. O-O 8... e5 9. d5 9... h6 10. Bh4 10... g5 11. Bg3 11... Nf8 12.
h3 12... Ng6 13. Nh2 13... Nh7 14. Bh5 14... Nhf8 15. Ne2 15... f5 16.
exf5 16... Bxf5 17. Bg4 17... Qf6 18. Bxf5 18... Qxf5 19. Ng4 19... Nh7 20. Nc3 20... Nf6 21.
Nxf6 21... Qxf6 22. Ne4 22... Qe7 23. Qg4 23... Rf8 24. f3",1. 0:03:00 1... 0:03:00 2. 0:03:01 2... 0:03:01 3. 0:03:02 3... 0:03:02 4. 0:03:02 4... 0:03:02 5. 0:03:03 5... 0:03:03 6. 0:03:01 6... 0:03:03 7. 0:03:02 7... 0:03:03 8. 0:02:57 8... 0:03:03 9. 0:02:56 9... 0:02:58 10. 0:02:55 10... 0:02:59 11. 0:02:56 11... 0:02:59 12. 0:02:57 12... 0:02:59 13. 0:02:56 13... 0:02:57 14. 0:02:49 14... 0:02:41 15. 0:02:27 15... 0:02:40 16. 0:02:22 16... 0:02:39 17. 0:02:07 17... 0:02:33 18. 0:02:01 18... 0:02:32 19. 0:01:53 19... 0:02:30 20. 0:01:32 20... 0:02:25 21. 0:01:32 21... 0:02:24 22. 0:01:28 22... 0:02:20 23. 0:01:23 23... 0:02:15 24. 0:01:13,
Rated Blitz game,https://lichess.org/oewrb7tF,2024.08.01,-,OsamaTheChessMan,Mufasa5000,1/2-1/2,2024.08.01,00:05:40,1065,1149,,,A40,Englund Gambit Declined: Reversed French,180+2,Normal,"1. e3 1... e5 2. d4 2... exd4 3. exd4 3... Nc6 4. Bc4 4... Nf6 5. Nf3 5... Be7 6. Ng5 6...
Rf8 7. O-O 7... d5 8.
Bb3 8... Ne4 9. Nxh7 9... Rh8 10. Qh5 10... Nf6 11. Qh4 11... Nxh7 12.
Qg3 12... Bf6 13. Re1 13... Ne7 14. Ba4 14... c6 15. b4 15... Bd7 16.
Na3 16... Qb6 17. Bd2 17... O-O-O 18. c3 18... Qa6 19. Bc2 19... Qxa3 20.
Bc1 20... Qa6 21. Bd3 21... b5 22. Bf4 22... Qb7 23. Be5 23... Qb6 24.
Bxf6 24... Nxf6 25. Qxg7 25... c5 26. Qxf6 26... Qxf6 27. dxc5 27... Qh4 28. h3 28... Rdg8 29.
g4 29... Qxh3 30. Re3 30... Qh2 31. Kf1 31... Qh1 32. Ke2 32... Qxa1 33.
c4 33... Qxa2 34. Kf3 34... Rh3 35. Kf4 35... Rxg4 36. Ke5 36... Ng6 37.
Kd6 37... Rxe3 38. fxe3 38... Rxc4 39. c6 39... Bxc6 40. e4 40... Nf4 41. Bxc4 41... dxc4 42. Kxc6 42... Qa6 43. Kc5 43... Nd3 44. Kd4 44... Qd6 45. Kc3 45... f5 46. exf5 46... Qf6 47. Kd2 47... Qxf5 48. Kc3 48... Qe4 49. Kd2 49... Qe1 50. Kc2 50... Qxb4 51. Kd1 51... a5 52.
Kc2 52... a4 53. Kd1 53... a3 54. Kc2 54... a2 55. Kd1 55... Qb2",1. 0:03:00 1... 0:03:00 2. 0:03:19 2... 0:02:57 3. 0:02:44 3... 0:02:49 4. 0:02:44 4... 0:02:45 5. 0:02:13 5... 0:02:46 6. 0:01:53 6... 0:02:30 7. 0:01:50 7... 0:02:28 8. 0:01:48 8... 0:02:25 9. 0:01:37 9... 0:02:17 10. 0:01:19 10... 0:02:13 11. 0:01:02 11... 0:02:07 12. 0:00:55 12... 0:02:01 13. 0:00:45 13... 0:01:58 14. 0:00:43 14... 0:01:53 15. 0:00:42 15... 0:01:53 16. 0:00:40 16... 0:01:49 17. 0:00:37 17... 0:01:49 18. 0:00:34 18... 0:01:43 19. 0:00:26 19... 0:01:42 20. 0:00:26 20... 0:01:39 21. 0:00:25 21... 0:01:39 22. 0:01:04 22... 0:01:21 23. 0:01:00 23... 0:01:01 24. 0:00:57 24... 0:01:01 25. 0:00:57 25... 0:00:57 26. 0:00:54 26... 0:00:58 27. 0:00:35 27... 0:00:34 28. 0:00:33 28... 0:00:33 29. 0:00:20 29... 0:00:31 30. 0:00:17 30... 0:00:30 31. 0:00:16 31... 0:00:26 32. 0:00:17 32... 0:00:26 33. 0:00:15 33... 0:00:26 34. 0:00:13 34... 0:00:26 35. 0:00:09 35... 0:00:23 36. 0:00:09 36... 0:00:23 37. 0:00:10 37... 0:00:21 38. 0:00:09 38... 0:00:21 39. 0:00:09 39... 0:00:19 40. 0:00:07 40... 0:00:16 41. 0:00:05 41... 0:00:16 42. 0:00:06 42... 0:00:15 43. 0:00:06 43... 0:00:14 44. 0:00:06 44... 0:00:12 45. 0:00:06 45... 0:00:12 46. 0:00:07 46... 0:00:14 47. 0:00:06 47... 0:00:16 48. 0:00:07 48... 0:00:17 49. 0:00:07 49... 0:00:18 50. 0:00:08 50... 0:00:19 51. 0:00:07 51... 0:00:21 52. 0:00:08 52... 0:00:23 53. 0:00:09 53... 0:00:24 54. 0:00:10 54... 0:00:24 55. 0:00:12 55... 0:00:23,
Rated Blitz game,https://lichess.org/JU1x1oWU,2024.08.01,-,BoyMasaka,Chophee,0-1,2024.08.01,00:05:41,2051,2067,,,A35,"English Opening: Symmetrical Variation, Four Knights Variation",180+2,Normal,"1. c4 1... Nf6 2. Nc3 2... c5 3. Nf3 3... Nc6 4. g3 4... e6 5. Bg2 5... Be7 6. O-O 6... a6 7. d3 7... Qc7 8. a3 8... O-O 9. e4 9... e5 10. Nd5 10... Qd8 11. Nxf6 11...
Bxf6 12. Rb1 12... d6 13. b4 13... b6 14. bxc5 14... dxc5 15.
Bd2 15... Be6 16. Qc2 16... Qc7 17. Rfd1 17...
Rfd8 18. Bf1 18... Rd7 19. Bg5 19... Bxg5 20. Nxg5 20... Rd6 21. h3 21... h6 22. Nf3 22... Rad8 23. Kh2 23...
Bc8 24. Be2 24... g6 25. Qc1 25... Kg7 26. Qb2 26...
Rf6 27. Qxb6 27... Qd7 28.
g4 28... h5 29. Qxc5 29...
hxg4 30. Nxe5 30... g3 31.
fxg3 31... Qxh3 32. Kg1 32...
Qxg3 33. Kh1 33... Rh8 34. Bh5 34... Rxh5",1. 0:03:00 0. 0:03:00 1... 0:03:01 0. 0:03:01 2. 0:03:01 0. 0:03:03 2... 0:03:01 0. 0:03:04 3. 0:03:03 0. 0:03:05 3... 0:03:04 0. 0:03:07 4. 0:03:05 0. 0:03:08 4... 0:03:06 0. 0:03:09 5. 0:03:07 0. 0:03:07 5... 0:03:06 0. 0:03:05 6. 0:03:03 0. 0:03:06 6... 0:03:04 0. 0:03:07 7. 0:03:04 0. 0:03:07 7... 0:03:04 0. 0:03:00 8. 0:03:02 0. 0:03:00 8... 0:03:03 0. 0:02:58 9. 0:03:02 0. 0:02:58 9... 0:02:58 0. 0:02:56 10. 0:02:58 0. 0:02:27 10... 0:02:56 0. 0:02:25 11. 0:02:47 0. 0:02:20 11... 0:02:45 0. 0:02:15 12. 0:02:41 0. 0:02:05 12... 0:02:38 0. 0:01:57 13. 0:02:34 0. 0:01:55 13... 0:02:27 0. 0:01:53 14. 0:02:21 0. 0:01:44 14... 0:02:08 0. 0:01:41 15. 0:02:00 0. 0:01:28 15... 0:01:50 0. 0:01:24 16. 0:01:48 0. 0:01:18 16... 0:01:45 0. 0:01:18 17. 0:01:46 0. 0:01:19 17... 0:01:42 0. 0:01:17,
Rated Blitz game,https://lichess.org/V19LSdKo,2024.08.01,-,QangaliTakugakkit,FBones23,1-0,2024.08.01,00:06:00,1412,1411,,,B01,Scandinavian Defense: Gubinsky-Melts Defense,180+2,Normal,"1. e4 1... d5 2. exd5 2... Qxd5 3. Nc3 3... Qd6 4. d4 4... b6 5. d5 5... Bb7 6. Nf3 6...
a6 7. Be2 7... g6 8.
O-O 8... Bg7 9. g3 9... Bxc3 10. bxc3 10... Nf6 11. Bf4 11... Qc5 12.
c4 12... O-O 13. Bh6 13... Re8 14. Be3 14... Qd6 15. Bf4 15... Qc5 16.
Ne5 16... Nbd7 17. Nxd7 17... Nxd7 18. Be3 18... Qd6 19. Bd4 19... e5 20. Be3 20... c6 21.
Bf3 21... e4 22. Bf4 22... Qf8 23. Bg4 23... f5 24. Be2 24... cxd5 25.
cxd5 25... Nc5 26. Bc4 26... Kg7 27. Qd2 27... Qf7 28. Qd4 28... Kg8 29.
d6 29... Ne6 30. Qxb6 30... Qd7 31. Rab1 31... Rab8 32. Qe3 32... Kh8 33.
Be5 33... Kg8 34. Qh6 34... Rbc8 35. Bxe6",1. 0:03:00 1... 0:03:00 2. 0:03:00 2... 0:03:01 3. 0:03:02 3... 0:03:03 4. 0:03:02 4... 0:03:04 5. 0:03:02 5... 0:03:05 6. 0:02:45 6... 0:03:06 7. 0:02:44 7... 0:03:07 8. 0:02:45 8... 0:03:09 9. 0:02:41 9... 0:03:09 10. 0:02:41 10... 0:03:11 11. 0:02:36 11... 0:03:07 12. 0:02:33 12... 0:03:03 13. 0:02:24 13... 0:03:04 14. 0:02:08 14... 0:03:00 15. 0:02:02 15... 0:02:59 16. 0:01:56 16... 0:02:48 17. 0:01:49 17... 0:02:48 18. 0:01:40 18... 0:02:42 19. 0:01:38 19... 0:02:40 20. 0:01:32 20... 0:02:34 21. 0:01:14 21... 0:02:29 22. 0:01:09 22... 0:02:13 23. 0:01:08 23... 0:02:06 24. 0:00:54 24... 0:02:06 25. 0:00:52 25... 0:01:58 26. 0:00:48 26... 0:01:55 27. 0:00:42 27... 0:01:46 28. 0:00:38 28... 0:01:41 29. 0:00:38 29... 0:01:35 30. 0:00:32 30... 0:01:21 31. 0:00:19 31... 0:01:19 32. 0:00:15 32... 0:01:01 33. 0:00:14 33... 0:01:01 34. 0:00:12 34... 0:00:51 35. 0:00:10,
Rated Blitz game,https://lichess.org/S6bMwAYD,2024.08.01,-,sisi2008,titocape,1-0,2024.08.01,00:06:00,1514,1583,,,B24,"Sicilian Defense: Closed, Fianchetto Variation",180+2,Normal,"1. e4 1... c5 2. Nc3 2... Nc6 3. g3 3... e5 4. Bg2 4... d6 5. Nf3 5... Bg4 6. O-O 6... Nd4 7. d3 7... Be7 8. Be3 8... Nxf3 9. Bxf3 9... Bxf3 10. Qxf3 10... Nf6 11. Bg5 11... O-O 12.
Bxf6 12... Bxf6 13. Nd5 13... Be7 14. Nxe7 14... Qxe7 15. c3 15... b5 16. Rad1 16... a5 17.
d4 17... cxd4 18. cxd4 18... Rac8 19. dxe5 19... dxe5 20. Rc1 20... Qb4 21.
Qe2 21... a4 22. a3 22... Qd4 23. Qxb5 23... Qxe4 24. Rce1 24... Qd4 25.
Qxe5 25... Qb6 26. Re4 26... f6 27. Qe6 27... Kh8 28. Qxb6",1. 0:03:00 1... 0:03:00 2. 0:03:00 2... 0:03:00 3. 0:03:01 3... 0:02:59 4. 0:03:03 4... 0:02:51 5. 0:03:04 5... 0:02:51 6. 0:03:04 6... 0:02:52 7. 0:02:59 7... 0:02:49 8. 0:02:59 8... 0:02:45 9. 0:02:58 9... 0:02:46 10. 0:03:00 10... 0:02:41 11. 0:02:53 11... 0:02:40 12. 0:02:50 12... 0:02:42 13. 0:02:51 13... 0:02:16 14. 0:02:48 14... 0:02:18 15. 0:02:41 15... 0:02:19 16. 0:02:37 16... 0:02:12 17. 0:02:37 17... 0:01:53 18. 0:02:39 18... 0:01:51 19. 0:02:27 19... 0:01:49 20. 0:02:24 20... 0:01:48 21. 0:02:14 21... 0:01:24 22. 0:02:12 22... 0:01:15 23. 0:01:53 23... 0:01:03 24. 0:01:50 24... 0:00:56 25. 0:01:49 25... 0:00:49 26. 0:01:26 26... 0:00:44 27. 0:01:22 27... 0:00:46 28. 0:01:23,
Rated Blitz game,https://lichess.org/Lp1eNS1W,2024.08.01,-,anyeloe,Toggui,1-0,2024.08.01,00:06:00,1926,1972,,,B30,Sicilian Defense: Old Sicilian,180+2,Normal,"1. e4 1... c5 2. Nf3 2... Nc6 3. b3 3... d6 4. d4 4... cxd4 5. Nxd4 5... Nf6 6. Bb2 6...
g6 7. Nxc6 7... bxc6 8. Bd3 8... Bg7 9. O-O 9... O-O 10. Nd2 10... Be6 11. h3 11... Qa5 12.
Nc4 12... Qg5 13. Qf3 13... d5 14. Ne3 14... dxe4 15. Bxe4 15... Nxe4 16. Bxg7 16... Nd2 17. Qe2 17... Bxh3 18. Bxf8 18... Ne4 19. Qf3 19... Nd2 20. Qxh3 20... Nxf1 21. Rxf1 21... Kxf8 22. Qf3 22... Qf6 23. Rd1 23... Rc8 24. Qxf6 24... exf6 25. Ng4 25... Re8 26.
Nxf6",1. 0:03:00 1... 0:03:00 2. 0:03:01 2... 0:03:01 3. 0:03:02 3... 0:02:57 4. 0:03:03 4... 0:02:56 5. 0:03:04 5... 0:02:56 6. 0:03:05 6... 0:02:56 7. 0:03:03 7... 0:02:52 8. 0:03:01 8... 0:02:38 9. 0:03:01 9... 0:02:39 10. 0:03:01 10... 0:02:23 11. 0:03:02 11... 0:02:01 12. 0:02:46 12... 0:01:56 13. 0:02:41 13... 0:00:50 14. 0:02:31 14... 0:00:32 15. 0:02:33 15... 0:00:33 16. 0:02:34 16... 0:00:34 17. 0:01:14 17... 0:00:24 18. 0:01:08 18... 0:00:22 19. 0:01:04 19... 0:00:20 20. 0:01:04 20... 0:00:21 21. 0:01:03 21... 0:00:21 22. 0:01:04 22... 0:00:22 23. 0:01:04 23... 0:00:22 24. 0:01:05 24... 0:00:23 25. 0:01:05 25... 0:00:23 26. 0:01:05,
Rated Blitz game,https://lichess.org/pN9mclx5,2024.08.01,-,Istinkatchess99,WG_R,0-1,2024.08.01,00:06:00,961,964,,,C46,Three Knights Opening,180+2,Normal,"1. e4 1... e5 2. Nf3 2... Nc6 3. Nc3 3... d5 4. Nxd5 4... Bg4 5.
Bc4 5... Na5 6. Bb5 6... c6 7. Bxc6 7... bxc6 8. Ne3 8... Nf6 9.
Nxg4 9... Nxe4 10. Nfxe5 10... Qh4 11. Qe2 11... Bc5 12. O-O 12... f5 13. Nf3 13... Qxg4 14.
Ne5",1. 0:03:00 1... 0:03:00 2. 0:03:01 2... 0:02:58 3. 0:02:59 3... 0:02:57 4. 0:02:55 4... 0:02:54 5. 0:02:52 5... 0:02:53 6. 0:02:49 6... 0:02:54 7. 0:01:52 7... 0:02:46 8. 0:01:41 8... 0:02:34 9. 0:00:50 9... 0:02:34 10. 0:00:47 10... 0:02:25 11. 0:00:43 11... 0:02:21 12. 0:00:37 12... 0:02:19 13. 0:00:27 13... 0:02:14 14. 0:00:22,
Rated Blitz game,https://lichess.org/0WHs0iNn,2024.08.01,-,acque_minerali,ernestopm,0-1,2024.08.01,00:06:00,1100,1066,,,C67,"Ruy Lopez: Berlin Defense, Rio Gambit Accepted",180+2,Normal,"1. e4 1... e5 2. Nf3 2... Nc6 3. Bb5 3... Nf6 4. O-O 4... Nxe4 5.
Re1 5... Nf6 6. Nxe5 6... Nxe5 7. Rxe5 7... Be7 8. Qe2 8... c6 9. Bc4 9... Nd5 10. d3 10...
O-O 11. Bxd5 11... Bd6 12. Re3 12... cxd5 13. Rf3 13... Qc7 14. d4 14...
b6 15. Qd3 15... Bb7 16. Nc3 16... Bxh2 17. Kf1 17... Qc4 18. Bd2 18... Qxd3 19. Rxd3 19... Ba6",1. 0:03:00 1... 0:03:00 2. 0:03:00 2... 0:03:01 3. 0:02:58 3... 0:02:54 4. 0:02:55 4... 0:02:53 5. 0:02:56 5... 0:02:52 6. 0:02:54 6... 0:02:53 7. 0:02:55 7... 0:02:52 8. 0:02:55 8... 0:02:44 9. 0:02:49 9... 0:02:41 10. 0:02:42 10... 0:02:40 11. 0:02:41 11... 0:02:31 12. 0:02:31 12... 0:02:32 13. 0:02:22 13... 0:02:27 14. 0:02:08 14... 0:02:26 15. 0:02:07 15... 0:02:22 16. 0:02:07 16... 0:02:21 17. 0:02:05 17... 0:02:12 18. 0:01:20 18... 0:01:59 19. 0:01:18 19... 0:01:57,
Rated Blitz game,https://lichess.org/7w7tJ8sr,2024.08.01,-,EgorVictorovich,HN_Dragon,0-1,2024.08.01,00:06:00,1980,2013,,,B21,Sicilian Defense: McDonnell Attack,180+2,Normal,"1. e4 1... c5 2. f4 2... e6 3. Nf3 3... g6 4. e5 4... Bg7 5. Be2 5... d5 6. c3 6... Nc6 7. d4 7... c4 8. O-O 8... Nge7 9. Be3 9... h5 10. Kh1 10... Nf5 11.
Bg1 11... h4 12. b3 12... Ng3 13. hxg3 13... hxg3 14. Bh2 14... Rxh2 15. Kg1 15... Kd7 16. Qe1 16... Rh1 17. Kxh1 17... Qh8 18. Kg1 18... Bh6 19. Qxg3 19... Ne7 20.
Nh4 20... b5 21. Nd2 21... Bb7 22. a4 22... g5 23. fxg5 23... Rg8 24.
Ndf3 24... cxb3 25. axb5 25... b2 26. Rxa7 26... Kc7 27. c4 27... Qh7 28. Qf4 28... b1=Q 29.
gxh6 29... Qbe4 30. Qd2 30... dxc4 31. Qa5 31... Kb8 32. Rxb7 32... Qxb7 33. Qd8 33... Rxd8",1. 0:03:00 1... 0:03:00 2. 0:03:00 2... 0:02:59 3. 0:03:01 3... 0:02:59 4. 0:02:59 4... 0:02:59 5. 0:03:00 5... 0:03:00 6. 0:03:00 6... 0:03:00 7. 0:03:01 7... 0:02:59 8. 0:03:00 8... 0:03:00 9. 0:02:57 9... 0:03:01 10. 0:02:58 10... 0:02:59 11. 0:02:58 11... 0:02:59 12. 0:02:50 12... 0:02:54 13. 0:02:43 13... 0:02:55 14. 0:02:27 14... 0:02:54 15. 0:02:22 15... 0:02:55 16. 0:02:17 16... 0:02:50 17. 0:02:14 17... 0:02:51 18. 0:02:15 18... 0:02:41 19. 0:02:14 19... 0:02:41 20. 0:01:56 20... 0:02:39 21. 0:01:54 21... 0:02:37 22. 0:01:49 22... 0:02:34 23. 0:01:46 23... 0:02:35 24. 0:01:44 24... 0:02:25 25. 0:01:40 25... 0:02:15 26. 0:01:39 26... 0:02:13 27. 0:01:11 27... 0:02:09 28. 0:01:00 28... 0:01:56 29. 0:00:40 29... 0:01:43 30. 0:00:37 30... 0:01:22 31. 0:00:24 31... 0:01:21 32. 0:00:19 32... 0:01:20 33. 0:00:19 33... 0:01:18,
Rated Blitz game,https://lichess.org/eorfc69L,2024.08.01,-,pipatgab,dzeko_07,0-1,2024.08.01,00:06:00,1360,1355,,,C56,"Italian Game: Scotch Gambit, Max Lange Attack",180+2,Time forfeit,"1. e4 1... e5 2. Nf3 2... Nc6 3. Bc4 3... Nf6 4. d4 4... exd4 5. O-O 5... Bc5 6. Bg5 6...
h6 7. Bxf6 7... Qxf6 8. Re1 8... O-O 9. Bd3 9... d6 10. a3 10... Bg4 11. h3 11... Bxf3 12.
Qxf3 12... Qxf3 13. gxf3 13... Ne5 14. Nd2 14... f6 15. f4 15... Nxd3 16. cxd3 16... g5 17.
f5 17... h5 18. Kg2 18... h4 19. Rf1 19... Kh7 20. f4 20... Rg8 21.
Kf3 21... Rg7 22. Rac1 22... b6 23. b4 23... Rag8 24. bxc5 24... dxc5 25. fxg5 25... Rxg5 26. Ke2 26... Rg2 27. Kd1 27... R8g3 28. Rh1 28... Rxd3 29. Kc2 29... Rgxd2 30. Kb1 30... Rxa3 31. Rhg1 31... Rxh3 32. Rg6 32... Rb3 33. Ka1 33... h3 34. Rcg1 34... Rg2 35.
R6xg2 35... hxg2 36. Rxg2 36... Re3 37. Rg6 37... Rxe4 38. Rxf6 38... Re7",1. 0:03:00 1... 0:03:00 2. 0:03:01 2... 0:03:01 3. 0:03:03 3... 0:03:01 4. 0:03:01 4... 0:03:01 5. 0:02:59 5... 0:03:00 6. 0:02:52 6... 0:02:51 7. 0:02:52 7... 0:02:52 8. 0:02:39 8... 0:02:48 9. 0:02:27 9... 0:02:44 10. 0:02:23 10... 0:02:30 11. 0:02:19 11... 0:02:27 12. 0:02:20 12... 0:02:27 13. 0:02:21 13... 0:02:23 14. 0:02:22 14... 0:02:21 15. 0:02:11 15... 0:02:21 16. 0:02:09 16... 0:02:16 17. 0:02:08 17... 0:02:10 18. 0:02:08 18... 0:02:11 19. 0:01:39 19... 0:01:59 20. 0:01:39 20... 0:01:56 21. 0:01:35 21... 0:01:52 22. 0:01:24 22... 0:01:50 23. 0:01:24 23... 0:01:49 24. 0:01:21 24... 0:01:49 25. 0:01:14 25... 0:01:49 26. 0:01:14 26... 0:01:49 27. 0:01:15 27... 0:01:48 28. 0:01:13 28... 0:01:48 29. 0:01:13 29... 0:01:47 30. 0:01:13 30... 0:01:45 31. 0:01:13 31... 0:01:38 32. 0:01:14 32... 0:01:33 33. 0:01:14 33... 0:01:28 34. 0:01:06 34... 0:01:22 35. 0:00:47 35... 0:01:22 36. 0:00:49 36... 0:01:19 37. 0:00:40 37... 0:01:09 38. 0:00:41 38... 0:01:06,
Rated Blitz game,https://lichess.org/Ra8bAA8B,2024.08.01,-,crafter_7,moisescmc,0-1,2024.08.01,00:06:00,1665,1623,,,A10,English Opening,180+2,Time forfeit,"1. c4 1... d6 2. Nc3 2... a6 3. g3 3... h6 4. Bg2 4... e5 5. d4 5... exd4 6. Qxd4 6... Nf6 7. Nd5 7... Be7 8.
Nxe7 8... Qxe7 9. Nf3 9... O-O 10. O-O 10... Nc6 11. Qd2 11... Bg4 12.
h3 12... Bh5 13. g4 13... Bg6 14. e3 14... Ne4 15. Qe2 15... Ng5 16.
Nxg5 16... Qxg5 17. f4 17... Qc5 18. b3 18... Nb4 19. Ba3 19... a5 20.
Bxb7 20... Rae8 21. Rf3 21... Qb6 22. Bxb4 22... Qxb4 23. Bd5 23... Qb6 24. f5 24... Bh7 25.
Kg2 25... c6 26. Bxf7 26... Rxf7 27. Rd1 27... d5 28. cxd5 28... cxd5 29. Rxd5 29... Rfe7 30. Rd3 30... Kh8 31. Kg3 31... Bg8 32. Qd2 32... Qc7 33. Kf2 33... Qh2 34.
Ke1 34... Qh1 35. Rf1 35... Qxh3 36. Qf2 36... Rxe3",1. 0:03:00 1... 0:03:00 2. 0:03:01 2... 0:02:53 3. 0:03:03 3... 0:02:48 4. 0:03:04 4... 0:02:45 5. 0:03:04 5... 0:02:43 6. 0:03:05 6... 0:02:43 7. 0:03:01 7... 0:02:43 8. 0:03:01 8... 0:02:44 9. 0:02:57 9... 0:02:43 10. 0:02:57 10... 0:02:44 11. 0:02:46 11... 0:02:40 12. 0:02:30 12... 0:02:38 13. 0:02:29 13... 0:02:39 14. 0:02:25 14... 0:02:34 15. 0:02:17 15... 0:02:34 16. 0:02:09 16... 0:02:30 17. 0:02:09 17... 0:02:28 18. 0:02:07 18... 0:02:26 19. 0:01:57 19... 0:02:23 20. 0:01:51 20... 0:02:22 21. 0:01:39 21... 0:02:22 22. 0:01:11 22... 0:02:14 23. 0:01:08 23... 0:02:10 24. 0:01:03 24... 0:02:10 25. 0:00:56 25... 0:02:10 26. 0:00:29 26... 0:02:10 27. 0:00:30 27... 0:02:08 28. 0:00:25 28... 0:02:08 29. 0:00:26 29... 0:02:08 30. 0:00:21 30... 0:02:07 31. 0:00:18 31... 0:02:07 32. 0:00:14 32... 0:01:58 33. 0:00:14 33... 0:01:58 34. 0:00:15 34... 0:01:54 35. 0:00:12 35... 0:01:54 36. 0:00:04 36... 0:01:52,
Rated Blitz game,https://lichess.org/Me2Fvtlg,2024.08.01,-,Mohammmed77,aaron167,0-1,2024.08.01,00:06:00,1138,1130,,,D00,Queen's Pawn Game: Accelerated London System,180+2,Time forfeit,"1. d4 1... d5 2. Bf4 2... Nf6 3. e3 3... e6 4. Nc3 4... g6 5. Qd2 5... c5 6. Bb5 6... Bd7 7. Nf3 7... cxd4 8.
exd4 8... Bg7 9. Bh6 9... Bxh6 10. Qxh6 10... Bxb5 11. Nxb5 11... Ne4 12.
O-O-O 12... Qa5 13. Qg7 13... Rf8 14. Na3 14... Nxf2 15. Ne5 15... Nxd1 16. Rxd1 16... Nc6 17.
Qxh7 17... O-O-O 18. Nxf7 18... Rd7 19. Rf1 19... Nxd4 20. Qxg6 20... Ne2 21. Kb1 21... Nc3 22.
bxc3 22... Qb6 23. Ka1 23... Re8 24. Rb1 24... Qa6 25. Ne5 25... Rc7 26. c4 26... Qxa3 27.
cxd5 27... Rxc2 28. Qxc2 28... Kb8 29. Nc6 29... Ka8 30. dxe6 30... Qd6 31. Na5 31... Qd4 32.
Rb2 32... Qg1 33. Rb1 33... Qd4 34. Qb2 34... b6",1. 0:03:00 1... 0:03:00 2. 0:02:59 2... 0:03:02 3. 0:02:59 3... 0:03:03 4. 0:02:50 4... 0:02:57 5. 0:02:42 5... 0:02:57 6. 0:02:34 6... 0:02:55 7. 0:02:28 7... 0:02:54 8. 0:02:27 8... 0:02:52 9. 0:02:19 9... 0:02:49 10. 0:02:19 10... 0:02:48 11. 0:02:20 11... 0:02:43 12. 0:02:12 12... 0:02:42 13. 0:02:02 13... 0:02:22 14. 0:01:38 14... 0:02:19 15. 0:01:35 15... 0:02:15 16. 0:01:35 16... 0:02:10 17. 0:01:27 17... 0:02:07 18. 0:01:17 18... 0:02:04 19. 0:01:15 19... 0:01:54 20. 0:01:11 20... 0:01:52 21. 0:01:06 21... 0:01:44 22. 0:01:05 22... 0:01:42 23. 0:00:54 23... 0:01:33 24. 0:00:48 24... 0:01:30 25. 0:00:43 25... 0:01:23 26. 0:00:40 26... 0:01:19 27. 0:00:23 27... 0:01:13 28. 0:00:21 28... 0:01:11 29. 0:00:20 29... 0:01:09 30. 0:00:17 30... 0:01:03 31. 0:00:12 31... 0:00:54 32. 0:00:08 32... 0:00:51 33. 0:00:05 33... 0:00:49 34. 0:00:06 34... 0:00:49,
Rated Blitz game,https://lichess.org/FPEY5HsQ,2024.08.01,-,lepookie,Alexis_ON,1-0,2024.08.01,00:06:00,1897,1895,,,D00,Queen's Pawn Game: Accelerated London System,180+2,Normal,"1. d4 1... d5 2. Bf4 2... Bf5 3. Nf3 3... e6 4. e3 4... Bd6 5. Bxd6 5... Qxd6 6. Nbd2 6...
Nf6 7. c4 7...
O-O 8. c5 8...
Qe7 9. b4 9...
c6 10. a4 10...
b5 11. axb5 11... cxb5 12. Bxb5 12... a6 13.
Be2 13... Nc6 14. Qa4 14... Rfc8 15. O-O 15...
Qb7 16. Nh4 16... Bg6 17. Nxg6 17... hxg6 18. Rfb1 18...
Nd7 19. Rb2 19... f5 20.
Nf3 20... Kf7 21. Ng5 21... Kf6 22. Nh7 22...
Kf7 23. Rab1 23... Rh8 24. Ng5 24... Kf6 25.
Nf3 25... g5 26. b5 26... axb5 27. Qxb5 27...
Qxb5 28. Rxb5 28... g4 29.
Ne1 29... Rhb8 30. Rxb8 30... Ndxb8 31. Nd3 31...
Ra2 32. Bf1 32... Nd7 33. Rb7 33... Ndb8 34.
Ne5 34... Ra1 35. Rf7 35...
Kg5 36. Rxg7 36... Kh5 37. Nf7 37... f4 38. Rg5 38... Kh4 39. g3",1. 0:03:00 0. 0:03:00 1... 0:03:01 0. 0:03:00 2. 0:03:03 0. 0:03:01 2... 0:03:04 0. 0:03:02 3. 0:03:05 0. 0:03:03 3... 0:03:07 0. 0:03:04 4. 0:03:08 0. 0:03:05 4... 0:03:09 0. 0:02:59 5. 0:03:10 0. 0:02:59 5... 0:03:11 0. 0:02:47 6. 0:03:11 0. 0:02:48 6... 0:03:11 0. 0:02:47 7. 0:03:10 0. 0:02:48 7... 0:02:57 0. 0:02:46 8. 0:02:54 0. 0:02:38 8... 0:02:48 0. 0:02:34 9. 0:02:49 0. 0:02:36 9... 0:02:50 0. 0:02:30 10. 0:02:33 0. 0:02:27 10... 0:02:29 3. 0:02:27 11. 0:02:27 3. 0:02:28 11... 0:02:21 3. 0:02:28 12. 0:02:11 3. 0:02:24 12... 0:02:11 3. 0:02:25 13. 0:02:11 2. 0:02:25 13... 0:02:09 2. 0:02:23 14. 0:02:11 2. 0:02:21 14... 0:02:03 4. 0:02:17 15. 0:02:01 2. 0:02:14 15... 0:02:01 4. 0:02:14 16. 0:01:59 2. 0:02:13 16... 0:01:55 4. 0:01:51 17. 0:01:51 4. 0:01:51 17... 0:01:47 4. 0:01:28 18. 0:01:38 3. 0:01:28 18... 0:01:37 5. 0:01:23 19. 0:01:15 3. 0:00:26 19... 0:01:13 5. 0:00:26 20. 0:01:13,
Rated Blitz game,https://lichess.org/dgPmLsSU,2024.08.01,-,MisterSpaceships,hadymahmoud,1-0,2024.08.01,00:06:08,1065,1025,,,C41,Philidor Defense,180+2,Normal,"1. e4 1... e5 2. Nf3 2... d6 3. Bc4 3... Bg4 4. O-O 4... Bxf3 5.
Qxf3 5... Nf6 6. d4 6... Nc6 7. Bg5 7... Nxd4 8. Qd3 8... h6 9. Be3 9... Nc6 10. Nd2 10...
Nb4 11. Qb3 11... a5 12. a3 12... Nc6 13. Bxf7 13... Kd7 14. Qe6",1. 0:03:00 1... 0:03:00 2. 0:03:01 2... 0:03:02 3. 0:03:01 3... 0:03:03 4. 0:03:02 4... 0:02:58 5. 0:03:04 5... 0:02:57 6. 0:03:04 6... 0:02:58 7. 0:03:00 7... 0:02:56 8. 0:02:50 8... 0:02:53 9. 0:02:50 9... 0:02:39 10. 0:02:47 10... 0:02:35 11. 0:02:45 11... 0:02:31 12. 0:02:45 12... 0:02:28 13. 0:02:46 13... 0:02:25 14. 0:02:46,
Rated Blitz game,https://lichess.org/rN1AsGwg,2024.08.01,-,DrFell1,petos74,1/2-1/2,2024.08.01,00:06:08,1675,1816,,,C75,"Ruy Lopez: Morphy Defense, Modern Steinitz Defense",180+2,Normal,"1. e4 1... e5 2. Nf3 2... Nc6 3. Bb5 3... a6 4. Ba4 4... d6 5. c3 5... Bd7 6. O-O 6...
Nf6 7. Re1 7... Be7 8.
d4 8... exd4 9. cxd4 9... O-O 10. Nc3 10... h6 11. Be3 11... Nh7 12.
Bc2 12... Ng5 13. Nxg5 13... Bxg5 14. Qd2 14... Bxe3 15. Qxe3 15... f5 16.
e5 16... dxe5 17. dxe5 17... Be6 18. f4 18... Qd4 19. Rad1 19... Qxe3 20. Rxe3 20... Rad8 21. Red3 21... Rxd3 22. Rxd3 22... Rc8 23. Nd5 23... Kf7 24. Bb3 24... Ne7 25.
Nxe7 25... Kxe7 26. Bxe6 26... Kxe6 27. b4 27... g5 28. g3 28... Re8 29. Kf2 29... Re7 30.
Kf3 30... g4 31. Ke3 31... h5 32. Rd4 32... h4 33. Kd3 33... hxg3 34.
hxg3 34... Rh7 35. Kc3 35... Rh3 36. Rd3 36... Rh2 37. a4 37... b6 38. b5 38... a5 39. Kc4 39...
Rc2 40. Kb3 40... Re2 41. Rc3 41... Kd7 42. Kc4 42... Ra2 43. Kb3 43... Rd2 44. Re3 44... Ke6 45. Kc3 45... Ra2 46.
Kb3 46... Rd2 47. Rc3 47... Kd7 48. Rc2 48... Rd3 49. Rc3 49... Rd4 50.
Rc6 50... Rd3 51. Rc3 51... Rd4 52. Re3 52... Rb4 53. Ka3 53... Rd4 54.
e6 54... Ke7 55. Kb3 55... Rd6 56. Re5 56... Rxe6 57. Rxf5 57... Re3 58. Kc4 58... Rxg3 59. Rg5 59... Kf6 60. Rg8 60... Rf3 61. Rxg4 61... Kf5 62. Rh4 62... Ra3 63.
Rh7 63... Rxa4 64. Kd5 64... Kxf4 65. Rxc7 65... Rb4 66. Kc6 66... a4 67. Ra7 67... Ke5 68.
Kxb6 68... Kd5 69. Ka5 69... Rb1 70. b6 70... Kc6 71. Rc7 71... Kd6 72.
Rc4 72... a3 73. Ra4 73... Kc6 74. Rxa3 74... Rb5 75. Ka4 75... Rxb6 76.
Rc3 76... Kd5 77. Rb3 77... Rxb3 78. Kxb3",1. 0:03:00 1... 0:03:00 2. 0:03:01 2... 0:03:01 3. 0:03:01 3... 0:03:01 4. 0:03:01 4... 0:03:02 5. 0:03:02 5... 0:03:03 6. 0:03:02 6... 0:03:04 7. 0:03:02 7... 0:03:05 8. 0:02:59 8... 0:03:04 9. 0:03:00 9... 0:03:04 10. 0:03:00 10... 0:03:04 11. 0:02:58 11... 0:03:04 12. 0:02:57 12... 0:03:04 13. 0:02:57 13... 0:03:05 14. 0:02:54 14... 0:03:05 15. 0:02:54 15... 0:03:05 16. 0:02:51 16... 0:03:05 17. 0:02:52 17... 0:03:02 18. 0:02:52 18... 0:03:00 19. 0:02:38 19... 0:03:00 20. 0:02:39 20... 0:03:01 21. 0:02:38 21... 0:03:01 22. 0:02:38 22... 0:03:02 23. 0:02:36 23... 0:02:58 24. 0:02:34 24... 0:02:56 25. 0:02:30 25... 0:02:57 26. 0:02:25 26... 0:02:57 27. 0:02:23 27... 0:02:51 28. 0:02:23 28... 0:02:49 29. 0:02:19 29... 0:02:50 30. 0:02:18 30... 0:02:50 31. 0:02:19 31... 0:02:50 32. 0:02:07 32... 0:02:47 33. 0:02:03 33... 0:02:47 34. 0:02:03 34... 0:02:47 35. 0:02:03 35... 0:02:47 36. 0:02:04 36... 0:02:45 37. 0:02:04 37... 0:02:33 38. 0:02:00 38... 0:02:33 39. 0:02:01 39... 0:02:29 40. 0:02:01 40... 0:02:21 41. 0:02:01 41... 0:02:14 42. 0:01:54 42... 0:02:07 43. 0:01:53 43... 0:01:58 44. 0:01:48 44... 0:01:58 45. 0:01:39 45... 0:01:52 46. 0:01:37 46... 0:01:51 47. 0:01:36 47... 0:01:47 48. 0:01:21 48... 0:01:46 49. 0:01:22 49... 0:01:39 50. 0:01:15 50... 0:01:37 51. 0:01:16 51... 0:01:36 52. 0:01:16 52... 0:01:33 53. 0:01:15 53... 0:01:31 54. 0:01:11 54... 0:01:32 55. 0:01:06 55... 0:01:32 56. 0:01:05 56... 0:01:30 57. 0:01:06 57... 0:01:31 58. 0:01:06 58... 0:01:32 59. 0:01:07 59... 0:01:31 60. 0:01:07 60... 0:01:30 61. 0:01:06 61... 0:01:29 62. 0:01:07 62... 0:01:17 63. 0:00:51 63... 0:01:17 64. 0:00:51 64... 0:01:17 65. 0:00:51 65... 0:01:17 66. 0:00:49 66... 0:01:17 67. 0:00:51 67... 0:01:16 68. 0:00:51 68... 0:01:16 69. 0:00:53 69... 0:01:11 70. 0:00:51 70... 0:01:07 71. 0:00:49 71... 0:01:02 72. 0:00:40 72... 0:01:00 73. 0:00:28 73... 0:00:59 74. 0:00:21 74... 0:00:55 75. 0:00:21 75... 0:00:56 76. 0:00:21 76... 0:00:55 77. 0:00:21 77... 0:00:55 78. 0:00:20,
Rated Blitz game,https://lichess.org/69b3g3jS,2024.08.01,-,abdellah_laroussi,Frommy,0-1,2024.08.01,00:06:08,2102,2067,,,C38,King's Gambit Accepted: Mayet Gambit,180+2,Normal,"1. e4 1... e5 2. f4 2... exf4 3. Nf3 3... g5 4. Bc4 4... Bg7 5. d4 5... d6 6. c3 6... Nc6 7. h4 7... h6 8. O-O 8... Qf6 9. e5 9...
dxe5 10. dxe5 10... Qe7 11. hxg5 11... hxg5 12. g3 12... Qc5 13. Nd4 13... Qxc4 14. gxf4 14... Qd5 15. Qf3 15... Qxf3 16. Nxf3 16... gxf4 17. Bxf4 17... Be6 18. Nbd2 18... O-O-O 19. b3 19... Nge7 20. Ne4 20... Ng6 21. Bg3 21... Ngxe5 22. Nc5 22... Nxf3 23. Rxf3 23... Bd5 24. Kf2 24... Bxf3 25. Kxf3 25... Bxc3 26. Rc1 26... Bd4 27.
Ne4 27... f5 28. Ng5 28... Rde8 29. Bf4 29... Rh4 30. Rc4 30... Bb6 31.
b4 31... Ne5 32. Bxe5 32... Rxc4",1. 0:03:00 1... 0:03:00 2. 0:03:00 2... 0:03:01 3. 0:03:02 3... 0:03:02 4. 0:03:02 4... 0:03:04 5. 0:03:02 5... 0:03:03 6. 0:03:02 6... 0:03:03 7. 0:03:02 7... 0:03:03 8. 0:02:57 8... 0:02:59 9. 0:02:53 9... 0:02:57 10. 0:02:53 10... 0:02:30 11. 0:02:44 11... 0:02:30 12. 0:02:43 12... 0:02:17 13. 0:02:26 13... 0:01:59 14. 0:02:21 14... 0:01:52 15. 0:01:51 15... 0:01:42 16. 0:01:45 16... 0:01:42 17. 0:01:45 17... 0:01:41 18. 0:01:45 18... 0:01:41 19. 0:01:42 19... 0:01:37 20. 0:01:41 20... 0:01:35 21. 0:01:41 21... 0:01:30 22. 0:01:37 22... 0:01:27 23. 0:01:36 23... 0:01:27 24. 0:01:17 24... 0:01:27 25. 0:01:17 25... 0:01:27 26. 0:01:11 26... 0:01:20 27. 0:01:05 27... 0:01:15 28. 0:01:03 28... 0:01:09 29. 0:01:00 29... 0:01:03 30. 0:00:53 30... 0:00:46 31. 0:00:47 31... 0:00:44 32. 0:00:47 32... 0:00:45,
Rated Blitz game,https://lichess.org/mRdCQzHx,2024.08.01,-,v_e_n_o_m_a_n_c_e_r,gorginpour1402,0-1,2024.08.01,00:06:08,1001,981,,,B01,Scandinavian Defense: Valencian Variation,180+2,Time forfeit,"1. e4 1... d5 2. exd5 2... Qxd5 3. Nc3 3... Qd8 4. b3 4... g6 5. Bb2 5... Bg7 6. Qe2 6...
b5 7. O-O-O 7... b4 8.
Na4 8... Bxb2 9. Nxb2 9... a5 10. d3 10... h5 11. g3 11... Bg4 12.
Qe5 12... f6 13. Qe1 13... Bxd1 14. Qxd1 14... Nc6 15. Bg2 15... Qd7 16.
Nc4 16... Ra6 17. Nf3 17... Nd4 18. Nxd4 18... Qxd4 19. Re1 19... Qa1 20.
Kd2 20... Qxd1 21. Kxd1 21... f5 22. f4 22...
Nf6 23. Ne5 23... Rg8 24. Kd2 24... Nd7 25. Nc6 25... Rg7 26. Ne5 26... Nxe5 27. Rxe5 27... Kd7 28. Rd5 28... Kc8 29.
h4 29... a4 30. c3 30... bxc3 31. Kxc3 31... axb3 32. axb3 32... Ra2 33.
Bf3 33... Rf2 34. Bd1 34... Rg2 35. b4 35... Rxg3 36. Ba4 36... Rh3 37.
Bd7 37... Kb7 38. Rc5 38... Rxh4 39. Rc4 39... g5 40. fxg5 40... Rxc4 41. Kxc4 41... Rxg5 42. d4 42... h4 43. Kc5 43...
h3 44. b5 44... h2",1. 0:03:00 1... 0:03:00 2. 0:02:50 2... 0:02:57 3. 0:02:50 3... 0:02:58 4. 0:02:45 4... 0:02:56 5. 0:02:45 5... 0:02:57 6. 0:02:44 6... 0:02:56 7. 0:02:40 7... 0:02:54 8. 0:02:38 8... 0:02:54 9. 0:02:37 9... 0:02:50 10. 0:02:31 10... 0:02:43 11. 0:02:32 11... 0:02:43 12. 0:02:13 12... 0:02:37 13. 0:02:02 13... 0:02:36 14. 0:02:04 14... 0:02:33 15. 0:02:05 15... 0:02:32 16. 0:02:02 16... 0:02:29 17. 0:02:01 17... 0:02:28 18. 0:02:00 18... 0:02:28 19. 0:01:53 19... 0:02:26 20. 0:01:53 20... 0:02:27 21. 0:01:55 21... 0:02:20 22. 0:01:55 22... 0:02:19 23. 0:01:51 23... 0:02:18 24. 0:01:38 24... 0:02:15 25. 0:01:12 25... 0:02:07 26. 0:01:00 26... 0:02:03 27. 0:00:56 27... 0:01:59 28. 0:00:44 28... 0:01:53 29. 0:00:36 29... 0:01:46 30. 0:00:23 30... 0:01:43 31. 0:00:23 31... 0:01:43 32. 0:00:18 32... 0:01:40 33. 0:00:19 33... 0:01:37 34. 0:00:15 34... 0:01:32 35. 0:00:08 35... 0:01:32 36. 0:00:08 36... 0:01:29 37. 0:00:08 37... 0:01:28 38. 0:00:07 38... 0:01:27 39. 0:00:05 39... 0:01:25 40. 0:00:04 40... 0:01:25 41. 0:00:05 41... 0:01:25 42. 0:00:06 42... 0:01:26 43. 0:00:03 43... 0:01:26 44. 0:00:03 44... 0:01:25,
Rated Blitz game,https://lichess.org/uRYxEgWB,2024.08.01,-,Traskular,Natali2298,1-0,2024.08.01,00:06:08,752,700,,,A40,Mikenas Defense,180+2,Normal,"1. d4 1... Nc6 2. c4 2... Na5 3. Qa4 3... b6 4. Nc3 4... Bb7 5. e4 5... Ba6 6. b4 6...
Nxc4 7. Qxa6 7... Nd6 8. e5 8... Nf5 9. Bd3 9... Nxd4 10. Be3 10... Ne6 11. O-O-O 11... h6 12.
Nf3 12... g5 13. Rhe1 13... Bg7 14. Bd4 14... f6 15. Bg6 15... Kf8 16.
Nd5 16... Nxd4 17. Rxd4 17... e6 18. Nc3 18...
Ne7 19. exf6 19... Bxf6 20. Rxe6 20... Bxd4 21. Rf6 21... Kg7 22. Nxd4 22... Nxg6 23. Rf3 23... Ne5 24. Rf5 24... Nc4 25. Qxc4 25... a5 26.
Qf7",1. 0:03:00 1... 0:03:00 2. 0:03:00 2... 0:02:54 3. 0:02:51 3... 0:02:42 4. 0:02:48 4... 0:02:33 5. 0:02:46 5... 0:02:32 6. 0:02:29 6... 0:02:30 7. 0:02:27 7... 0:02:17 8. 0:02:16 8... 0:02:06 9. 0:02:10 9... 0:02:05 10. 0:02:01 10... 0:01:47 11. 0:02:01 11... 0:01:38 12. 0:02:01 12... 0:01:38 13. 0:02:01 13... 0:01:39 14. 0:01:59 14... 0:01:38 15. 0:01:52 15... 0:01:30 16. 0:01:53 16... 0:01:26 17. 0:01:49 17... 0:01:21 18. 0:01:14 18... 0:01:20 19. 0:01:14 19... 0:01:15 20. 0:01:03 20... 0:01:09 21. 0:01:01 21... 0:01:06 22. 0:00:47 22... 0:01:03 23. 0:00:37 23... 0:00:57 24. 0:00:37 24... 0:00:55 25. 0:00:36 25... 0:00:48 26. 0:00:33,
Rated Blitz game,https://lichess.org/HzKe1Woh,2024.08.01,-,Aparaititos,fajalille,1-0,2024.08.01,00:06:08,2176,2160,,,D02,Queen's Pawn Game: Zukertort Variation,180+2,Time forfeit,"1. d4 1... d5 2. Nf3 2... e6 3. g3 3... Nf6 4. Bg2 4... c6 5. O-O 5... Be7 6. c4 6... O-O 7. Qc2 7... b6 8. Nbd2 8... a5 9. Rd1 9...
Nbd7 10. e4 10... dxe4 11. Nxe4 11... Nxe4 12. Qxe4 12... Bb7 13. Qc2 13... Nf6 14. Bf4 14... Rc8 15. c5 15... Nd5 16.
Bd2 16... Bf6 17. a3 17... bxc5 18. dxc5 18... Ba6 19. Bf4 19... Nxf4 20.
Rxd8 20... Ne2 21. Kh1 21... Rfxd8 22. Bf1 22... Bd3 23. Qd2 23... Bb5 24. Qe3 24... Bxb2 25.
Rb1 25... Nc3 26. Rxb2 26... Nd1 27. Qc1 27... Bxf1 28. Rd2",1. 0:03:00 1... 0:03:00 2. 0:03:01 2... 0:02:58 3. 0:03:02 3... 0:02:57 4. 0:03:04 4... 0:02:58 5. 0:03:05 5... 0:02:57 6. 0:03:06 6... 0:02:57 7. 0:03:07 7... 0:02:55 8. 0:03:07 8... 0:02:55 9. 0:03:05 9... 0:02:45 10. 0:03:06 10... 0:02:43 11. 0:03:08 11... 0:02:44 12. 0:03:09 12... 0:02:40 13. 0:02:55 13... 0:02:29 14. 0:02:43 14... 0:02:28 15. 0:02:42 15... 0:02:19 16. 0:02:31 16... 0:01:54 17. 0:02:28 17... 0:01:37 18. 0:02:29 18... 0:01:35 19. 0:02:07 19... 0:01:17 20. 0:02:06 20... 0:01:13 21. 0:02:07 21... 0:01:12 22. 0:02:06 22... 0:01:03 23. 0:01:44 23... 0:00:58 24. 0:01:39 24... 0:00:27 25. 0:01:35 25... 0:00:05 26. 0:01:33 26... 0:00:04 27. 0:01:22 27... 0:00:03 28. 0:01:15,
Rated Blitz game,https://lichess.org/LlO2LKlv,2024.08.01,-,QAESGAZI26,jhowcarlsen,0-1,2024.08.01,00:06:08,1193,1145,,,C40,Elephant Gambit,180+2,Normal,"1. e4 1... e5 2. Nf3 2... d5 3. exd5 3... c6 4. dxc6 4... Bc5 5.
cxb7 5... Bxb7 6. Bb5 6... Nc6 7. O-O 7... f6 8. Re1 8... a6 9. Ba4 9... Ne7 10. d4 10...
exd4 11. Qe2 11... O-O 12. Bxc6 12... Bxc6 13. Qxe7 13... Bxe7 14. Rxe7 14... Qxe7",1. 0:03:00 1... 0:03:00 2. 0:03:01 2... 0:03:00 3. 0:02:59 3... 0:02:54 4. 0:02:56 4... 0:02:50 5. 0:02:54 5... 0:02:51 6. 0:02:51 6... 0:02:50 7. 0:02:50 7... 0:02:48 8. 0:02:45 8... 0:02:46 9. 0:02:43 9... 0:02:41 10. 0:02:43 10... 0:02:19 11. 0:02:33 11... 0:02:15 12. 0:02:30 12... 0:02:14 13. 0:02:29 13... 0:02:13 14. 0:02:31 14... 0:02:14,
Rated Blitz game,https://lichess.org/rFFzkic6,2024.08.01,-,northwolf2510,yanzen17,0-1,2024.08.01,00:06:08,1908,1919,,,B23,Sicilian Defense: Grand Prix Attack,180+2,Normal,"1. e4 1... c5 2. Nc3 2... Nc6 3. f4 3... g6 4. Nf3 4... Bg7 5. Bc4 5... e6 6. O-O 6... a6 7. a4 7... Nge7 8. d3 8... b6 9. Qe1 9... O-O 10. Qh4 10... Nd4 11.
Nxd4 11... Bxd4 12. Kh1 12... Bb7 13. Ne2 13... Bg7 14. c3 14... d5 15. exd5 15... exd5 16. Bb3 16... Nf5 17. Qf2 17... d4 18. Rd1 18...
Nh4",1. 0:03:00 1... 0:03:00 2. 0:03:01 2... 0:03:01 3. 0:03:02 3... 0:03:03 4. 0:03:04 4... 0:03:04 5. 0:03:05 5... 0:03:05 6. 0:03:06 6... 0:03:07 7. 0:03:07 7... 0:03:06 8. 0:03:07 8... 0:03:06 9. 0:03:07 9... 0:03:06 10. 0:03:08 10... 0:02:49 11. 0:03:05 11... 0:02:47 12. 0:03:05 12... 0:02:48 13. 0:03:05 13... 0:02:46 14. 0:02:59 14... 0:02:46 15. 0:02:58 15... 0:02:47 16. 0:02:59 16... 0:02:45 17. 0:02:58 17... 0:02:41 18. 0:02:39 18... 0:02:39,
Rated Blitz game,https://lichess.org/DlmwAbb6,2024.08.01,-,maurodidomenico,leochess04,0-1,2024.08.01,00:06:08,1849,1841,,,C44,Scotch Game,180+2,Normal,"1. e4 1... e5 2. Nf3 2... Nc6 3. d4 3... exd4 4. Ng5 4... h6 5. Nxf7 5... Kxf7 6. Bc4 6...
Ke7 7. O-O 7... Nf6 8.
Re1 8... d6 9. f4 9...
Bg4 10. Qd3 10... Kd7 11. e5 11... Ne8 12. exd6 12... Nxd6 13. Bb3 13... Be7 14. Qg6 14... Bf5 15. Be6 15... Bxe6 16. Qxe6 16... Ke8 17. Nd2 17... Qd7 18. Qg6 18... Kd8 19. Qxh6 19... Rxh6",1. 0:03:00 1... 0:03:00 2. 0:03:02 2... 0:03:01 3. 0:03:04 3... 0:03:01 4. 0:03:06 4... 0:02:45 5. 0:03:06 5... 0:02:46 6. 0:03:08 6... 0:02:40 7. 0:03:09 7... 0:02:39 8. 0:03:09 8... 0:02:37 9. 0:03:10 9... 0:02:36 10. 0:03:10 10... 0:02:33 11. 0:03:09 11... 0:02:07 12. 0:03:03 12... 0:01:55 13. 0:03:01 13... 0:01:42 14. 0:03:01 14... 0:01:19 15. 0:03:01 15... 0:01:13 16. 0:03:03 16... 0:01:13 17. 0:02:55 17... 0:01:13 18. 0:02:55 18... 0:01:11 19. 0:02:54 19... 0:01:09,
Rated Blitz game,https://lichess.org/3BtmupaM,2024.08.01,-,ashtipaix,MTINAJERO,1-0,2024.08.01,00:06:08,1884,1864,,,B70,Sicilian Defense: Dragon Variation,180+2,Time forfeit,"1. e4 1... c5 2. Nf3 2... d6 3. d4 3... cxd4 4. Nxd4 4... Nf6 5.
Nc3 5... g6 6. Bg5 6... Bg7 7. Bc4 7... Nc6 8. O-O 8... O-O 9. a3 9... Bd7 10. Kh1 10...
Rc8 11. Nxc6 11... Bxc6 12. Bxf6 12... Bxf6 13. Nd5 13... Bg7 14. f3 14... Bxb2 15. Rb1 15... Bxa3 16. Qd3 16... Bc5 17. h3 17... e6 18.
Nf4 18... Qf6 19. g3 19... Qd4 20. Qe2 20... a6 21. Bd3 21... Qe3 22.
Qg2 22... Qd4 23. h4 23... Qg7 24. Nh3 24... Rfd8 25. Ng5 25... h6 26.
Nh3 26... d5 27. exd5 27... Rxd5 28. Be4 28... Rd7 29. Bxc6 29... Rxc6 30. Rbd1 30... Rcd6 31. Rxd6 31... Rxd6 32. f4 32... Rb6 33. Qd2 33... Qd4 34. Qe2 34... Qd5 35.
Kh2 35... Rb4 36. c3 36... Re4 37. Qb2 37... b5 38. h5 38... gxh5 39.
Qc2 39... Qc4 40. Qg2 40... Re1 41. Rxe1 41... a5 42. f5 42... a4 43.
fxe6 43... fxe6 44. Qa8 44... Bf8 45. Qg2 45... Qxc3 46. Rxe6 46... Qb3 47. Rg6 47... Kh7 48.
Qe4 48... Qb2 49. Kh1 49... Qc1 50. Ng1",1. 0:03:00 1... 0:03:00 2. 0:03:00 2... 0:03:00 3. 0:03:01 3... 0:03:01 4. 0:03:01 4... 0:03:02 5. 0:03:00 5... 0:03:03 6. 0:02:59 6... 0:03:04 7. 0:02:59 7... 0:02:59 8. 0:02:55 8... 0:02:40 9. 0:02:43 9... 0:01:50 10. 0:02:36 10... 0:01:39 11. 0:02:30 11... 0:01:40 12. 0:02:18 12... 0:01:40 13. 0:02:17 13... 0:01:34 14. 0:02:12 14... 0:01:33 15. 0:02:11 15... 0:01:27 16. 0:02:07 16... 0:01:25 17. 0:01:54 17... 0:01:19 18. 0:01:49 18... 0:01:19 19. 0:01:40 19... 0:01:16 20. 0:01:33 20... 0:00:57 21. 0:01:29 21... 0:00:52 22. 0:01:23 22... 0:00:33 23. 0:01:19 23... 0:00:29 24. 0:01:13 24... 0:00:23 25. 0:01:10 25... 0:00:21 26. 0:01:07 26... 0:00:22 27. 0:01:04 27... 0:00:23 28. 0:01:01 28... 0:00:23 29. 0:01:00 29... 0:00:24 30. 0:00:57 30... 0:00:23 31. 0:00:57 31... 0:00:25 32. 0:00:54 32... 0:00:24 33. 0:00:51 33... 0:00:25 34. 0:00:46 34... 0:00:25 35. 0:00:45 35... 0:00:22 36. 0:00:43 36... 0:00:23 37. 0:00:40 37... 0:00:21 38. 0:00:38 38... 0:00:17 39. 0:00:36 39... 0:00:14 40. 0:00:35 40... 0:00:14 41. 0:00:34 41... 0:00:12 42. 0:00:32 42... 0:00:07 43. 0:00:31 43... 0:00:08 44. 0:00:28 44... 0:00:07 45. 0:00:26 45... 0:00:07 46. 0:00:25 46... 0:00:07 47. 0:00:25 47... 0:00:07 48. 0:00:23 48... 0:00:06 49. 0:00:23 49... 0:00:06 50. 0:00:23,
Rated Blitz game,https://lichess.org/DkS5NTZQ,2024.08.01,-,Wolf_65,opqa,1-0,2024.08.01,00:06:08,1488,1459,,,A04,Zukertort Opening: Queen's Gambit Invitation,180+2,Time forfeit,"1. Nf3 1... e6 2. d4 2... b6 3. Bf4 3... Bb7 4. Nbd2 4... h6 5. e3 5... Ne7 6. Be2 6...
Nd5 7. Bg3 7... Ba6 8.
c4 8... Nf6 9. h3 9...
Bb4 10. a3 10... Bxd2 11. Qxd2 11... Nh5 12. Bh2 12... Nc6 13. O-O 13... Na5 14. Qc2 14... Nf6 15. b4 15... Nxc4 16.
Bxc4 16... Bxc4 17. Qxc4 17... Ne4 18. Qc2 18... f5 19. Rac1 19... Rc8 20. Ne5 20... Qg5 21.
Nf3 21... Qh5 22. Ne5 22... O-O 23. f3 23... Nf6 24. Nc4 24... Nd5 25.
Ne5 25... Nxe3 26. Qf2 26... Nxf1 27. Rxf1 27... f4 28. Nxd7 28... Rfd8 29. Ne5 29... Rd5 30. Rd1",1. 0:03:00 1... 0:03:00 2. 0:03:01 2... 0:03:01 3. 0:03:02 3... 0:03:03 4. 0:03:02 4... 0:03:02 5. 0:03:02 5... 0:03:02 6. 0:02:59 6... 0:02:59 7. 0:02:58 7... 0:02:54 8. 0:02:56 8... 0:02:45 9. 0:02:54 9... 0:02:45 10. 0:02:54 10... 0:02:45 11. 0:02:53 11... 0:02:45 12. 0:02:53 12... 0:02:35 13. 0:02:51 13... 0:02:34 14. 0:02:43 14... 0:02:12 15. 0:02:45 15... 0:01:42 16. 0:02:45 16... 0:01:43 17. 0:02:46 17... 0:01:42 18. 0:02:42 18... 0:01:31 19. 0:02:41 19... 0:01:30 20. 0:02:29 20... 0:00:57 21. 0:02:16 21... 0:00:50 22. 0:01:56 22... 0:00:34 23. 0:01:58 23... 0:00:19 24. 0:01:41 24... 0:00:16 25. 0:01:33 25... 0:00:11 26. 0:01:25 26... 0:00:09 27. 0:01:26 27... 0:00:08 28. 0:01:23 28... 0:00:07 29. 0:01:19 29... 0:00:04 30. 0:01:18,
Rated Blitz game,https://lichess.org/OYodjVgn,2024.08.01,-,Jakov01,D3mran,1-0,2024.08.01,00:06:08,1599,1583,,,A13,English Opening: Agincourt Defense,180+2,Normal,"1. c4 1... e6 2. Nc3 2... d5 3. cxd5 3... exd5 4. Nf3 4... Nf6 5. g3 5... c5 6. Bg2 6... d4 7. Nb1 7... Nc6 8. d3 8... Bg4 9. O-O 9...
Be7 10. Nbd2 10... b5 11. a3 11... Rc8 12. b4 12... Bxf3 13. Bxf3 13... c4 14. dxc4 14... bxc4 15. Qa4 15... O-O 16.
Bxc6 16... c3 17. Ne4 17... d3 18. Nxf6 18... Bxf6 19. exd3 19... Qxd3 20. Rd1 20... Qe2 21. Be3 21... Rfd8 22. Re1 22... Qc4 23. Bb5 23... Qc7 24. Rac1 24... g6 25.
Rc2 25... Bg7 26. Rec1 26... Qe5 27. Qxa7 27... h5 28. Ba6 28... Rc7 29.
Bf4 29... Rxa7 30. Bxe5 30... Rxa6 31. Bxc3 31... Rad6 32. Bxg7 32... Kxg7 33. Ra1 33... Ra6 34.
a4 34... Rb8 35. b5 35... Ra5 36. Rc7 36... Rbxb5 37. axb5 37... Rxa1 38. Kg2 38... Rb1 39. Rc5 39... Kf6 40. Kf3 40... Ke6 41. Ke4 41... f5 42. Kf4 42... Rb4 43.
Kg5 43... Rg4 44. Kh6 44... Kf6 45. Rc6 45... Kf7 46. b6 46... Rb4 47.
Rc7 47... Kf6 48. b7 48... g5 49. Kxh5 49... f4 50. Rc5 50... fxg3 51.
hxg3 51... Rxb7 52. Rxg5 52... Rh7 53. Kg4 53... Ra7 54. Rf5 54... Kg6 55. Rb5 55... Ra4 56.
Kh3 56... Ra2 57. f4 57... Ra1 58. Kg4 58... Ra3 59. Rb6 59... Kg7 60.
Kh4 60... Ra2 61. Kg4 61... Ra3 62. f5 62... Ra4 63. Kg5 63... Ra3 64.
g4 64... Rg3 65. Rb7 65... Kg8 66. f6 66... Kf8 67. Kh4 67... Rf3 68.
g5 68... Rf4 69. Kh5 69... Rf5 70. Kg6 70... Ra5 71. Rb8",1. 0:03:00 1... 0:03:00 2. 0:03:01 2... 0:03:01 3. 0:03:03 3... 0:03:03 4. 0:03:04 4... 0:03:00 5. 0:03:04 5... 0:03:00 6. 0:03:06 6... 0:02:59 7. 0:03:06 7... 0:03:00 8. 0:03:08 8... 0:02:59 9. 0:03:09 9... 0:02:59 10. 0:03:09 10... 0:02:57 11. 0:03:10 11... 0:02:57 12. 0:03:06 12... 0:02:54 13. 0:03:07 13... 0:02:43 14. 0:03:04 14... 0:02:44 15. 0:03:02 15... 0:02:31 16. 0:03:01 16... 0:02:21 17. 0:02:57 17... 0:02:16 18. 0:02:57 18... 0:02:13 19. 0:02:53 19... 0:02:10 20. 0:02:51 20... 0:01:59 21. 0:02:43 21... 0:01:42 22. 0:02:31 22... 0:01:18 23. 0:02:26 23... 0:01:14 24. 0:02:22 24... 0:00:10 25. 0:02:22 25... 0:00:08 26. 0:02:24 26... 0:00:07 27. 0:02:10 27... 0:00:07 28. 0:02:08 28... 0:00:06 29. 0:02:07 29... 0:00:05 30. 0:02:05 30... 0:00:06 31. 0:02:05 31... 0:00:06 32. 0:02:03 32... 0:00:06 33. 0:02:02 33... 0:00:06 34. 0:02:01 34... 0:00:07 35. 0:02:02 35... 0:00:08 36. 0:01:59 36... 0:00:09 37. 0:01:55 37... 0:00:09 38. 0:01:57 38... 0:00:09 39. 0:01:56 39... 0:00:08 40. 0:01:57 40... 0:00:09 41. 0:01:59 41... 0:00:10 42. 0:01:57 42... 0:00:09 43. 0:01:57 43... 0:00:06 44. 0:01:58 44... 0:00:06 45. 0:01:58 45... 0:00:07 46. 0:01:57 46... 0:00:07 47. 0:01:58 47... 0:00:08 48. 0:01:59 48... 0:00:07 49. 0:01:59 49... 0:00:05 50. 0:01:49 50... 0:00:06 51. 0:01:49 51... 0:00:07 52. 0:01:51 52... 0:00:08 53. 0:01:52 53... 0:00:07 54. 0:01:52 54... 0:00:07 55. 0:01:47 55... 0:00:08 56. 0:01:46 56... 0:00:08 57. 0:01:47 57... 0:00:08 58. 0:01:45 58... 0:00:06 59. 0:01:44 59... 0:00:08 60. 0:01:45 60... 0:00:07 61. 0:01:45 61... 0:00:07 62. 0:01:46 62... 0:00:08 63. 0:01:48 63... 0:00:07 64. 0:01:49 64... 0:00:08 65. 0:01:50 65... 0:00:09 66. 0:01:50 66... 0:00:08 67. 0:01:48 67... 0:00:09 68. 0:01:49 68... 0:00:09 69. 0:01:50 69... 0:00:10 70. 0:01:51 70... 0:00:10 71. 0:01:42,
Rated Blitz game,https://lichess.org/G42YaNfS,2024.08.01,-,farid_ptr41,ArmandSanzMx,1-0,2024.08.01,00:06:10,1462,1562,,,B01,Scandinavian Defense: Mieses-Kotroc Variation,180+2,Normal,"1. e4 1... d5 2. exd5 2... Qxd5 3. Nf3 3... e5 4. Nc3 4... Qa5 5.
Bb5 5... Bd7 6. Bxd7 6... Nxd7 7. O-O 7... O-O-O 8. b4 8... Bxb4 9. a3 9... Bxc3 10. dxc3 10... Qxc3 11. Bd2 11... Qc6 12. a4 12... a6 13. c4 13... Ngf6 14. c5 14... Nxc5 15. Rc1 15... Rhe8 16. Qe1 16... e4 17.
Ng5 17... Qd5 18. Be3 18... Nxa4 19. Qb4 19... Qb5 20. Qxb5 20... axb5 21. Nxf7 21... Rd5 22. Rc2 22... c6 23. Rfc1 23... h6 24. Bf4 24... Re7 25. Nd6 25... Kd7 26.
Nxb7 26... Nh5 27. Bb8 27... e3 28. fxe3 28... Rxe3 29. Na5 29... Nf6 30.
Rxc6 30... Rd2 31. Rc7 31... Ke8 32. Rc8 32... Kf7 33. Nc6 33... Ree2 34. Nd8 34... Kg6 35.
Bg3 35... Rxg2 36. Kh1 36... Ne4 37. R8c6 37... Kh7 38. Nf7 38... Nxg3 39. hxg3 39... Rh2 40. Kg1 40... Rdg2 41. Kf1 41... Rxg3 42. Ne5 42... Rg5 43. Nf3 43... Rh1 44. Kf2 44... Rxc1 45.
Nxg5 45... hxg5 46. Rxc1 46... b4 47. Rb1 47...
Nc3 48. Rxb4 48... Kh6 49. Kg3 49... g6 50. Kg4 50... Ne2 51. Re4 51... Ng1 52. Re1 52... Nf3 53. Kxf3 53... g4 54.
Kxg4 54... Kg7 55. Re7 55... Kf6 56. Ra7 56... Ke6 57. Kg5 57... Ke5 58. Kxg6 58... Kf4 59.
Rf7 59... Ke5 60. Rf5 60... Ke6 61. Kg5 61... Kd6 62. Kf6 62... Kc6 63. Ke6 63... Kb6 64.
Kd6 64... Ka6 65. Kc6 65... Ka7 66. Rb5 66... Ka6 67. Kc5 67... Ka7 68.
Rb1 68... Ka6 69. Rb2 69... Ka7 70. Kc6 70... Ka8 71. Kc7",1. 0:03:00 1... 0:03:00 2. 0:03:01 2... 0:03:00 3. 0:03:01 3... 0:03:01 4. 0:03:00 4... 0:03:01 5. 0:02:51 5... 0:02:58 6. 0:02:40 6... 0:02:54 7. 0:02:39 7... 0:02:46 8. 0:02:34 8... 0:02:46 9. 0:02:33 9... 0:02:46 10. 0:02:33 10... 0:02:48 11. 0:02:32 11... 0:02:47 12. 0:02:30 12... 0:02:47 13. 0:02:29 13... 0:02:46 14. 0:02:27 14... 0:02:47 15. 0:02:20 15... 0:02:41 16. 0:02:17 16... 0:02:41 17. 0:02:06 17... 0:02:37 18. 0:02:00 18... 0:02:28 19. 0:01:23 19... 0:01:41 20. 0:01:02 20... 0:01:41 21. 0:00:56 21... 0:01:41 22. 0:00:49 22... 0:01:35 23. 0:00:43 23... 0:01:35 24. 0:00:39 24... 0:01:31 25. 0:00:38 25... 0:01:26 26. 0:00:35 26... 0:01:23 27. 0:00:30 27... 0:01:20 28. 0:00:27 28... 0:01:21 29. 0:00:21 29... 0:01:15 30. 0:00:19 30... 0:01:09 31. 0:00:18 31... 0:01:09 32. 0:00:16 32... 0:01:08 33. 0:00:10 33... 0:01:07 34. 0:00:09 34... 0:01:07 35. 0:00:07 35... 0:01:07 36. 0:00:07 36... 0:01:08 37. 0:00:06 37... 0:01:08 38. 0:00:07 38... 0:01:08 39. 0:00:07 39... 0:01:09 40. 0:00:07 40... 0:01:11 41. 0:00:08 41... 0:01:11 42. 0:00:07 42... 0:00:58 43. 0:00:06 43... 0:00:58 44. 0:00:06 44... 0:00:57 45. 0:00:05 45... 0:00:58 46. 0:00:06 46... 0:00:57 47. 0:00:06 47... 0:00:56 48. 0:00:06 48... 0:00:56 49. 0:00:07 49... 0:00:55 50. 0:00:07 50... 0:00:55 51. 0:00:07 51... 0:00:53 52. 0:00:07 52... 0:00:44 53. 0:00:08 53... 0:00:45 54. 0:00:09 54... 0:00:46 55. 0:00:09 55... 0:00:47 56. 0:00:09 56... 0:00:43 57. 0:00:09 57... 0:00:44 58. 0:00:09 58... 0:00:45 59. 0:00:08 59... 0:00:46 60. 0:00:08 60... 0:00:46 61. 0:00:08 61... 0:00:47 62. 0:00:09 62... 0:00:47 63. 0:00:10 63... 0:00:46 64. 0:00:11 64... 0:00:47 65. 0:00:11 65... 0:00:46 66. 0:00:12 66... 0:00:47 67. 0:00:12 67... 0:00:47 68. 0:00:12 68... 0:00:48 69. 0:00:13 69... 0:00:48 70. 0:00:14 70... 0:00:48 71. 0:00:14,
Rated Blitz game,https://lichess.org/glPIwpUo,2024.08.01,-,gustavotrancho,Elwero7,1-0,2024.08.01,00:06:12,1567,1547,,,A00,Grob Opening,180+2,Normal,"1. g4 1... h5 2. e4 2... hxg4 3. Qxg4 3... d5 4. Qe2 4... d4 5. Nf3 5... c5 6. Na3 6... e5 7. c4 7... f6 8. Rg1 8... Nc6 9. Nc2 9...
a5 10. d3 10... Qb6 11. b3 11... a4 12. Rb1 12... Qa6 13. b4 13...
cxb4 14. Nxb4 14... Qa5 15. Bd2 15... Nxb4 16.
Qd1 16... a3 17. Qb3 17... Bd7 18. Bxb4 18... Qc7 19. Bxf8 19... Kxf8 20. Qb4 20... Kf7 21. Qxb7 21... Rc8 22. Be2 22... g5 23. Rg2 23... Ne7 24. Bd1 24... Bh3 25.
Rg3 25... g4 26. Qxc7 26... Rxc7 27. Ng1 27... Ng6 28. Nxh3 28... gxh3 29. Bb3 29... Nf4 30. c5 30... Kf8 31. Kd2 31... Rg8 32. Rxg8",1. 0:03:00 1... 0:03:00 2. 0:02:51 2... 0:02:57 3. 0:02:53 3... 0:02:56 4. 0:02:43 4... 0:02:52 5. 0:02:36 5... 0:02:53 6. 0:02:31 6... 0:02:47 7. 0:02:31 7... 0:02:38 8. 0:02:12 8... 0:02:37 9. 0:02:04 9... 0:02:13 10. 0:02:01 10... 0:02:02 11. 0:01:55 11... 0:01:42 12. 0:01:51 12... 0:01:30 13. 0:01:28 13... 0:01:17 14. 0:01:30 14... 0:00:53 15. 0:01:29 15... 0:00:50 16. 0:01:21 16... 0:00:27 17. 0:01:07 17... 0:00:22 18. 0:01:05 18... 0:00:20 19. 0:01:03 19... 0:00:21 20. 0:01:00 20... 0:00:21 21. 0:00:50 21... 0:00:16 22. 0:00:42 22... 0:00:16 23. 0:00:37 23... 0:00:13 24. 0:00:31 24... 0:00:12 25. 0:00:29 25... 0:00:10 26. 0:00:23 26... 0:00:10 27. 0:00:23 27... 0:00:09 28. 0:00:23 28... 0:00:09 29. 0:00:21 29... 0:00:07 30. 0:00:18 30... 0:00:07 31. 0:00:16 31... 0:00:06 32. 0:00:14,
Rated Blitz game,https://lichess.org/6Lm68uy6,2024.08.01,-,Il_dar-1987,Jorge_Andor,1-0,2024.08.01,00:06:13,1628,1639,,,A40,Queen's Pawn Game,180+2,Normal,"1. d4 1... a6 2. c4 2... Nf6 3. Nc3 3... g6 4. e4 4... d6 5. Nf3 5... Bg7 6. Bg5 6...
O-O 7. Be2 7... Nbd7 8. O-O 8... c5 9. e5 9... dxe5 10. dxe5 10... Ng4 11. Nd5 11... f6 12.
exf6 12... exf6 13. Bf4 13... Nge5 14. Qc2 14... Nxf3 15. Bxf3 15... Ne5 16. Bxe5 16... fxe5 17. Rad1 17... Qh4 18. Qd2 18... Qxc4 19. Nb6 19... Qd4 20. Qa5 20... Qxb2 21. Nxa8 21... Bf5 22.
Nc7 22... e4 23. Bxe4 23... Bxe4 24. Qxc5 24... Qf6 25. Qc4 25... Kh8 26.
Qxe4 26... b5 27. Ne6 27... Re8 28. Qg4 28... Qxe6 29. Qxe6 29... Rxe6 30. Rd8",1. 0:03:00 1... 0:03:00 2. 0:03:01 2... 0:02:58 3. 0:03:03 3... 0:02:57 4. 0:03:04 4... 0:02:57 5. 0:03:05 5... 0:02:58 6. 0:03:06 6... 0:02:58 7. 0:03:06 7... 0:02:57 8. 0:03:07 8... 0:02:57 9. 0:03:04 9... 0:02:55 10. 0:03:04 10... 0:02:51 11. 0:02:49 11... 0:02:45 12. 0:02:33 12... 0:02:45 13. 0:02:26 13... 0:02:44 14. 0:02:11 14... 0:02:27 15. 0:02:10 15... 0:02:28 16. 0:01:55 16... 0:02:26 17. 0:01:55 17... 0:02:21 18. 0:01:11 18... 0:02:00 19. 0:01:09 19... 0:01:52 20. 0:00:45 20... 0:01:46 21. 0:00:36 21... 0:01:42 22. 0:00:29 22... 0:01:40 23. 0:00:10 23... 0:01:39 24. 0:00:10 24... 0:01:25 25. 0:00:10 25... 0:01:25 26. 0:00:11 26... 0:01:22 27. 0:00:11 27... 0:01:20 28. 0:00:09 28... 0:01:16 29. 0:00:08 29... 0:01:16 30. 0:00:09,
Rated Blitz game,https://lichess.org/g3qGNOE3,2024.08.01,-,vbitymrf,gxer,1-0,2024.08.01,00:05:43,1205,1210,,,D31,Queen's Gambit Declined: Queen's Knight Variation,180+2,Normal,"1. d4 1... e6 2. c4 2... d5 3. Nc3 3... Bb4 4. a3 4... Bxc3 5.
bxc3 5... Nf6 6. e3 6... O-O 7. Nf3 7... b6 8. Bd3 8... Bb7 9. O-O 9... c5 10. Bd2 10...
cxd4 11. cxd4 11... Nc6 12. Qc2 12... Ba6 13.
Ne5 13... Na5 14. Bxa5 14... bxa5 15. Qa4 15... dxc4 16. Bxc4 16... Bxc4 17. Nxc4 17... Ne4 18. Nxa5 18... Qg5 19. Nc6 19... Nc3 20. Qa5 20... Qg6 21. Qxc3 21... Rac8 22. Rfc1 22... Rc7 23. Qa5 23... Rcc8 24. Qxa7 24... Ra8 25. Qxa8 25... Rxa8 26. Ne7 26... Kh8 27.
Nxg6 27... hxg6 28. Rc7 28... Kg8 29. Kf1 29... Rb8 30. Ke2 30... Rb2 31. Kd3 31... Rxf2 32.
Rc8 32... Kh7 33. Rc7 33... Kg8 34. Rb1 34... Rxg2 35. Rb8 35... Kh7 36.
Rxf7 36... Rxh2 37. Rbb7 37... Kh6 38. Rxg7 38... Ra2 39. Ra7 39... g5 40. Rge7 40... Kh5 41.
Rxe6 41... g4 42. Kc3 42... g3 43. Rg7 43... Kh4 44. Reg6 44... Rg2 45.
Rxg3 45... Rxg3 46. Rxg3 46... Kxg3 47. d5 47... Kf3 48. Kc4 48... Kxe3 49. Kc5 49... Ke4 50.
Kc6 50... Ke5 51. d6 51... Kd4 52. d7 52... Kc3 53. d8=Q 53... Kb3 54.
Qa8 54... Ka2 55. a4 55... Ka3 56. a5 56... Ka4 57. a6 57... Ka5 58.
a7 58... Kb4 59. Qb7 59... Kc3 60. a8=Q 60... Kd4 61. Qd8 61... Kc4 62.
Qd5 62... Kc3 63. Qbb5 63... Kc2 64. Qbc5 64... Kb2 65. Qdd4 65... Kb3 66. Qcc3 66... Ka2 67. Qdd2 67... Kb1 68. Qcc1",1. 0:03:00 1... 0:03:00 2. 0:03:01 2... 0:03:01 3. 0:03:02 3... 0:03:02 4. 0:03:02 4... 0:03:02 5. 0:03:04 5... 0:03:03 6. 0:03:01 6... 0:03:03 7. 0:03:00 7... 0:03:01 8. 0:02:59 8... 0:02:59 9. 0:02:56 9... 0:02:59 10. 0:02:42 10... 0:02:51 11. 0:02:41 11... 0:02:49 12. 0:02:32 12... 0:02:45 13. 0:02:07 13... 0:02:44 14. 0:01:49 14... 0:02:39 15. 0:01:44 15... 0:02:30 16. 0:01:37 16... 0:02:27 17. 0:01:17 17... 0:02:05 18. 0:01:10 18... 0:01:56 19. 0:00:42 19... 0:01:43 20. 0:00:34 20... 0:01:37 21. 0:00:32 21... 0:01:35 22. 0:00:24 22... 0:01:25 23. 0:00:23 23... 0:01:23 24. 0:00:19 24... 0:01:21 25. 0:00:15 25... 0:01:19 26. 0:00:16 26... 0:01:17 27. 0:00:18 27... 0:01:17 28. 0:00:18 28... 0:01:17 29. 0:00:17 29... 0:01:17 30. 0:00:17 30... 0:01:18 31. 0:00:17 31... 0:01:19 32. 0:00:15 32... 0:01:19 33. 0:00:14 33... 0:01:18 34. 0:00:15 34... 0:01:18 35. 0:00:15 35... 0:01:18 36. 0:00:15 36... 0:01:18 37. 0:00:13 37... 0:01:18 38. 0:00:13 38... 0:01:19 39. 0:00:13 39... 0:01:18 40. 0:00:14 40... 0:01:18 41. 0:00:14 41... 0:01:19 42. 0:00:14 42... 0:01:19 43. 0:00:10 43... 0:01:19 44. 0:00:09 44... 0:01:19 45. 0:00:09 45... 0:01:20 46. 0:00:10 46... 0:01:22 47. 0:00:11 47... 0:01:23 48. 0:00:12 48... 0:01:25 49. 0:00:12 49... 0:01:25 50. 0:00:12 50... 0:01:24 51. 0:00:13 51... 0:01:26 52. 0:00:14 52... 0:01:28 53. 0:00:14 53... 0:01:30 54. 0:00:15 54... 0:01:28 55. 0:00:16 55... 0:01:29 56. 0:00:17 56... 0:01:30 57. 0:00:18 57... 0:01:32 58. 0:00:19 58... 0:01:34 59. 0:00:19 59... 0:01:36 60. 0:00:19 60... 0:01:37 61. 0:00:20 61... 0:01:38 62. 0:00:19 62... 0:01:38 63. 0:00:17 63... 0:01:39 64. 0:00:14 64... 0:01:39 65. 0:00:12 65... 0:01:40 66. 0:00:12 66... 0:01:40 67. 0:00:13 67... 0:01:40 68. 0:00:12,
Rated Blitz game,https://lichess.org/4jSe9Hlr,2024.08.01,-,gargiz,vinodkedaram,1/2-1/2,2024.08.01,00:05:43,1844,1811,,,A40,English Defense,180+2,Normal,"1. d4 1... b6 2. c4 2... Bb7 3. Nc3 3... Nf6 4. d5 4... d6 5. e4 5... c6 6. Nf3 6...
Nbd7 7. Be2 7... e6 8.
dxe6 8... fxe6 9. O-O 9... Be7 10. b3 10... O-O 11. Bb2 11... Nc5 12.
Qc2 12... e5 13. b4 13... Ne6 14. Rfd1 14... Qc7 15. a3 15... Rad8 16.
Rd2 16... Nf4 17. Bf1 17... c5 18. Ne2 18... Bxe4 19. Qd1 19... Nxe2 20. Bxe2 20... Nh5 21. b5 21... Nf4 22. a4 22...
Nxe2 23. Qxe2 23... Bxf3 24. gxf3 24... Bh4 25.
Qe4 25... Qe7 26. Kf1 26... Bg5 27. Rd3 27... Bf4 28. Ke2 28... Qh4 29.
Rh1 29... h6 30. Bc3 30... Qf6 31. a5 31... Qg5 32. a6 32... Qg2 33.
Rhd1 33... Bxh2 34. Rxd6 34... Rxd6 35. Rxd6 35... Bg3 36. Be1 36... Bh4 37. Qxh4 37... Qxf3 38. Kf1 38... e4 39. Rd8 39... Rxd8 40. Qxd8 40... Kh7 41. Qd5 41... Qh1 42. Ke2 42... Qf3 43.
Kd2 43... h5 44. Qg5 44... Qd3 45. Kc1 45... Qa3 46. Kd2 46... Qd3 47.
Kc1 47... Qxc4 48. Kd1 48... Qd3 49. Bd2 49... Qf1 50. Be1 50... Qd3 51. Bd2 51... Qf1 52.
Be1 52... Qd3",1. 0:03:00 1... 0:03:00 2. 0:03:01 2... 0:03:02 3. 0:03:02 3... 0:03:02 4. 0:03:02 4... 0:02:55 5. 0:03:03 5... 0:02:55 6. 0:03:01 6... 0:02:52 7. 0:02:59 7... 0:02:49 8. 0:02:56 8... 0:02:50 9. 0:02:50 9... 0:02:50 10. 0:02:28 10... 0:02:50 11. 0:02:29 11... 0:02:45 12. 0:02:23 12... 0:02:43 13. 0:02:20 13... 0:02:41 14. 0:02:19 14... 0:02:39 15. 0:02:17 15... 0:02:38 16. 0:01:57 16... 0:02:38 17. 0:01:51 17... 0:02:28 18. 0:01:47 18... 0:02:22 19. 0:01:48 19... 0:01:43 20. 0:01:44 20... 0:01:31 21. 0:01:41 21... 0:01:30 22. 0:01:20 22... 0:01:20 23. 0:01:21 23... 0:01:18 24. 0:01:21 24... 0:01:15 25. 0:01:18 25... 0:01:14 26. 0:01:05 26... 0:01:10 27. 0:01:04 27... 0:01:10 28. 0:01:02 28... 0:01:10 29. 0:00:54 29... 0:00:56 30. 0:00:55 30... 0:00:51 31. 0:00:52 31... 0:00:36 32. 0:00:50 32... 0:00:35 33. 0:00:45 33... 0:00:31 34. 0:00:45 34... 0:00:23 35. 0:00:45 35... 0:00:22 36. 0:00:38 36... 0:00:19 37. 0:00:27 37... 0:00:20 38. 0:00:28 38... 0:00:12 39. 0:00:24 39... 0:00:10 40. 0:00:25 40... 0:00:11 41. 0:00:24 41... 0:00:09 42. 0:00:23 42... 0:00:09 43. 0:00:24 43... 0:00:07 44. 0:00:12 44... 0:00:07 45. 0:00:10 45... 0:00:06 46. 0:00:09 46... 0:00:07 47. 0:00:11 47... 0:00:08 48. 0:00:08 48... 0:00:09 49. 0:00:09 49... 0:00:08 50. 0:00:08 50... 0:00:09 51. 0:00:09 51... 0:00:10 52. 0:00:10 52... 0:00:10,
Rated Blitz game,https://lichess.org/uRVjpsHm,2024.08.01,-,freddykluger,Oanhhnd1983,1-0,2024.08.01,00:05:43,1515,1510,,,A80,Dutch Defense,180+2,Time forfeit,"1. d4 1... f5 2. Bf4 2... g6 3. e3 3... Nf6 4. Nd2 4... Bg7 5. Ngf3 5... O-O 6. c3 6... d6 7. Qb3 7... Kh8 8.
Bc4 8... Nc6 9. Ng5 9... Na5 10. Qa4 10... Nxc4 11. Qxc4 11... d5 12.
Qb3 12... c6 13. Ndf3 13... h6 14. Nh3 14... g5 15. Be5 15... g4 16.
Bxf6 16... exf6 17. Nh4 17... gxh3 18. Ng6 18... Kh7 19. Nxf8 19... Qxf8 20. gxh3 20... a5 21.
O-O-O 21... a4 22. Qb4 22... Qxb4 23. cxb4 23... b5 24. a3 24... Be6 25.
Rhg1 25... Bf7 26. Rg3 26... Rg8 27. Rdg1 27... h5 28. Kd2 28... h4 29.
Rf3 29... Bh5 30. Rxf5 30... Kh6 31. Rf4 31... Re8 32. Rxh4 32... f5 33.
Rf4 33... Bf6 34. Rxf5 34... Bh4 35. Rf4 35... Bg5 36. Rf5 36... Bh4 37.
Re5 37... Rf8 38. Re6 38... Rf6 39. Rxf6 39... Bxf6 40. f4 40... Bf3 41.
Rg8 41... Bg4 42. Rxg4 42... Kh5 43. Rg8 43... Kh4 44. Rg6 44... Be7 45.
Rxc6 45... Kxh3 46. Rb6 46... Kxh2 47. Rxb5 47... Kg3 48. Rxd5 48... Kf3 49. Ra5 49... Ke4 50.
Rxa4 50... Bxb4 51. Rxb4 51... Kd5 52. Rb3 52... Kc4 53. Rc3 53... Kb5 54. d5 54... Ka4 55.
d6",1. 0:03:00 1... 0:03:00 2. 0:03:00 2... 0:03:00 3. 0:03:00 3... 0:03:00 4. 0:02:58 4... 0:03:01 5. 0:02:58 5... 0:03:03 6. 0:02:57 6... 0:03:04 7. 0:02:54 7... 0:03:03 8. 0:02:34 8... 0:02:58 9. 0:02:19 9... 0:02:55 10. 0:02:17 10... 0:02:52 11. 0:02:19 11... 0:02:50 12. 0:02:06 12... 0:02:50 13. 0:01:55 13... 0:02:51 14. 0:01:52 14... 0:02:51 15. 0:01:50 15... 0:02:51 16. 0:01:41 16... 0:02:51 17. 0:01:42 17... 0:02:51 18. 0:01:42 18... 0:02:50 19. 0:01:43 19... 0:02:50 20. 0:01:40 20... 0:02:48 21. 0:01:39 21... 0:02:49 22. 0:01:35 22... 0:02:45 23. 0:01:37 23... 0:02:44 24. 0:01:37 24... 0:02:41 25. 0:01:33 25... 0:02:39 26. 0:01:29 26... 0:02:34 27. 0:01:30 27... 0:02:23 28. 0:01:28 28... 0:02:23 29. 0:01:24 29... 0:02:25 30. 0:01:23 30... 0:02:18 31. 0:01:18 31... 0:02:00 32. 0:01:06 32... 0:02:01 33. 0:00:59 33... 0:02:01 34. 0:00:56 34... 0:01:55 35. 0:00:51 35... 0:01:52 36. 0:00:49 36... 0:01:53 37. 0:00:41 37... 0:01:52 38. 0:00:34 38... 0:01:53 39. 0:00:33 39... 0:01:54 40. 0:00:29 40... 0:01:45 41. 0:00:22 41... 0:01:43 42. 0:00:21 42... 0:01:42 43. 0:00:22 43... 0:01:43 44. 0:00:15 44... 0:01:41 45. 0:00:16 45... 0:01:41 46. 0:00:16 46... 0:01:42 47. 0:00:17 47... 0:01:44 48. 0:00:18 48... 0:01:45 49. 0:00:19 49... 0:01:46 50. 0:00:20 50... 0:01:43 51. 0:00:20 51... 0:01:43 52. 0:00:19 52... 0:01:43 53. 0:00:18 53... 0:01:44 54. 0:00:19 54... 0:01:44 55. 0:00:21,
Rated Blitz game,https://lichess.org/uxonMFoE,2024.08.01,-,antenor1326,Janinhobsb,1-0,2024.08.01,00:05:43,1968,1864,,,C60,Ruy Lopez: Cozio Defense,180+2,Normal,"1. e4 1... e5 2. Nf3 2... Nc6 3. Bb5 3... Nge7 4. O-O 4... g6 5. d4 5... exd4 6. Nxd4 6...
Bg7 7. Be3 7... O-O 8.
Nc3 8... d6 9. Qd2 9... Bd7 10. Be2 10... Nxd4 11. Bxd4 11... Bxd4 12. Qxd4 12... Nc6 13. Qd2 13... Qf6 14. Nd5 14... Qd4 15. Rfd1 15... Qxd2 16. Rxd2 16... Rac8 17. c3 17... Rfe8 18. Nf6",1. 0:03:00 1... 0:03:00 2. 0:03:01 2... 0:03:01 3. 0:03:02 3... 0:03:02 4. 0:03:02 4... 0:03:03 5. 0:03:00 5... 0:03:04 6. 0:03:00 6... 0:03:05 7. 0:03:01 7... 0:03:04 8. 0:02:57 8... 0:03:04 9. 0:02:42 9... 0:03:02 10. 0:02:36 10... 0:02:53 11. 0:02:36 11... 0:02:54 12. 0:02:37 12... 0:02:55 13. 0:02:33 13... 0:02:55 14. 0:02:25 14... 0:02:52 15. 0:02:07 15... 0:02:47 16. 0:02:08 16... 0:02:48 17. 0:02:03 17... 0:02:49 18. 0:01:59,
Rated Blitz game,https://lichess.org/nnesg4tF,2024.08.01,-,sej56,Rhm143,0-1,2024.08.01,00:05:43,1246,1247,,,B23,Sicilian Defense: Closed,180+2,Normal,"1. e4 1... c5 2. Nc3 2... g6 3. Nf3 3... Bg7 4. Bc4 4... Nc6 5. Ng5 5... e6 6. d3 6...
Nge7 7. O-O 7... d5 8.
exd5 8... exd5 9. Bb5 9... a6 10. Bxc6 10... Nxc6 11. Re1 11... Ne7 12.
Be3 12... Bxc3 13. bxc3 13... O-O 14. Bxc5 14... Qc7 15. Bxe7 15... Re8 16. d4 16... Rxe7 17.
Nf3 17... Rxe1 18. Qxe1 18... Bg4 19. Ne5 19... Bf5 20. Qe2 20... Qxc3 21. Rc1 21... Re8 22.
h3 22... f6 23. Qf3 23... Qb2 24. Re1 24... fxe5 25. Rxe5 25... Rxe5 26. dxe5 26... Qxc2 27. Qxd5 27... Kg7 28. Qxb7 28... Kh6 29. Qe7 29... Qxa2 30. Qh4 30... Kg7 31.
Qf6 31... Kg8 32. Qd8 32... Kf7 33. Qf6 33... Ke8 34. Qh8 34... Kd7 35. Qxh7 35... Ke6 36. Qg7 36... Kd5 37. Qf7 37... Be6 38. Qf6 38... Qa1 39. Kh2 39... Qxe5 40. Qxe5 40... Kxe5 41. Kg3 41... a5 42. Kf3 42... Kd4 43. Ke2 43... Kc3 44. Kd1 44... Kb2 45. g4 45... a4 46. f4 46... a3 47. h4 47...
a2 48. h5 48... a1=Q 49. Kd2 49... gxh5 50. gxh5 50... Bf5 51. h6 51...
Qa5 52. Ke3 52... Qc5 53. Kf3 53... Qc3",1. 0:03:00 1... 0:03:00 2. 0:03:00 2... 0:03:01 3. 0:03:01 3... 0:03:01 4. 0:02:59 4... 0:03:01 5. 0:02:59 5... 0:03:02 6. 0:02:57 6... 0:02:58 7. 0:02:55 7... 0:02:58 8. 0:02:55 8... 0:02:59 9. 0:02:53 9... 0:02:45 10. 0:02:50 10... 0:02:46 11. 0:02:51 11... 0:02:23 12. 0:02:37 12... 0:02:23 13. 0:02:37 13... 0:02:06 14. 0:02:35 14... 0:02:06 15. 0:02:33 15... 0:02:07 16. 0:02:16 16... 0:02:01 17. 0:02:15 17... 0:01:56 18. 0:02:14 18... 0:01:54 19. 0:02:10 19... 0:01:52 20. 0:02:02 20... 0:01:44 21. 0:01:57 21... 0:01:44 22. 0:01:56 22... 0:01:38 23. 0:01:38 23... 0:01:13 24. 0:01:36 24... 0:01:10 25. 0:01:36 25... 0:01:10 26. 0:01:37 26... 0:00:58 27. 0:01:36 27... 0:00:56 28. 0:01:33 28... 0:00:54 29. 0:01:20 29... 0:00:36 30. 0:01:19 30... 0:00:34 31. 0:01:19 31... 0:00:32 32. 0:01:16 32... 0:00:30 33. 0:01:17 33... 0:00:30 34. 0:01:18 34... 0:00:31 35. 0:01:19 35... 0:00:27 36. 0:01:16 36... 0:00:23 37. 0:01:12 37... 0:00:24 38. 0:01:12 38... 0:00:14 39. 0:01:12 39... 0:00:15 40. 0:01:07 40... 0:00:16 41. 0:01:03 41... 0:00:17 42. 0:01:04 42... 0:00:19 43. 0:01:06 43... 0:00:20 44. 0:01:08 44... 0:00:21 45. 0:01:04 45... 0:00:22 46. 0:01:05 46... 0:00:24 47. 0:01:06 47... 0:00:25 48. 0:01:08 48... 0:00:25 49. 0:01:09 49... 0:00:26 50. 0:01:10 50... 0:00:20 51. 0:01:11 51... 0:00:20 52. 0:01:11 52... 0:00:20 53. 0:01:12 53... 0:00:20,
Rated Blitz game,https://lichess.org/t3qDYerw,2024.08.01,-,fanilax,JM-84,1-0,2024.08.01,00:05:43,1669,1697,,,D31,Semi-Slav Defense: Marshall Gambit,180+2,Normal,"1. d4 1... d5 2. c4 2... c6 3. Nc3 3... e6 4. e4 4... Nd7 5. exd5 5...
cxd5 6. cxd5 6... exd5 7. Nxd5 7... Qa5 8.
Nc3 8... Ngf6 9. Bd3 9... Bb4 10. Qc2 10... Nd5 11. Bd2 11...
O-O 12. Nxd5 12... Bxd2 13. Qxd2 13... Qxd5 14.
Nf3 14... Re8 15. Be2 15... Nf6 16. O-O 16...
Ne4 17. Qd1 17...
Bg4 18. h3 18... Bxh3 19. gxh3 19... Ng5 20.
Nxg5 20... Qxg5 21. Kh1 21...
Qd5 22. Bf3 22... Qf5 23. Bg2 23... Rad8 24.
Qf3 24... Qxf3 25. Bxf3 25... b6 26. d5 26...
Re5 27. Bg2 27... Re2 28. b3 28... Rd2 29.
a3 29... g6 30.
b4 30... Rd3 31. a4 31... Rd6 32. b5 32... Rf6 33. Rac1 33...
Rf5 34. Rc7 34... a5 35.
bxa6 35... Ra3 36. a7 36... Rxa4 37. Rc8 37...
Kg7 38. a8=Q 38... Rxa8 39. Rxa8",1. 0:03:00 0. 0:03:00 1... 0:02:59 0. 0:03:01 2. 0:02:56 0. 0:03:02 2... 0:02:54 0. 0:03:02 3. 0:02:55 0. 0:03:01 3... 0:02:54 0. 0:03:01 4. 0:02:56 0. 0:03:01 4... 0:02:56 0. 0:02:59 5. 0:02:44 0. 0:03:00 5... 0:02:43 1. 0:02:58 6. 0:02:42 0. 0:02:51 6... 0:02:42 0. 0:02:49 7. 0:02:37 0. 0:02:49 7... 0:02:29 1. 0:02:48 8. 0:02:30 1. 0:02:43 8... 0:02:29 1. 0:02:44 9. 0:02:16 1. 0:02:44 9... 0:02:15 1. 0:02:44 10. 0:02:13 0. 0:02:37 10... 0:02:12 1. 0:02:37 11. 0:02:09 1. 0:02:37 11... 0:02:08 2. 0:02:37 12. 0:02:05 0. 0:02:35 12... 0:02:01 0. 0:02:22 13. 0:02:02 0. 0:02:24 13... 0:02:02 0. 0:02:22 14. 0:02:03 0. 0:02:21 14... 0:02:03 0. 0:02:19 15. 0:01:54 0. 0:02:20 15... 0:01:55 0. 0:02:19 16. 0:01:54 0. 0:02:18 16... 0:01:52 0. 0:02:18 17. 0:01:46 0. 0:02:15 17... 0:01:46 0. 0:02:02 18. 0:01:46 0. 0:02:03 18... 0:01:42 3. 0:02:04 19. 0:01:43 3. 0:02:05 19... 0:01:44 3. 0:02:05 20. 0:01:45,
Rated Blitz game,https://lichess.org/KcGb3N7R,2024.08.01,-,peoncuatrodedama,kaladinbro,0-1,2024.08.01,00:05:43,2068,2098,,,B98,Sicilian Defense: Najdorf Variation,180+2,Normal,"1. e4 1... c5 2. Nf3 2... d6 3. d4 3... cxd4 4. Nxd4 4... Nf6 5.
Nc3 5... a6 6. Bg5 6... e6 7. f4 7... Be7 8. Qe2 8... Qc7 9. O-O-O 9... Nbd7 10. g4 10...
Nb6 11. Bg2 11... Bd7 12. e5 12... dxe5 13. fxe5 13... Nfd5 14. Bxe7 14... Nxc3 15. bxc3 15... Kxe7 16. Qe3 16... Rhd8 17.
Rhf1 17... Nc4 18. Qg5 18... Kf8 19. Be4 19... Qb6 20. Nb3 20... Qe3 21. Qxe3 21... Nxe3 22. Bxb7 22... Rab8 23. Bxa6 23... Nxf1 24. Rxf1 24... Ra8 25. Nc5 25... Rxa6 26. Nxa6 26... Bb5 27.
Rd1 27... Rxd1 28. Kxd1 28... Bxa6 29. Kd2 29... Bc4 30. a4 30... Ke7 31. Ke3 31... Kd7 32.
Kd4 32... Bd5 33. Kc5 33... Be4 34. a5 34... Bxc2 35. a6 35... Be4 36.
a7 36... Kc7 37. h4 37... Kb7 38. Kd6 38... Bf3 39. Ke7 39... Bxg4 40.
Kxf7 40... g6 41. Kg7 41... h5 42. Kxg6 42... Kxa7 43. Kf6 43... Kb6 44.
Ke7 44... Kc5",1. 0:03:00 1... 0:03:00 2. 0:03:01 2... 0:03:00 3. 0:03:02 3... 0:03:00 4. 0:03:04 4... 0:03:00 5. 0:03:06 5... 0:03:01 6. 0:03:07 6... 0:03:01 7. 0:03:08 7... 0:03:02 8. 0:02:57 8... 0:02:57 9. 0:02:58 9... 0:02:57 10. 0:02:57 10... 0:02:50 11. 0:02:57 11... 0:02:50 12. 0:02:34 12... 0:02:39 13. 0:02:33 13... 0:02:38 14. 0:02:08 14... 0:02:27 15. 0:02:00 15... 0:02:26 16. 0:01:55 16... 0:02:11 17. 0:01:52 17... 0:01:53 18. 0:01:52 18... 0:01:50 19. 0:01:25 19... 0:01:20 20. 0:00:53 20... 0:01:21 21. 0:00:45 21... 0:01:23 22. 0:00:42 22... 0:00:53 23. 0:00:41 23... 0:00:51 24. 0:00:42 24... 0:00:50 25. 0:00:32 25... 0:00:50 26. 0:00:24 26... 0:00:51 27. 0:00:21 27... 0:00:50 28. 0:00:23 28... 0:00:51 29. 0:00:24 29... 0:00:46 30. 0:00:24 30... 0:00:47 31. 0:00:25 31... 0:00:46 32. 0:00:26 32... 0:00:47 33. 0:00:27 33... 0:00:44 34. 0:00:27 34... 0:00:45 35. 0:00:28 35... 0:00:46 36. 0:00:26 36... 0:00:46 37. 0:00:25 37... 0:00:37 38. 0:00:26 38... 0:00:25 39. 0:00:27 39... 0:00:24 40. 0:00:28 40... 0:00:24 41. 0:00:27 41... 0:00:22 42. 0:00:27 42... 0:00:23 43. 0:00:28 43... 0:00:24 44. 0:00:29 44... 0:00:26,
Rated Blitz game,https://lichess.org/LQM7TEp0,2024.08.01,-,CarlMagnusen1,HelderGirao,1-0,2024.08.01,00:05:43,1746,1797,,,C41,Philidor Defense,180+2,Normal,"1. e4 1... e5 2. Nf3 2... d6 3. Bc4 3... Be7 4. O-O 4... Nf6 5. Re1 5... O-O 6. h3 6... c5 7. c3 7... Be6 8. b3 8... Bxc4 9. bxc4 9...
Nc6 10. Qc2 10... Na5 11. d3 11... b6 12. Nbd2 12... h6 13. Nf1 13...
Nh7 14. Ne3 14... Bg5 15. Nd5 15... Nc6 16. Nd2 16... f5 17. Nf1 17...
f4 18. Qa4 18... Ne7 19. Nxe7 19... Qxe7 20. Nh2 20... h5 21. Nf3 21...
Bf6 22. Bb2 22... g5 23. Qc6 23... g4 24. Qd5 24... Kh8 25. hxg4 25... hxg4 26. Nd2 26... Qg7 27. Kf1 27... Qh6 28.
Ke2 28... Qh2 29. Rg1 29... Bh4 30. Raf1 30... f3 31. gxf3 31... gxf3 32. Nxf3 32... Qf4 33. Nxh4 33... Qxh4 34. Qxd6 34... Qf4 35. Bc1 35... Qf3 36. Ke1 36... Qxd3 37.
Qxd3",1. 0:03:00 1... 0:03:00 2. 0:03:01 2... 0:03:01 3. 0:03:02 3... 0:03:01 4. 0:03:02 4... 0:03:02 5. 0:03:03 5... 0:03:02 6. 0:03:03 6... 0:03:01 7. 0:03:04 7... 0:02:59 8. 0:02:59 8... 0:02:58 9. 0:03:00 9... 0:02:59 10. 0:02:55 10... 0:02:58 11. 0:02:56 11... 0:02:57 12. 0:02:51 12... 0:02:53 13. 0:02:52 13... 0:02:51 14. 0:02:52 14... 0:02:49 15. 0:02:52 15... 0:02:45 16. 0:02:52 16... 0:02:43 17. 0:02:49 17... 0:02:43 18. 0:02:34 18... 0:02:43 19. 0:02:28 19... 0:02:44 20. 0:02:18 20... 0:02:39 21. 0:02:19 21... 0:02:37 22. 0:02:11 22... 0:02:37 23. 0:02:10 23... 0:02:36 24. 0:02:11 24... 0:02:36 25. 0:02:09 25... 0:02:36 26. 0:02:09 26... 0:02:36 27. 0:02:05 27... 0:02:34 28. 0:02:06 28... 0:02:34 29. 0:02:03 29... 0:02:21 30. 0:01:58 30... 0:02:13 31. 0:01:56 31... 0:02:13 32. 0:01:55 32... 0:02:13 33. 0:01:46 33... 0:02:10 34. 0:01:39 34... 0:02:06 35. 0:01:21 35... 0:02:06 36. 0:01:20 36... 0:02:06 37. 0:01:20,
Rated Blitz game,https://lichess.org/FZjYdbMm,2024.08.01,-,serggio28,usagsm_87,0-1,2024.08.01,00:05:43,1347,1347,,,A40,Englund Gambit Complex Declined,180+2,Normal,"1. d4 1... e5 2. d5 2... d6 3. c4 3... Nf6 4. Nc3 4... c6 5. e4 5... cxd5 6. cxd5 6... Qa5 7. Bg5 7... Nxe4 8.
Bd2 8... Qb4 9. Nxe4 9... Qxe4 10. Be2 10... Qxg2 11. Bf3 11... Qg6 12.
Qb3 12... Be7 13. O-O-O 13... Na6 14. Qb5 14... Bd7 15. Qxb7 15... Rc8 16. Bc3 16... Nc5 17.
Qxa7 17... Nd3 18. Kd2 18... Nf4 19. Ba5 19... Rc2 20. Ke1 20... Nd3 21. Kf1 21... Rxf2",1. 0:03:00 1... 0:03:00 2. 0:02:50 2... 0:03:00 3. 0:02:52 3... 0:02:59 4. 0:02:52 4... 0:02:59 5. 0:02:53 5... 0:02:46 6. 0:02:52 6... 0:02:37 7. 0:02:51 7... 0:02:36 8. 0:02:43 8... 0:02:21 9. 0:02:39 9... 0:02:21 10. 0:02:39 10... 0:02:16 11. 0:02:39 11... 0:02:09 12. 0:02:32 12... 0:02:06 13. 0:02:27 13... 0:01:57 14. 0:02:28 14... 0:01:48 15. 0:02:28 15... 0:01:47 16. 0:02:25 16... 0:01:19 17. 0:02:12 17... 0:01:09 18. 0:02:03 18... 0:00:55 19. 0:01:46 19... 0:00:41 20. 0:01:38 20... 0:00:31 21. 0:01:31 21... 0:00:20,
Rated Blitz game,https://lichess.org/G7Chqw7U,2024.08.01,-,t23232323,mamonm,0-1,2024.08.01,00:05:43,1997,2008,,,C36,King's Gambit Accepted: Modern Defense,180+2,Normal,"1. e4 1... e5 2. f4 2... d5 3. exd5 3... exf4 4. Nf3 4... Bd6 5. Bc4 5... Nf6 6. O-O 6...
O-O 7. Nc3 7... Bg4 8.
d4 8... c5 9. dxc5 9... Bxc5 10. Kh1 10... Nbd7 11. Bxf4 11... a6 12.
Bg5 12... Qc7 13. Qd2 13... b5 14. Bf4 14... Qb6 15. Bd3 15... Nh5 16.
Ne4 16... Rfe8 17. Nxc5 17... Qxc5 18. b4 18... Qf8 19. Ng5 19... g6 20. Bd6 20... Qxd6 21.
Nxf7 21... Ng3 22. hxg3 22... Qxg3 23. Nh6 23... Kh8 24. Qc3 24... Ne5 25. Nf7 25... Kg7 26.
Nxe5 26... Rxe5 27. Rae1 27... Qh4 28. Kg1 28... Re8 29. d6 29... Qg3 30. d7 30... Bxd7 31.
Rxe5 31... Qxe5 32. Re1 32... Qxc3 33. Rxe8 33... Bxe8",1. 0:03:00 1... 0:03:00 2. 0:03:01 2... 0:03:00 3. 0:03:01 3... 0:03:00 4. 0:03:01 4... 0:03:01 5. 0:03:01 5... 0:03:01 6. 0:03:03 6... 0:02:57 7. 0:03:02 7... 0:02:52 8. 0:03:01 8... 0:02:50 9. 0:02:56 9... 0:02:50 10. 0:02:56 10... 0:02:43 11. 0:02:56 11... 0:02:35 12. 0:02:31 12... 0:02:23 13. 0:02:08 13... 0:02:16 14. 0:01:57 14... 0:02:15 15. 0:01:48 15... 0:01:55 16. 0:01:41 16... 0:01:36 17. 0:01:33 17... 0:01:35 18. 0:01:27 18... 0:01:20 19. 0:01:03 19... 0:00:58 20. 0:00:31 20... 0:00:47 21. 0:00:23 21... 0:00:23 22. 0:00:19 22... 0:00:24 23. 0:00:19 23... 0:00:22 24. 0:00:19 24... 0:00:20 25. 0:00:16 25... 0:00:20 26. 0:00:14 26... 0:00:19 27. 0:00:10 27... 0:00:19 28. 0:00:10 28... 0:00:09 29. 0:00:10 29... 0:00:06 30. 0:00:06 30... 0:00:06 31. 0:00:02 31... 0:00:06 32. 0:00:03 32... 0:00:05 33. 0:00:03 33... 0:00:06,
Rated Blitz game,https://lichess.org/ixEIXnyy,2024.08.01,-,am_bagheri,Muhannad2422,0-1,2024.08.01,00:05:43,1117,1121,,,B00,Owen Defense,180+2,Normal,"1. e4 1... b6 2. d4 2... Bb7 3. d5 3... g6 4. c4 4... Bg7 5. Qb3 5... d6 6. Qb5 6... Nd7 7. Bd3 7... e6 8. Nf3 8... Ne7 9. O-O 9...
O-O 10. dxe6 10... fxe6 11. Ng5 11... a6 12.
Qb3 12... Nc5 13. Qd1 13... d5 14. exd5 14... exd5 15. cxd5 15... Qxd5 16. Bc4 16... Qxc4 17. Ne6 17... Qxe6 18. Qd6 18... Qxd6 19. Rd1 19... Qxd1",1. 0:03:00 1... 0:03:00 2. 0:03:02 2... 0:03:02 3. 0:03:03 3... 0:03:04 4. 0:03:04 4... 0:03:06 5. 0:02:51 5... 0:03:07 6. 0:02:49 6... 0:03:08 7. 0:02:34 7... 0:03:04 8. 0:02:30 8... 0:03:00 9. 0:02:29 9... 0:03:01 10. 0:02:17 10... 0:03:02 11. 0:02:18 11... 0:03:02 12. 0:01:58 12... 0:03:03 13. 0:01:47 13... 0:02:56 14. 0:01:37 14... 0:02:57 15. 0:01:27 15... 0:02:57 16. 0:01:20 16... 0:02:49 17. 0:01:07 17... 0:02:50 18. 0:01:04 18... 0:02:50 19. 0:01:05 19... 0:02:48,
Rated Blitz game,https://lichess.org/C0VYsgRK,2024.08.01,-,cwang,Lionel2117863488,0-1,2024.08.01,00:05:43,1308,1312,,,C00,French Defense: Knight Variation,180+2,Time forfeit,"1. e4 1... e6 2. Nf3 2... d5 3. e5 3... c5 4. Bb5 4... Nc6 5. d4 5...
Qb6 6. Nc3 6... a6 7. Bxc6 7... Qxc6 8.
Bg5 8... Ne7 9.
Qd2 9... Qb6 10. Na4 10... Qb4 11. Qxb4 11...
cxb4 12. b3 12... Nc6 13. Nc5 13... b6 14. Na4 14... b5 15. Nb6 15... Rb8 16. Nxc8 16... Rxc8 17. h4 17... h6 18. Be3 18...
Be7 19. O-O-O 19... O-O 20. g4 20... a5 21. g5 21... hxg5 22. hxg5 22... f6 23.
Rh5 23... fxe5 24. dxe5 24... Rxf3 25. Rdh1 25... Kf7 26.
Rg1 26... g6 27. Rh7 27... Ke8 28. Rh8 28... Kd7 29.
Rh6 29... Rg8 30. a4 30... bxa3",1. 0:03:00 0. 0:03:00 1... 0:03:01 0. 0:03:01 2. 0:03:03 0. 0:02:55 2... 0:02:55 0. 0:02:55 3. 0:02:53 0. 0:02:55 3... 0:02:48 0. 0:02:55 4. 0:02:49 0. 0:02:56 4... 0:02:47 0. 0:02:55 5. 0:02:31 0. 0:02:47 5... 0:02:18 0. 0:02:39 6. 0:02:00 0. 0:02:41 6... 0:02:00 0. 0:02:40 7. 0:02:02 0. 0:02:19 7... 0:01:55 0. 0:02:04 8. 0:01:53 0. 0:02:05 8... 0:01:51 0. 0:02:06 9. 0:01:25 0. 0:02:01 9... 0:01:26 0. 0:02:01 10. 0:01:18 0. 0:01:59 10... 0:01:20 0. 0:01:58 11. 0:01:20 0. 0:01:33 11... 0:01:19 0. 0:01:30 12. 0:01:15 0. 0:01:25 12... 0:01:01 0. 0:01:17 13. 0:01:02 1. 0:01:09 13... 0:00:49 0. 0:01:00 14. 0:00:49 0. 0:00:55 14... 0:00:46 0. 0:00:56 15. 0:00:43 0. 0:00:52 15... 0:00:17 0. 0:00:50,
Rated Blitz game,https://lichess.org/1ZMJ9cU8,2024.08.01,-,anasghanem,topcatharp,1-0,2024.08.01,00:05:43,1432,1420,,,C58,"Italian Game: Two Knights Defense, Polerio Defense",180+2,Normal,"1. e4 1... e5 2. Nf3 2... Nc6 3. Bc4 3... Nf6 4. Ng5 4... d5 5. exd5 5... Na5 6. Bd3 6...
h6 7. Nxf7 7... Kxf7 8. b4 8... e4 9. Be2 9... Qxd5 10. bxa5 10... Qxa5 11. Bh5 11... g6 12.
Be2 12... Bg7 13. O-O 13... Re8 14. d4 14... b6 15. Bd2 15... Qd5 16.
Nc3 16... Qxd4 17. Rb1 17... Rd8 18. Be3 18... Qxd1 19. Rbxd1 19... Rxd1 20. Rxd1 20... Bb7 21. Bc4 21... Ke8 22. Nb5 22... Kf8 23. Nxc7 23... Rc8 24. Ne6 24... Kf7 25.
Rd7 25... Kg8 26. Rxb7 26... Rxc4 27. Rxg7 27... Kh8 28. Bxh6 28... Rb4 29. h3 29... Rb2 30.
Rxg6 30... Nd5 31. Bg7 31... Kh7 32. Rh6 32... Kg8 33. Rh8 33... Kf7 34. Rh6 34... Rxc2 35.
Bd4 35... Rxa2 36. Ng5 36... Ke7 37. Nxe4 37... Nf4 38. Rh7 38... Ke8 39. Nd6 39... Kf8 40.
Rh8 40... Ke7 41. Nc8 41... Kd7 42. Be5 42... Nd3 43. Bd4 43... Nf4 44. Kh2 44... Rc2 45.
Nxa7 45... Rd2 46. Bxb6 46... Nd5 47. Rh7 47... Ke6 48. Rh6 48... Ke5 49. Bd8 49... Nf4 50.
Nc6 50... Kf5 51. Rf6 51... Ke4 52. f3 52... Ke3 53. Bb6 53... Kd3 54. Rxf4",1. 0:03:00 1... 0:03:00 2. 0:03:01 2... 0:03:00 3. 0:03:03 3... 0:02:59 4. 0:03:03 4... 0:03:00 5. 0:03:04 5... 0:03:01 6. 0:03:01 6... 0:02:59 7. 0:03:00 7... 0:02:58 8. 0:03:02 8... 0:02:42 9. 0:02:59 9... 0:02:29 10. 0:02:59 10... 0:02:26 11. 0:03:00 11... 0:02:25 12. 0:02:57 12... 0:02:25 13. 0:02:58 13... 0:02:25 14. 0:02:54 14... 0:02:18 15. 0:02:50 15... 0:02:19 16. 0:02:44 16... 0:02:16 17. 0:02:38 17... 0:02:08 18. 0:02:23 18... 0:02:08 19. 0:02:20 19... 0:02:09 20. 0:02:22 20... 0:02:08 21. 0:02:23 21... 0:01:53 22. 0:02:21 22... 0:01:45 23. 0:02:20 23... 0:01:46 24. 0:02:17 24... 0:01:39 25. 0:02:07 25... 0:01:36 26. 0:01:59 26... 0:01:35 27. 0:01:58 27... 0:01:35 28. 0:01:53 28... 0:01:32 29. 0:01:52 29... 0:01:24 30. 0:01:53 30... 0:01:18 31. 0:01:49 31... 0:01:19 32. 0:01:50 32... 0:01:18 33. 0:01:49 33... 0:01:19 34. 0:01:46 34... 0:01:14 35. 0:01:33 35... 0:01:07 36. 0:01:28 36... 0:01:01 37. 0:01:25 37... 0:00:58 38. 0:01:17 38... 0:00:56 39. 0:01:15 39... 0:00:56 40. 0:01:12 40... 0:00:55 41. 0:01:08 41... 0:00:52 42. 0:01:05 42... 0:00:49 43. 0:01:00 43... 0:00:45 44. 0:00:49 44... 0:00:39 45. 0:00:49 45... 0:00:32 46. 0:00:50 46... 0:00:31 47. 0:00:50 47... 0:00:30 48. 0:00:44 48... 0:00:29 49. 0:00:41 49... 0:00:24 50. 0:00:41 50... 0:00:23 51. 0:00:38 51... 0:00:22 52. 0:00:34 52... 0:00:22 53. 0:00:34 53... 0:00:22 54. 0:00:33,
Rated Blitz game,https://lichess.org/iyvJ6v48,2024.08.01,-,Esmailelsheikh,Totti20500,0-1,2024.08.01,00:06:04,1875,1856,,,B10,Caro-Kann Defense,180+2,Normal,"1. e4 1... c6 2. Nf3 2... d5 3. exd5 3... cxd5 4. d4 4... Bg4 5. c4 5... Nf6 6. Bd3 6...
dxc4 7. Bxc4 7... e6 8. O-O 8... Bxf3 9. Qxf3 9... Nc6 10. Bg5 10...
Be7 11. Be3 11... O-O 12. Nc3 12... Rc8 13. Bb3 13... Nxd4 14. Bxd4 14... Qxd4 15. Rad1 15... Qb6 16. h3 16... Rfd8 17.
Rde1 17... Bb4 18. Rb1 18... Bxc3 19. bxc3 19... Qc6 20. Qg3 20... Ne4 21.
Qh4 21... Nd2 22. Bc2 22... g6 23. Rbd1 23... Nxf1 24. Rxd8 24... Rxd8 25. Qxd8 25... Kg7 26. Qd4 26... Kf8 27. Kxf1 27... Qa6 28. Bd3 28... Qxa2 29. Qb4 29... Kg7 30.
g3 30... a5 31. Qxb7 31... Qa1 32. Kg2 32... Qxc3 33. Qd7 33... a4 34.
Be4 34... a3 35. Qa7 35... Qb2 36. h4 36... a2 37. Qd4 37... Qxd4",1. 0:03:00 1... 0:03:00 2. 0:03:01 2... 0:03:02 3. 0:03:02 3... 0:03:04 4. 0:03:04 4... 0:03:05 5. 0:03:05 5... 0:03:06 6. 0:03:06 6... 0:03:05 7. 0:03:07 7... 0:03:06 8. 0:03:06 8... 0:03:00 9. 0:03:06 9... 0:02:59 10. 0:03:03 10... 0:02:58 11. 0:02:53 11... 0:02:54 12. 0:02:53 12... 0:02:52 13. 0:02:52 13... 0:02:43 14. 0:02:51 14... 0:02:43 15. 0:02:50 15... 0:02:24 16. 0:02:49 16... 0:02:17 17. 0:02:44 17... 0:02:13 18. 0:02:38 18... 0:02:09 19. 0:02:39 19... 0:02:09 20. 0:02:31 20... 0:02:00 21. 0:02:25 21... 0:01:55 22. 0:02:24 22... 0:01:51 23. 0:02:21 23... 0:01:50 24. 0:02:22 24... 0:01:44 25. 0:02:23 25... 0:01:45 26. 0:02:18 26... 0:01:26 27. 0:02:19 27... 0:01:19 28. 0:02:18 28... 0:01:20 29. 0:02:20 29... 0:01:19 30. 0:02:08 30... 0:01:17 31. 0:02:04 31... 0:01:15 32. 0:02:03 32... 0:01:16 33. 0:01:53 33... 0:01:14 34. 0:01:43 34... 0:01:12 35. 0:01:44 35... 0:01:06 36. 0:00:48 36... 0:01:03 37. 0:00:49 37... 0:01:03,
Rated Blitz game,https://lichess.org/9r1GlL23,2024.08.01,-,ghatei,Aram25Avetisyan,1-0,2024.08.01,00:06:05,1299,1265,,,B10,Caro-Kann Defense: Hillbilly Attack,180+2,Normal,"1. e4 1... c6 2. Bc4 2... d5 3. exd5 3... cxd5 4. Bb3 4... Nc6 5. d4 5... Nf6 6. h3 6... e5 7. dxe5 7... Nxe5 8.
Nf3 8... Nxf3 9. Qxf3 9... Bc5 10. O-O 10... O-O 11. Bg5 11... Bd4 12.
c3 12... Be5 13. Re1 13... Re8 14. Nd2 14... b6 15. Bxf6 15... Bxf6 16. Rxe8 16... Qxe8 17. Bxd5 17... Qb5 18. Bxa8 18... Qxb2 19. Qd1 19... Bxc3 20. Nb3 20... Ba6 21.
Qd8",1. 0:03:00 1... 0:03:00 2. 0:03:01 2... 0:03:00 3. 0:03:01 3... 0:03:01 4. 0:03:03 4... 0:03:00 5. 0:03:04 5... 0:03:01 6. 0:03:05 6... 0:03:02 7. 0:03:05 7... 0:03:02 8. 0:02:59 8... 0:03:00 9. 0:02:59 9... 0:02:54 10. 0:02:59 10... 0:02:54 11. 0:02:58 11... 0:02:51 12. 0:02:58 12... 0:02:46 13. 0:02:57 13... 0:02:46 14. 0:02:51 14... 0:02:04 15. 0:02:44 15... 0:02:01 16. 0:02:44 16... 0:02:01 17. 0:02:39 17... 0:01:54 18. 0:02:35 18... 0:01:54 19. 0:02:25 19... 0:01:47 20. 0:02:20 20... 0:01:25 21. 0:02:15,
Rated Blitz game,https://lichess.org/L3lrzutP,2024.08.01,-,Santi_Campillo,dmitriy19672102,1-0,2024.08.01,00:06:13,1840,1842,,,D10,Slav Defense: Exchange Variation,180+2,Normal,"1. c4 1... c6 2. d4 2... d5 3. cxd5 3... cxd5 4. Nc3 4... Nc6 5. Nf3 5... Bg4 6. g3 6... e6 7. Bg2 7... Bb4 8. O-O 8... Nf6 9. e3 9...
Qd6 10. Qb3 10... a6 11. a3 11... Bxc3 12. bxc3 12... b5 13. Bb2 13...
O-O 14. h3 14... Bf5 15. Rfd1 15... Na5 16. Qa2 16... Bc2 17. Rd2 17... Bb3 18. Qb1 18... Nc4 19. Rd3 19... Ne4 20.
Bc1 20... g5 21. Qxb3 21... h5 22. Nd2 22... Nxg3 23. fxg3 23... Qxg3 24. Nf3 24... g4 25. hxg4 25... hxg4 26. Ne5 26... f6 27. Nd7 27... Rf7 28. Nc5 28... Rh7 29.
Kf1 29... Rh2 30. Qc2 30... Kf7 31. e4 31... Qd6 32. exd5 32... exd5 33. Bxd5 33... Qxd5 34. Qxh2 34... Qf5 35. Qf2 35... Qxd3 36. Nxd3 36... Re8 37. Bf4 37... Re4",1. 0:03:00 1... 0:03:00 2. 0:03:01 2... 0:03:01 3. 0:03:01 3... 0:03:02 4. 0:03:02 4... 0:03:04 5. 0:03:03 5... 0:03:04 6. 0:03:03 6... 0:03:04 7. 0:03:04 7... 0:03:05 8. 0:03:05 8... 0:03:07 9. 0:03:00 9... 0:02:51 10. 0:02:53 10... 0:02:49 11. 0:02:47 11... 0:02:41 12. 0:02:46 12... 0:02:41 13. 0:02:45 13... 0:02:41 14. 0:02:43 14... 0:02:38 15. 0:02:40 15... 0:02:39 16. 0:02:39 16... 0:02:33 17. 0:02:35 17... 0:02:12 18. 0:02:33 18... 0:02:12 19. 0:02:26 19... 0:02:05 20. 0:02:22 20... 0:01:38 21. 0:02:21 21... 0:01:28 22. 0:02:12 22... 0:01:15 23. 0:02:10 23... 0:01:16 24. 0:01:54 24... 0:01:11 25. 0:01:53 25... 0:01:11 26. 0:01:50 26... 0:01:07 27. 0:01:45 27... 0:01:02 28. 0:01:44 28... 0:01:01 29. 0:01:40 29... 0:00:33 30. 0:01:30 30... 0:00:28 31. 0:01:30 31... 0:00:21 32. 0:01:30 32... 0:00:19 33. 0:01:21 33... 0:00:20 34. 0:01:21 34... 0:00:18 35. 0:01:20 35... 0:00:18 36. 0:01:20 36... 0:00:16 37. 0:01:18 37... 0:00:15,
Rated Blitz game,https://lichess.org/ohsjwxfk,2024.08.01,-,sripradeep,wolfensteiner,1-0,2024.08.01,00:06:14,1825,1835,,,B05,"Alekhine Defense: Modern Variation, Main Line",180+2,Time forfeit,"1. e4 1... Nf6 2. e5 2... Nd5 3. d4 3... d6 4. Nf3 4... Bg4 5. exd6 5... cxd6 6. Be2 6...
Nc6 7. c3 7... g6 8.
O-O 8... Bg7 9. h3 9... Bd7 10. Nbd2 10... O-O 11. Ne4 11... Rc8 12.
Bc4 12... Nf6 13. Nxf6 13... Bxf6 14. Bb3 14... b5 15. Bh6 15... Re8 16. Ng5 16... e6 17.
d5 17... Bxg5 18. Bxg5 18... Qxg5 19. dxc6 19... Bxc6 20. Qg4 20... Qc5 21.
Rad1 21... a5 22. Bc2 22... f5 23. Qe2 23... e5 24. Rd3 24... b4 25.
cxb4 25... Qxb4 26. Bb3 26... Kg7 27. Rfd1 27... a4 28. Bd5 28... Bb5 29. a3 29... Qa5 30.
Qd2 30... Qxd2 31. R3xd2 31... Rcd8 32. Ba2",1. 0:03:00 1... 0:03:00 2. 0:02:58 2... 0:03:01 3. 0:02:58 3... 0:03:01 4. 0:02:56 4... 0:02:57 5. 0:02:52 5... 0:02:57 6. 0:02:53 6... 0:02:55 7. 0:02:53 7... 0:02:41 8. 0:02:51 8... 0:02:41 9. 0:02:41 9... 0:02:36 10. 0:02:30 10... 0:02:26 11. 0:02:23 11... 0:02:11 12. 0:02:01 12... 0:02:00 13. 0:01:59 13... 0:01:59 14. 0:01:59 14... 0:01:51 15. 0:01:59 15... 0:01:48 16. 0:01:52 16... 0:01:46 17. 0:01:49 17... 0:01:43 18. 0:01:47 18... 0:01:40 19. 0:01:48 19... 0:01:39 20. 0:01:33 20... 0:01:29 21. 0:01:23 21... 0:01:24 22. 0:01:12 22... 0:01:13 23. 0:01:07 23... 0:01:04 24. 0:00:51 24... 0:00:53 25. 0:00:50 25... 0:00:48 26. 0:00:43 26... 0:00:45 27. 0:00:41 27... 0:00:38 28. 0:00:29 28... 0:00:36 29. 0:00:13 29... 0:00:30 30. 0:00:08 30... 0:00:20 31. 0:00:10 31... 0:00:10 32. 0:00:09,
Rated Blitz game,https://lichess.org/BeejA7Gz,2024.08.01,-,aqua_21,Sinungbsk,1-0,2024.08.01,00:06:14,1490,1527,,,D22,Queen's Gambit Accepted: Alekhine Defense,180+2,Time forfeit,"1. d4 1... d5 2. c4 2... dxc4 3. Nf3 3... a6 4. Nc3 4... b5 5. a4 5... c6 6. axb5 6...
cxb5 7. Nxb5 7... Bb7 8. Nc3 8... Qc7 9. Bg5 9... e6 10. e3 10... Bb4 11. Qa4 11... Nc6 12. Bxc4 12...
Bxc3 13. bxc3 13... f6 14.
Bf4 14... Qd7 15. O-O 15... Nge7 16. Rab1 16...
O-O 17. Rb6 17... Nc8 18. Rb3 18... Kh8 19.
Rfb1 19... Ra7 20. Bxe6 20... Qxe6 21. Rxb7 21...
Rxb7 22. Rxb7 22... N8e7 23. Qxa6 23... Rc8 24. h3 24... Nd5 25. Rb6 25... Nxb6 26. Qxb6 26... h6 27.
Qa6 27... Nd8 28. Qa5 28...
Qc4 29. Bd6 29... Qxc3 30.
Qb6 30... Nf7 31. Be7 31...
Qe1 32. Nxe1 32... Rc1 33.
Kf1 33... Ng5 34. Qb8 34... Kh7 35. Qb7 35...
Kg6 36. Bxf6 36... gxf6 37. Qb2 37... Rc6 38.
Qb5 38... Rd6 39. Qe8 39... Nf7 40. g3 40...
Kg7 41. Kg2 41... h5 42. Nf3 42... Nh8 43.
Qe7 43... Nf7 44. Nh4 44... Rb6 45. Nf5 45...
Kg6 46. Nh4 46... Kg7 47. g4 47... hxg4 48.
hxg4 48... Rb5 49. Kg3 49... Ra5 50. f3 50...
Ra1 51. Ng2 51... Rh1 52. e4 52... Re1 53.
d5 53... Rd1 54. Nf4 54...
Rd2 55. Ne6 55... Kg6 56. Nf8 56... Kg7 57. Ne6 57... Kg6 58. Kf4 58... Rd1 59. g5 59... fxg5 60.
Ke3 60... Ra1 61.
Qe8 61... Ra3 62. Kf2 62... Ra2 63. Kg3 63...
Ra1 64. Nxg5 64... Rg1 65.
Kf2 65... Rxg5 66. Qe6 66... Kg7 67. Qe7 67...
Rg6 68. Ke3 68... Rd6 69. f4 69... Ra6 70.
Kd4 70... Ra4 71. Ke3 71... Ra3 72. Kf2 72... Rh3 73. e5 73... Rh4 74.
Ke3 74... Rh3 75. Ke4 75... Rh1 76. e6 76... Re1 77. Kf5",1. 0:03:00 0. 0:03:00 1... 0:03:02 0. 0:03:01 2. 0:03:03 0. 0:03:01 2... 0:03:05 0. 0:03:02 3. 0:02:55 0. 0:03:03 3... 0:02:56 0. 0:03:03 4. 0:02:57 0. 0:02:54 4... 0:02:55 0. 0:02:51 5. 0:02:51 0. 0:02:48 5... 0:02:51 1. 0:02:47 6. 0:02:50 1. 0:02:44 6... 0:02:43 1. 0:02:41 7. 0:02:45 1. 0:02:35 7... 0:02:44 1. 0:01:57 8. 0:02:15 1. 0:01:57 8... 0:02:09 1. 0:01:52 9. 0:02:01 1. 0:01:31 9... 0:01:55 1. 0:01:30 10. 0:01:54 1. 0:01:14 10... 0:01:27 2. 0:01:12 11. 0:01:26 2. 0:01:12 11... 0:01:28 2. 0:01:03 12. 0:01:24 2. 0:01:01 12... 0:01:14 3. 0:01:02 13. 0:01:01 2. 0:01:01 13... 0:01:01 4. 0:01:01 14. 0:00:46 4. 0:00:58 14... 0:00:31 3. 0:00:56 15. 0:00:17 4. 0:00:55 15... 0:00:13 3. 0:00:48 16. 0:00:12 3. 0:00:42 16... 0:00:12 3. 0:00:32 17. 0:00:12 3. 0:00:31 17... 0:00:11 4. 0:00:32 18. 0:00:11 3. 0:00:30 18... 0:00:11 4. 0:00:29 19. 0:00:10 4. 0:00:29 19... 0:00:06 4. 0:00:29 20. 0:00:06 4. 0:00:26 20... 0:00:05 4. 0:00:25 21. 0:00:06 4. 0:00:24 21... 0:00:06 4. 0:00:16 22. 0:00:07 4. 0:00:15 22... 0:00:08 4. 0:00:13 23. 0:00:08 3. 0:00:13 23... 0:00:03 5. 0:00:14 24. 0:00:04 3. 0:00:14 24... 0:00:06 3. 0:00:14 25. 0:00:08 1. 0:00:13 25... 0:00:09 1. 0:00:13 26. 0:00:09 1. 0:00:10 26... 0:00:09 2. 0:00:09 27. 0:00:10 0. 0:00:09 27... 0:00:09 1. 0:00:06 28. 0:00:10 1. 0:00:06 28... 0:00:10 2. 0:00:07 29. 0:00:10 0. 0:00:07 29... 0:00:10 0. 0:00:07 30. 0:00:09 0. 0:00:06 30... 0:00:08 0. 0:00:05 31. 0:00:06 0. 0:00:05 31... 0:00:06 7. 0:00:06 32. 0:00:08 7. 0:00:07 32... 0:00:08 7. 0:00:02 33. 0:00:09 7. 0:00:03 33... 0:00:10 7. 0:00:03 34. 0:00:10 7. 0:00:03 34... 0:00:11 7. 0:00:03 35. 0:00:11 7. 0:00:03 35... 0:00:12 8. 0:00:04 36. 0:00:14 6. 0:00:04 36... 0:00:15 6. 0:00:05 37. 0:00:14 6. 0:00:05 37... 0:00:15 8. 0:00:05 38. 0:00:16 6. 0:00:05 38... 0:00:17 7. 0:00:04 39. 0:00:18,
Rated Blitz game,https://lichess.org/BufxIaCN,2024.08.01,-,motorman0706,mcorelo,1-0,2024.08.01,00:06:14,2172,2149,,,A09,Réti Opening,180+2,Normal,"1. Nf3 1... d5 2. c4 2... c6 3. g3 3... Nf6 4. Bg2 4... dxc4 5. a4 5... b5 6. O-O 6... e6 7. b3 7... cxb3 8. axb5 8... cxb5 9. Qxb3 9...
a6 10. Ne5 10... Nd5 11. Nc3 11... Bb7 12. Nxb5 12... Qb6 13. Nd6 13... Bxd6 14. Qxb6 14... Nxb6 15. Bxb7 15... Bxe5 16. Rb1 16... N8d7 17. Bxa8 17... Nxa8 18. Ba3 18... Bf6 19. Rfc1 19... Nab6 20. Rc6 20... Be7 21.
Rcxb6 21... Nxb6 22. Rxb6 22... Bd8 23. Rxa6 23... Kd7 24. Ra7 24... Ke8 25. d4 25... h5 26.
Ra8 26... Kd7 27. Bc5 27... h4 28. Ra7 28... Kc6 29. Rxf7 29... hxg3 30. hxg3 30... Bf6 31. e4 31... e5 32. dxe5 32... Bxe5 33. Be3 33... Ra8 34. Kg2 34... Ra2 35.
Rf5 35... Bf6 36. e5 36... Be7 37. Rf7 37... Kd7 38. Bg5",1. 0:03:00 1... 0:03:00 2. 0:03:01 2... 0:02:56 3. 0:03:01 3... 0:02:56 4. 0:03:02 4... 0:02:57 5. 0:03:00 5... 0:02:54 6. 0:03:00 6... 0:02:54 7. 0:03:01 7... 0:02:52 8. 0:03:00 8... 0:02:49 9. 0:02:59 9... 0:02:50 10. 0:02:57 10... 0:02:37 11. 0:02:54 11... 0:02:37 12. 0:02:48 12... 0:02:37 13. 0:02:31 13... 0:02:28 14. 0:02:29 14... 0:02:28 15. 0:02:28 15... 0:02:27 16. 0:02:08 16... 0:02:25 17. 0:02:05 17... 0:02:25 18. 0:02:05 18... 0:02:11 19. 0:02:03 19... 0:01:52 20. 0:01:56 20... 0:01:41 21. 0:01:30 21... 0:01:37 22. 0:01:29 22... 0:01:24 23. 0:01:28 23... 0:01:21 24. 0:01:25 24... 0:01:21 25. 0:01:21 25... 0:01:19 26. 0:01:13 26... 0:01:20 27. 0:01:09 27... 0:01:17 28. 0:01:10 28... 0:01:15 29. 0:01:08 29... 0:01:15 30. 0:01:09 30... 0:01:15 31. 0:01:03 31... 0:01:13 32. 0:00:55 32... 0:01:07 33. 0:00:54 33... 0:01:01 34. 0:00:54 34... 0:01:02 35. 0:00:52 35... 0:01:00 36. 0:00:52 36... 0:01:00 37. 0:00:52 37... 0:01:00 38. 0:00:43,
Rated Blitz game,https://lichess.org/vTnPek87,2024.08.01,-,Einstein110,Flowmotion95,1-0,2024.08.01,00:06:14,1700,1662,,,B01,Scandinavian Defense,180+2,Normal,"1. e4 1... d5 2. Nc3 2... dxe4 3. Nxe4 3... Bf5 4. Ng3 4... e6 5. Nxf5 5... exf5 6. d4 6...
g6 7. c3 7... Nf6 8.
Nf3 8... Be7 9. Bc4 9... O-O 10. Bg5 10... Nbd7 11. Qb3 11... b6 12.
O-O-O 12... a5 13. Ne5 13... Qe8 14. Rde1 14... a4 15. Qc2 15... Qd8 16.
Nc6 16... Qb8 17. Nxb8",1. 0:03:00 1... 0:03:00 2. 0:03:01 2... 0:03:01 3. 0:02:59 3... 0:03:02 4. 0:02:59 4... 0:03:03 5. 0:02:59 5... 0:03:05 6. 0:02:59 6... 0:03:06 7. 0:02:59 7... 0:03:07 8. 0:03:00 8... 0:03:09 9. 0:03:00 9... 0:03:09 10. 0:03:00 10... 0:03:09 11. 0:02:58 11... 0:03:08 12. 0:02:58 12... 0:03:08 13. 0:02:55 13... 0:03:03 14. 0:02:53 14... 0:03:03 15. 0:02:53 15... 0:02:54 16. 0:02:44 16... 0:02:32 17. 0:02:44,
Rated Blitz game,https://lichess.org/a1cCKrPz,2024.08.01,-,Indisguise_uk,Dottore-JP73,1-0,2024.08.01,00:06:14,2016,2036,,,A46,Indian Defense: Spielmann-Indian,180+2,Time forfeit,"1. d4 1... Nf6 2. Nf3 2... c5 3. c3 3... d5 4. Bf4 4... cxd4 5. cxd4 5... Bg4 6. Nc3 6...
Bxf3 7. gxf3 7... e6 8. e4 8... Nc6 9. Bb5 9... Qb6 10. Be3 10... g6 11. O-O 11... Bg7 12.
e5 12... Nd7 13. Qd2 13... h5 14. Rac1 14... a6 15. Bxc6 15... bxc6 16. Bg5 16... Rb8 17. b3 17... c5 18. Na4 18...
Qb4 19. Nxc5 19... Nxc5 20. Rxc5 20... O-O 21.
Rfc1 21... Qb6 22. Rc6 22... Qb7 23. Rc7 23... Qb6 24. Be7 24... Rfe8 25.
Bd6 25... Rb7 26. R7c6 26... Qb5 27. Rc8 27... Rxc8 28. Rxc8 28... Kh7 29. Qc2 29... Rb6 30. Rc7 30... Rb7 31. Rc8 31... Bh6 32. Kg2 32... Qa5 33. b4 33... Qb5 34.
a4 34... Qd7 35. a5 35... Bd2 36. Rc7 36... Rxc7 37. Bxc7 37... Bxb4 38. Bb6 38... Be1 39. f4 39... Qb5 40. Qc7 40... Qe8 41. Qb7 41... Bd2 42. Qxa6 42... Bxf4 43. Qb7 43... Kg7 44. a6 44... Qd8 45. Bxd8",1. 0:03:00 1... 0:03:00 2. 0:03:00 2... 0:03:01 3. 0:02:58 3... 0:02:59 4. 0:02:59 4... 0:02:58 5. 0:02:58 5... 0:02:51 6. 0:02:56 6... 0:02:45 7. 0:02:57 7... 0:02:47 8. 0:02:53 8... 0:02:21 9. 0:02:53 9... 0:02:14 10. 0:02:40 10... 0:01:52 11. 0:02:36 11... 0:01:49 12. 0:02:32 12... 0:01:45 13. 0:02:33 13... 0:01:43 14. 0:02:18 14... 0:01:41 15. 0:02:13 15... 0:01:41 16. 0:02:09 16... 0:01:39 17. 0:02:09 17... 0:01:28 18. 0:02:06 18... 0:01:13 19. 0:01:56 19... 0:00:39 20. 0:01:51 20... 0:00:14 21. 0:01:45 21... 0:00:02 22. 0:01:44 22... 0:00:03 23. 0:01:39 23... 0:00:04 24. 0:01:37 24... 0:00:04 25. 0:01:32 25... 0:00:03 26. 0:01:30 26... 0:00:04 27. 0:01:15 27... 0:00:03 28. 0:01:17 28... 0:00:04 29. 0:01:04 29... 0:00:03 30. 0:00:59 30... 0:00:04 31. 0:00:55 31... 0:00:03 32. 0:00:42 32... 0:00:04 33. 0:00:38 33... 0:00:04 34. 0:00:33 34... 0:00:04 35. 0:00:24 35... 0:00:04 36. 0:00:12 36... 0:00:05 37. 0:00:13 37... 0:00:04 38. 0:00:13 38... 0:00:04 39. 0:00:13 39... 0:00:04 40. 0:00:12 40... 0:00:04 41. 0:00:10 41... 0:00:04 42. 0:00:08 42... 0:00:06 43. 0:00:09 43... 0:00:06 44. 0:00:10 44... 0:00:07 45. 0:00:10,
Rated Blitz game,https://lichess.org/20uXK3M9,2024.08.01,-,mapchess,xiaomiruirui,0-1,2024.08.01,00:06:14,1138,1136,,,D00,Queen's Pawn Game: Chigorin Variation,180+2,Normal,"1. d4 1... d5 2. Nc3 2... Nc6 3. e3 3... e5 4. Bb5 4...
Bd7 5. Bxc6 5... Bxc6 6.
dxe5 6... Qe7 7. Nf3 7...
O-O-O 8. O-O 8... h5 9. h3 9... Bd7 10.
Nxd5 10... Qc5 11. Nf4 11... g5 12. Nd3 12... Qe7 13. e4 13... g4 14.
Bg5 14... f6 15. exf6 15... Nxf6 16. e5 16... Bg7 17. Re1 17...
Qf8 18. exf6 18... Bxf6 19. Bxf6 19... Qxf6 20.
Nfe5 20... gxh3 21. Nxd7 21... Rxd7 22. g3 22...
Qc6 23. Kh2 23... Qg2",1. 0:03:00 0. 0:03:00 1... 0:03:00 0. 0:02:56 2. 0:03:01 0. 0:02:56 2... 0:03:00 0. 0:02:54 3. 0:02:54 0. 0:02:56 3... 0:02:55 0. 0:02:57 4. 0:02:54 0. 0:02:58 4... 0:02:55 0. 0:02:58 5. 0:02:43 0. 0:02:58 5... 0:02:34 0. 0:02:42 6. 0:02:19 2. 0:02:30 6... 0:02:09 0. 0:02:23 7. 0:02:03 1. 0:02:20 7... 0:01:59 1. 0:02:07 8. 0:01:56 1. 0:02:05 8... 0:01:41 1. 0:01:43 9. 0:01:28 0. 0:01:29 9... 0:01:24 2. 0:01:28 10. 0:01:14 2. 0:01:28 10... 0:01:04 3. 0:01:16 11. 0:01:02 1. 0:01:07 11... 0:01:00 2. 0:00:46 12. 0:00:55 0. 0:00:41,
Rated Blitz game,https://lichess.org/WmvTXpyp,2024.08.01,-,yoanpg,mikesax,0-1,2024.08.01,00:06:14,1065,1048,,,A00,Saragossa Opening,180+2,Normal,"1. c3 1... e5 2.
c4 2... Nf6 3. Nc3 3... Bb4 4. e4 4...
Bxc3 5. bxc3 5... Nxe4 6. Qf3 6... Nf6 7.
c5 7... O-O 8. Bd3 8... Re8 9. Qe2 9... e4 10.
Bc4 10... d5 11. Bb5 11...
c6 12. Ba4 12... b6 13. Ba3 13... Bg4 14.
Qf1 14... b5 15. Bd1 15... Nbd7 16. h3 16... Be6 17. g4 17... Ne5 18. Bc2 18...
Nf3 19. Nxf3 19... exf3 20.
Kd1 20... d4 21. Qd3 21...
dxc3 22. g5 22... Nd5 23.
Qxh7 23... Kf8 24. Qh8 24... Ke7 25. Qxg7 25... Rg8 26. Qh6 26... Rh8 27. Qg7 27... Qa5 28. Re1 28... Rag8 29.
Qxf7 29... Kxf7 30. g6 30... Rxg6 31. Bxg6 31... Kxg6 32. Rxe6 32... Kf5 33. Rxc6 33... Qxa3 34. Rd6 34... Qa4 35.
Ke1 35... Re8 36. Kf1 36... Qc4 37. Kg1 37...
Rg8 38. Kh2 38... Qf4 39. Kh1 39... Qxd6 40. cxd6 40... Rd8 41. Rg1 41...
Rxd6 42. Rg3 42... c2 43.
Rg1 43... Rc6 44. Rc1 44... Nb4 45. a3 45...
Na2 46. Rg1 46... c1=Q 47. Rxc1 47... Rxc1 48.
Kh2 48... b4 49.
Kg3 49... bxa3 50. Kxf3 50... Nb4 51. h4 51... a2 52. Kg3 52...
a1=Q 53. f4 53...
Qa3 54. Kh2 54... Rd1 55. h5 55... Rxd2 56. Kg1 56... Qa1",1. 0:03:00 0. 0:03:00 1... 0:03:01 0. 0:02:55 2. 0:03:01 0. 0:02:54 2... 0:03:02 0. 0:02:53 3. 0:03:00 0. 0:02:53 3... 0:02:55 0. 0:02:49 4. 0:02:51 0. 0:02:45 4... 0:02:49 0. 0:02:42 5. 0:02:50 0. 0:02:40 5... 0:02:48 0. 0:02:31 6. 0:02:47 1. 0:02:29 6... 0:02:47 1. 0:02:25 7. 0:02:44 2. 0:02:18 7... 0:02:37 2. 0:02:08 8. 0:02:34 5. 0:02:05 8... 0:02:34 2. 0:02:00 9. 0:02:35 3. 0:01:58 9... 0:02:32 3. 0:01:45 10. 0:02:32 4. 0:01:44 10... 0:02:32 4. 0:01:34 11. 0:02:26 5. 0:01:32 11... 0:02:25 5. 0:01:24 12. 0:02:24 5. 0:01:23 12... 0:02:19 4. 0:01:23 13. 0:02:20 5. 0:01:08 13... 0:02:11 4. 0:00:51 14. 0:02:07 5. 0:00:48 14... 0:01:51 4. 0:00:45 15. 0:01:47 6. 0:00:45 15... 0:01:43 5. 0:00:36 16. 0:01:35 6. 0:00:38 16... 0:01:36 5. 0:00:36 17. 0:01:24 6. 0:00:35 17... 0:01:14 6. 0:00:32 18. 0:01:14 6. 0:00:31 18... 0:01:15 3. 0:00:30 19. 0:01:16 3. 0:00:29 19... 0:01:16 3. 0:00:29 20. 0:01:17 4. 0:00:31 20... 0:01:17 4. 0:00:32 21. 0:01:12 4. 0:00:32 21... 0:01:12 4. 0:00:24 22. 0:01:12 6. 0:00:22 22... 0:01:13 5. 0:00:19 23. 0:01:12 6. 0:00:19 23... 0:01:02 5. 0:00:18 24. 0:01:03 8. 0:00:19 24... 0:01:05 8. 0:00:17 25. 0:01:06 25... 0:00:17 1. 0:01:06 26. 0:00:18 26... 0:01:07 7. 0:00:19 27. 0:01:08 27... 0:00:19 3. 0:01:08 28. 0:00:19 4. 0:01:07 28... 0:00:14 4. 0:01:05 29. 0:00:16 8. 0:01:05 29... 0:00:16,
Rated Blitz game,https://lichess.org/xIQzfVbs,2024.08.01,-,Traveler1984,Anrg09,0-1,2024.08.01,00:06:14,1144,1189,,,C40,Elephant Gambit,180+2,Normal,"1. e4 1... e5 2. Nf3 2... d5 3. exd5 3... Qxd5 4. Nc3 4... Qd6 5. Bc4 5... Bg4 6. d3 6...
Bxf3 7. Qxf3 7... Qf6 8. Qxf6 8... Nxf6 9. Kd1 9... Bb4 10. h3 10...
Bxc3 11. bxc3 11... e4 12. Re1 12... Kd7 13. Bxf7 13... exd3 14. cxd3 14... Nc6 15. Bh5 15... g6 16. Bf3 16... Rhe8 17.
Bxc6 17... Kxc6 18. Ba3 18... Rxe1 19. Kxe1 19... Nd5 20. c4 20... Nc3 21. Kd2 21... Na4 22.
Rb1 22... b6 23. Kc2 23... Rb8 24. Kb3 24... Nc5 25. Kc2 25... Ne6 26.
d4 26... Nxd4",1. 0:03:00 1... 0:03:00 2. 0:03:01 2... 0:03:02 3. 0:03:01 3... 0:03:02 4. 0:02:59 4... 0:03:02 5. 0:02:53 5... 0:03:02 6. 0:02:49 6... 0:03:03 7. 0:02:50 7... 0:03:05 8. 0:02:49 8... 0:03:06 9. 0:02:48 9... 0:03:07 10. 0:02:50 10... 0:03:08 11. 0:02:47 11... 0:03:09 12. 0:02:46 12... 0:03:07 13. 0:02:45 13... 0:03:08 14. 0:02:42 14... 0:03:07 15. 0:02:41 15... 0:03:07 16. 0:02:41 16... 0:03:06 17. 0:02:36 17... 0:03:07 18. 0:02:33 18... 0:03:07 19. 0:02:34 19... 0:03:09 20. 0:02:25 20... 0:03:09 21. 0:02:25 21... 0:03:07 22. 0:02:19 22... 0:03:07 23. 0:02:10 23... 0:03:08 24. 0:02:09 24... 0:03:09 25. 0:02:01 25... 0:03:07 26. 0:02:01 26... 0:03:07,
Rated Blitz game,https://lichess.org/FVmSz9ps,2024.08.01,-,lasem234,Juang2020,0-1,2024.08.01,00:06:14,2058,2067,,,B20,Sicilian Defense: Mengarini Variation,180+2,Normal,"1. e4 1... c5 2. a3 2... g6 3. b4 3... Bg7 4. c3 4... b6 5. d4 5... cxd4 6. cxd4 6... d5 7. e5 7... e6 8. Bd3 8... Ne7 9. Ne2 9...
Nbc6 10. O-O 10... a5 11. b5 11... Nb8 12. Be3 12... O-O 13. Qd2 13... Re8 14. Ng3 14... f6 15. f4 15... fxe5 16.
fxe5 16... Nf5 17. Nxf5 17... exf5 18. Bg5 18... Qc7 19. Nc3 19... Bb7 20. Rac1 20... Qd7 21.
Qf4 21... Qe6 22. Rf3 22... Nd7 23. h4 23... h5 24. Rg3 24... Nf8 25.
Bh6 25... Kh7 26. Bxg7 26... Kxg7 27. Qg5 27... Kh7 28. Ne2 28... Qe7 29.
Qf4 29... Ne6 30. Qe3 30... Rac8 31. Nf4 31... Nxf4 32. Qxf4 32... Rxc1 33. Qxc1 33... Rc8 34. Qf4 34... Qxa3 35. Qg5 35... Qc1 36. Qxc1 36... Rxc1 37. Kh2 37... Bc8 38.
Re3 38... Rd1 39. Be2 39... Re1 40. e6 40... a4 41. e7 41... Bd7 42.
Kg3 42... a3 43. Kf2 43... a2 44. Kxe1 44... a1=Q 45. Kf2 45... Qxd4 46.
g3 46... Be8 47. Kf3 47... Kg7 48. Re6 48... Kf7 49. Re3 49... Qa1 50.
Kf4 50... Qc1 51. Bd3 51... d4",1. 0:03:00 1... 0:03:00 2. 0:03:01 2... 0:03:01 3. 0:03:01 3... 0:03:02 4. 0:03:02 4... 0:02:58 5. 0:03:02 5... 0:02:57 6. 0:03:03 6... 0:02:58 7. 0:03:04 7... 0:02:59 8. 0:03:03 8... 0:03:00 9. 0:03:00 9... 0:02:59 10. 0:03:00 10... 0:02:57 11. 0:02:59 11... 0:02:57 12. 0:02:58 12... 0:02:56 13. 0:02:58 13... 0:02:58 14. 0:02:58 14... 0:02:50 15. 0:02:58 15... 0:02:46 16. 0:02:59 16... 0:02:47 17. 0:02:59 17... 0:02:48 18. 0:03:00 18... 0:02:44 19. 0:02:57 19... 0:02:43 20. 0:02:57 20... 0:02:34 21. 0:02:51 21... 0:02:34 22. 0:02:41 22... 0:02:35 23. 0:02:38 23... 0:02:33 24. 0:02:36 24... 0:02:33 25. 0:02:36 25... 0:02:20 26. 0:02:34 26... 0:02:19 27. 0:02:35 27... 0:02:20 28. 0:02:30 28... 0:02:04 29. 0:02:13 29... 0:02:02 30. 0:02:06 30... 0:01:57 31. 0:02:03 31... 0:01:56 32. 0:02:03 32... 0:01:57 33. 0:02:04 33... 0:01:59 34. 0:02:03 34... 0:01:57 35. 0:02:01 35... 0:01:57 36. 0:01:51 36... 0:01:58 37. 0:01:51 37... 0:01:53 38. 0:01:37 38... 0:01:37 39. 0:01:32 39... 0:01:34 40. 0:01:33 40... 0:01:21 41. 0:01:33 41... 0:01:21 42. 0:01:28 42... 0:01:13 43. 0:01:27 43... 0:01:11 44. 0:01:19 44... 0:01:11 45. 0:01:20 45... 0:01:12 46. 0:01:16 46... 0:01:09 47. 0:01:07 47... 0:01:08 48. 0:01:03 48... 0:01:07 49. 0:01:00 49... 0:00:58 50. 0:00:54 50... 0:00:54 51. 0:00:47 51... 0:00:53,
Rated Blitz game,https://lichess.org/RJnpOQdj,2024.08.01,-,antomy,Bishop_rede,1-0,2024.08.01,00:06:14,1608,1625,,,C50,Italian Game: Paris Defense,180+2,Normal,"1. e4 1... e5 2. Nf3 2... Nc6 3. Bc4 3... d6 4. Nc3 4... Be7 5. d4 5... h6 6. Bb5 6... a6 7. Ba4 7... b5 8. Bb3 8... Na5 9. dxe5 9...
Nxb3 10. axb3 10... dxe5 11. h3 11... Bd6 12.
O-O 12... Nf6 13. Nh4 13... O-O 14. Nf5 14... Bxf5 15. exf5 15... Nh7 16.
Nd5 16... c6 17. Ne3 17... Qc7 18. Ng4 18... Rad8 19. Nxh6 19... gxh6 20. Bxh6 20... Nf6 21. Bxf8 21... Bxf8 22. Qf3 22... Bc5 23. Qg3 23... Kf8 24. Rae1 24... Bd6 25.
Qh4 25... Ke7 26. g4 26... Kd7 27. Qxf6 27... Be7 28. Rd1 28... Kc8 29.
Rxd8 29... Qxd8 30. Qxc6 30... Kb8 31. Qf3 31... Qd4 32. Rd1 32... Qxb2 33. Rd7 33... Bc5 34.
Qb7",1. 0:03:00 1... 0:03:00 2. 0:03:01 2... 0:03:00 3. 0:03:03 3... 0:03:01 4. 0:03:04 4... 0:03:03 5. 0:03:01 5... 0:03:00 6. 0:02:55 6... 0:02:58 7. 0:02:55 7... 0:02:59 8. 0:02:56 8... 0:02:56 9. 0:02:54 9... 0:02:52 10. 0:02:52 10... 0:02:46 11. 0:02:19 11... 0:02:30 12. 0:02:15 12... 0:02:31 13. 0:02:07 13... 0:02:18 14. 0:02:05 14... 0:02:14 15. 0:02:02 15... 0:01:55 16. 0:01:21 16... 0:01:42 17. 0:01:21 17... 0:01:29 18. 0:01:20 18... 0:01:26 19. 0:01:16 19... 0:01:19 20. 0:01:17 20... 0:00:43 21. 0:00:56 21... 0:00:34 22. 0:00:55 22... 0:00:17 23. 0:00:51 23... 0:00:17 24. 0:00:51 24... 0:00:12 25. 0:00:49 25... 0:00:12 26. 0:00:47 26... 0:00:06 27. 0:00:46 27... 0:00:07 28. 0:00:40 28... 0:00:07 29. 0:00:36 29... 0:00:08 30. 0:00:35 30... 0:00:08 31. 0:00:24 31... 0:00:07 32. 0:00:24 32... 0:00:08 33. 0:00:24 33... 0:00:07 34. 0:00:23,
Rated Blitz game,https://lichess.org/nA6HQ5PA,2024.08.01,-,ogbono,Desperado1986,1-0,2024.08.01,00:06:22,1885,1869,,,B32,Sicilian Defense: Godiva Variation,180+2,Time forfeit,"1. e4 1... c5 2. Nf3 2... Nc6 3. d4 3... cxd4 4. Nxd4 4... Qb6 5.
Nb3 5... e6 6. Nc3 6... Bb4 7. Be2 7... Nf6 8. O-O 8... Bxc3 9.
bxc3 9... Nxe4 10. Bd3 10... Nxc3 11. Qh5 11... h6 12. Bb2 12... Nd5 13.
Bxg7 13... Rg8 14. Qxh6 14... Ncb4 15. Qh7 15... Rxg7 16. Qxg7 16... Nxd3 17. cxd3 17... Ke7 18.
d4 18... d6 19. Rac1 19... Bd7 20. Rc4 20... Bc6 21. Re1 21... Rf8 22.
Rc2 22... Qd8 23. Rce2 23... Kd7 24. Rxe6",1. 0:03:00 1... 0:03:00 2. 0:03:00 2... 0:03:01 3. 0:03:02 3... 0:03:03 4. 0:03:03 4... 0:03:05 5. 0:03:03 5... 0:03:06 6. 0:03:04 6... 0:03:05 7. 0:03:04 7... 0:03:06 8. 0:03:05 8... 0:03:06 9. 0:03:06 9... 0:03:06 10. 0:03:05 10... 0:03:02 11. 0:03:03 11... 0:02:25 12. 0:02:56 12... 0:01:43 13. 0:02:36 13... 0:00:50 14. 0:02:35 14... 0:00:18 15. 0:02:26 15... 0:00:19 16. 0:02:27 16... 0:00:19 17. 0:02:27 17... 0:00:14 18. 0:02:25 18... 0:00:13 19. 0:02:25 19... 0:00:13 20. 0:02:12 20... 0:00:13 21. 0:01:48 21... 0:00:08 22. 0:01:34 22... 0:00:07 23. 0:01:30 23... 0:00:07 24. 0:01:28,
Rated Blitz game,https://lichess.org/QV9oGA6n,2024.08.01,-,samsonlabrador_1951,SunnyDays7,0-1,2024.08.01,00:06:22,2185,2259,,,B36,"Sicilian Defense: Accelerated Dragon, Maróczy Bind",180+2,Normal,"1. e4 1... c5 2. Nf3 2... g6 3. c4 3... Nc6 4. d4 4... cxd4 5. Nxd4 5... Nf6 6. Nc3 6...
d6 7. h3 7... Nxd4 8.
Qxd4 8... Bg7 9. Be3 9... O-O 10. Qd2 10... a5 11. Be2 11... a4 12.
O-O 12... Qa5 13. Nd5 13... Qxd2 14. Nxe7 14... Kh8 15. Bxd2 15... Re8 16.
Nd5 16... Nxd5 17. cxd5 17... Bxb2 18. Rab1 18... a3 19. f3 19... f5 20. Bd3 20... Ra4 21.
Bc1 21... Rd4 22. Bc2 22... Bxc1 23. Rbxc1 23... fxe4 24. fxe4 24... Bd7 25.
Rf6 25... Rc4 26. Rxd6 26... Ba4 27. Bxa4 27... Rxc1 28. Kh2 28... Rxe4 29.
Rd8 29... Kg7 30. Rd7 30... Kf6 31. Rxb7 31... Rxa4",1. 0:03:00 1... 0:03:00 2. 0:03:01 2... 0:03:01 3. 0:02:58 3... 0:03:00 4. 0:02:58 4... 0:03:02 5. 0:02:59 5... 0:03:04 6. 0:02:59 6... 0:03:05 7. 0:02:52 7... 0:03:03 8. 0:02:53 8... 0:03:05 9. 0:02:51 9... 0:03:06 10. 0:02:52 10... 0:03:07 11. 0:02:50 11... 0:03:07 12. 0:02:42 12... 0:03:08 13. 0:02:35 13... 0:03:05 14. 0:02:35 14... 0:03:07 15. 0:02:36 15... 0:03:09 16. 0:02:34 16... 0:03:03 17. 0:02:31 17... 0:03:02 18. 0:02:30 18... 0:03:03 19. 0:02:31 19... 0:03:00 20. 0:02:30 20... 0:02:59 21. 0:02:29 21... 0:02:59 22. 0:02:24 22... 0:02:57 23. 0:02:23 23... 0:02:56 24. 0:02:22 24... 0:02:54 25. 0:02:18 25... 0:02:46 26. 0:02:14 26... 0:02:47 27. 0:02:12 27... 0:02:48 28. 0:02:13 28... 0:02:49 29. 0:02:07 29... 0:02:49 30. 0:02:08 30... 0:02:49 31. 0:02:09 31... 0:02:50,
Rated Blitz game,https://lichess.org/Uua5wKP6,2024.08.01,-,AlanHussein,ollicruell,1-0,2024.08.01,00:06:22,1603,1501,,,C55,Italian Game: Two Knights Defense,180+2,Normal,"1. e4 1... e5 2. Nf3 2... Nf6 3. Bc4 3... Nc6 4. O-O 4... Bc5 5. h3 5... Nxe4 6. Re1 6...
Bxf2 7. Kf1 7... Bxe1 8. Qxe1 8... O-O 9. Qxe4 9... d6 10. Nc3 10...
Bf5 11. Qxf5 11... Nd4 12. Nxd4 12... exd4 13. Nb5 13... c5 14. Bd5 14...
a6 15. Na3 15... Rb8 16. d3 16... b5 17. Bf4 17... g6 18. Qg4 18...
h5 19. Qf3 19... Kh7 20. Re1 20... Re8 21. Rxe8 21... Qxe8 22. Bxd6 22... c4 23. Bxb8 23... Qxb8 24. Qxf7 24... Kh6 25. Be4 25... c3 26. Qxg6",1. 0:03:00 1... 0:03:00 2. 0:03:01 2... 0:03:01 3. 0:03:01 3... 0:03:00 4. 0:03:02 4... 0:03:01 5. 0:03:02 5... 0:03:00 6. 0:03:01 6... 0:03:00 7. 0:03:01 7... 0:02:52 8. 0:03:03 8... 0:02:50 9. 0:03:03 9... 0:02:45 10. 0:02:58 10... 0:02:45 11. 0:02:55 11... 0:02:41 12. 0:02:56 12... 0:02:42 13. 0:02:52 13... 0:02:40 14. 0:02:51 14... 0:02:40 15. 0:02:49 15... 0:02:38 16. 0:02:36 16... 0:02:32 17. 0:02:33 17... 0:02:27 18. 0:02:25 18... 0:02:05 19. 0:02:21 19... 0:01:45 20. 0:02:17 20... 0:01:44 21. 0:02:16 21... 0:01:45 22. 0:02:17 22... 0:01:40 23. 0:02:12 23... 0:01:36 24. 0:02:12 24... 0:01:37 25. 0:01:56 25... 0:01:31 26. 0:01:54,
Rated Blitz game,https://lichess.org/VQz3CC9l,2024.08.01,-,OndarBK,londonlondonoondon,1-0,2024.08.01,00:06:22,1500,1500,,,C40,King's Pawn Game: Busch-Gass Gambit,180+2,Normal,"1. e4 1... e5 2. Nf3 2... Bc5 3. Bc4 3... d6 4. d3 4... Bg4 5. Nc3 5... Nc6 6. Be3 6...
Nd4 7. Bxd4 7... Bxd4 8. Nd5 8... c6 9. Ne3 9... d5 10. Bb3 10... dxe4 11. dxe4 11... Bxb2 12. Qxd8 12... Rxd8 13. Rb1 13... Bc3 14. Kf1 14... Nf6 15. Nxg4 15... Nxg4 16. h3 16... Nf6 17.
Ng5 17... h6 18. Nxf7 18... Nxe4 19. Nxh8 19... Nd2 20. Ke2 20... Nxb1 21.
Rxb1 21... Rd2 22. Kf3 22... e4 23. Kxe4 23... Rxf2 24. Rg1 24... g5 25. Ng6 25... Rf4 26.
Nxf4",1. 0:03:00 1... 0:03:00 2. 0:03:01 2... 0:03:01 3. 0:03:02 3... 0:03:01 4. 0:03:03 4... 0:03:02 5. 0:02:59 5... 0:03:02 6. 0:02:59 6... 0:02:53 7. 0:02:57 7... 0:02:55 8. 0:02:54 8... 0:02:54 9. 0:02:52 9... 0:02:45 10. 0:02:34 10... 0:02:34 11. 0:02:34 11... 0:02:31 12. 0:02:25 12... 0:02:33 13. 0:02:25 13... 0:02:34 14. 0:02:12 14... 0:02:33 15. 0:02:07 15... 0:02:33 16. 0:02:04 16... 0:02:33 17. 0:02:04 17... 0:02:33 18. 0:02:04 18... 0:02:28 19. 0:01:35 19... 0:02:27 20. 0:01:36 20... 0:02:27 21. 0:01:36 21... 0:02:17 22. 0:01:35 22... 0:02:04 23. 0:01:34 23... 0:01:58 24. 0:01:24 24... 0:01:47 25. 0:01:22 25... 0:01:34 26. 0:01:19,
Rated Blitz game,https://lichess.org/JWrMgjq4,2024.08.01,-,gobular,Tuka305,1-0,2024.08.01,00:06:22,1268,1242,,,C42,Russian Game: Damiano Variation,180+2,Time forfeit,"1. e4 1... e5 2. Nf3 2... Nf6 3. Nxe5 3... Nxe4 4. d3 4... Nf6 5. Qe2 5... Qe7 6. Nf3 6...
Nc6 7. Qxe7 7... Bxe7 8. Bg5 8... h6 9. Bxf6 9... Bxf6 10. Nc3 10... d6 11. Rb1 11... O-O 12.
Ne4 12... Bd4 13. c3 13... Bb6 14. a4 14... a5 15. Be2 15... Bg4 16.
O-O 16... Ne5 17. Rfe1 17... Bxf3 18. Bxf3 18... Nxd3 19. Red1 19... Ne5 20.
Nd2 20... f5 21. Bxb7 21... Rab8 22. Bf3 22... Nd3 23. Rf1 23... Rfe8 24.
Bd5 24... Kh7 25. Nc4 25... Bc5 26. Ne3 26... Bxe3 27. fxe3 27... Rxe3 28. Bf3 28... Rxb2 29. Rxb2 29... Nxb2 30. h4 30... Nxa4 31. g4",1. 0:03:00 1... 0:03:00 2. 0:03:00 2... 0:03:02 3. 0:03:00 3... 0:03:01 4. 0:03:00 4... 0:02:47 5. 0:02:58 5... 0:02:38 6. 0:02:55 6... 0:02:35 7. 0:02:53 7... 0:02:36 8. 0:02:54 8... 0:02:35 9. 0:02:51 9... 0:02:36 10. 0:02:53 10... 0:02:27 11. 0:02:48 11... 0:02:22 12. 0:02:47 12... 0:01:58 13. 0:02:42 13... 0:01:54 14. 0:02:40 14... 0:01:52 15. 0:02:39 15... 0:01:36 16. 0:02:29 16... 0:01:33 17. 0:02:20 17... 0:01:13 18. 0:02:17 18... 0:01:14 19. 0:02:10 19... 0:00:57 20. 0:02:01 20... 0:00:46 21. 0:01:56 21... 0:00:46 22. 0:01:56 22... 0:00:46 23. 0:01:32 23... 0:00:32 24. 0:01:09 24... 0:00:27 25. 0:00:58 25... 0:00:15 26. 0:00:52 26... 0:00:11 27. 0:00:53 27... 0:00:08 28. 0:00:48 28... 0:00:04 29. 0:00:47 29... 0:00:05 30. 0:00:47 30... 0:00:05 31. 0:00:48,
Rated Blitz game,https://lichess.org/b3kuPiii,2024.08.01,-,DanyChess2702,ataca62,0-1,2024.08.01,00:06:22,1811,1740,,,B32,Sicilian Defense: Löwenthal Variation,180+2,Normal,"1. e4 1... c5 2. Nf3 2... Nc6 3. d4 3... cxd4 4. Nxd4 4... e5 5. Nb3 5... h6 6. Nc3 6...
Nf6 7. Be3 7... Bb4 8.
Be2 8... Nxe4 9. O-O 9... Bxc3 10. bxc3 10... Nxc3 11. Qd3 11... Nxe2 12. Qxe2 12... O-O 13. Rfe1 13... d6 14. Qf3 14...
Qh4 15. Rad1 15... Bg4",1. 0:03:00 1... 0:03:00 2. 0:03:02 2... 0:03:01 3. 0:03:03 3... 0:03:02 4. 0:03:05 4... 0:03:03 5. 0:03:06 5... 0:03:01 6. 0:03:07 6... 0:03:02 7. 0:03:08 7... 0:03:02 8. 0:03:05 8... 0:03:03 9. 0:03:04 9... 0:03:02 10. 0:03:06 10... 0:03:03 11. 0:03:07 11... 0:03:04 12. 0:03:09 12... 0:03:01 13. 0:03:05 13... 0:02:59 14. 0:03:05 14... 0:02:48 15. 0:03:05 15... 0:02:47,
Rated Blitz game,https://lichess.org/MjnxZdjj,2024.08.01,-,Basahaddin,kuzey_tekiniglu,0-1,2024.08.01,00:06:22,1205,1154,,,C44,"Scotch Game: Scotch Gambit, Dubois Réti Defense",180+2,Normal,"1. e4 1... e5 2. Nf3 2... Nc6 3. Bc4 3... Nf6 4. d4 4... exd4 5.
Nxd4 5... Nxe4 6. Qf3 6... Ng5 7. Bxg5 7... Qxg5 8. Qxf7 8... Kd8 9.
Nxc6 9... bxc6 10. O-O 10... Bb7 11. Rd1 11... Qg4 12. Nc3 12... c5 13. Bb5 13... Qxg2",1. 0:03:00 1... 0:03:00 2. 0:03:01 2... 0:03:01 3. 0:03:00 3... 0:03:02 4. 0:03:01 4... 0:03:02 5. 0:03:01 5... 0:03:03 6. 0:02:57 6... 0:02:54 7. 0:02:55 7... 0:02:49 8. 0:02:55 8... 0:02:47 9. 0:02:42 9... 0:02:41 10. 0:02:39 10... 0:02:33 11. 0:02:31 11... 0:02:20 12. 0:02:25 12... 0:02:17 13. 0:02:06 13... 0:02:15,
Rated Blitz game,https://lichess.org/xQLdcAbC,2024.08.01,-,jamar08,ankitn,1/2-1/2,2024.08.01,00:06:22,1971,1992,,,A01,Nimzo-Larsen Attack: Indian Variation,180+2,Normal,"1. b3 1... Nf6 2. Bb2 2... e6 3. e3 3... c5 4. f4 4... Nc6 5. Nf3 5... Qc7 6. Bb5 6... a6 7. Bxc6 7... dxc6 8.
O-O 8... Bd6 9. d3 9... O-O 10. Nbd2 10... Ng4 11. Qe1 11... e5 12.
h3 12... Nh6 13. fxe5 13... Be7 14. e4 14... Be6 15. a4 15... Rae8 16.
Qg3 16... f6 17. Kh2 17... Bc8 18. a5 18... Bd8 19. Nc4 19... Nf7 20.
exf6 20... Qxg3 21. Kxg3 21... Bc7 22. Kf2 22... gxf6 23. Kg1 23... Ne5 24. Nfxe5 24... fxe5 25. Rxf8 25... Kxf8 26. Rf1 26... Kg8 27. Bc1 27... Be6 28. Bd2 28... Bxc4 29. bxc4 29... Kg7 30.
Bc3 30... Kg6 31. Rf5 31... h5 32. Kf2 32... Re7 33. g4 33... hxg4 34.
hxg4 34... Rh7 35. Kg2 35... Re7 36. Kg3 36... Bd6 37. Kh3 37... Rh7 38.
Kg2 38... Re7 39. Kf3 39... Bc7 40. Kg3 40... Bd6 41. Kh4 41... Re6 42.
Kg3 42... Kh6 43. Rf7 43... Re7 44. Bd2 44... Kg6 45. Rxe7 45... Bxe7 46. Bc3 46... Kf6 47. Kh4 47... Kg6 48. Kg3 48... Bd6 49. Kf3 49... Bc7 50. Kg3 50... Kg5 51.
Bd2 51... Kg6 52. Kh4 52... Bd8 53. g5 53... Bc7 54. Kg4 54... Bd8 55.
Kh4 55... Bc7 56. Kg4 56... Bd8 57. Bc3 57... Bxg5 58. Bxe5 58... Bd2 59.
Bd6 59... Bb4 60. c3 60... Bxc3 61. Bxc5 61... Bxa5 62. d4 62... Kf6 63.
d5 63... Ke5 64. Kf3 64... cxd5 65. exd5 65... b5 66. cxb5 66... axb5 67. d6 67... Kd5 68. Ba3 68... Kc6 69. Ke4 69... b4 70. Bb2 70... Kxd6 71. Kd4 71... Kc6 72.
Kc4 72... Kb6 73. Bd4 73... Kc6 74. Bb2 74... Kb6 75. Bd4 75... Kc6 76.
Bb2",1. 0:03:00 1... 0:03:00 2. 0:03:01 2... 0:03:02 3. 0:02:59 3... 0:03:02 4. 0:03:00 4... 0:03:02 5. 0:03:01 5... 0:03:03 6. 0:02:52 6... 0:03:03 7. 0:02:53 7... 0:03:00 8. 0:02:52 8... 0:03:00 9. 0:02:52 9... 0:03:00 10. 0:02:52 10... 0:02:59 11. 0:02:48 11... 0:02:56 12. 0:02:48 12... 0:02:34 13. 0:02:37 13... 0:02:29 14. 0:01:58 14... 0:02:26 15. 0:01:47 15... 0:02:24 16. 0:01:42 16... 0:02:23 17. 0:01:27 17... 0:02:14 18. 0:01:21 18... 0:02:11 19. 0:01:17 19... 0:02:04 20. 0:01:01 20... 0:02:00 21. 0:01:03 21... 0:01:59 22. 0:00:56 22... 0:01:59 23. 0:00:46 23... 0:01:49 24. 0:00:09 24... 0:01:50 25. 0:00:10 25... 0:01:50 26. 0:00:09 26... 0:01:49 27. 0:00:10 27... 0:01:48 28. 0:00:10 28... 0:01:45 29. 0:00:11 29... 0:01:44 30. 0:00:11 30... 0:01:41 31. 0:00:10 31... 0:01:42 32. 0:00:08 32... 0:01:39 33. 0:00:06 33... 0:01:39 34. 0:00:08 34... 0:01:36 35. 0:00:06 35... 0:01:37 36. 0:00:06 36... 0:01:31 37. 0:00:05 37... 0:01:32 38. 0:00:06 38... 0:01:33 39. 0:00:06 39... 0:01:31 40. 0:00:05 40... 0:01:27 41. 0:00:06 41... 0:01:24 42. 0:00:03 42... 0:01:17 43. 0:00:04 43... 0:01:17 44. 0:00:04 44... 0:01:18 45. 0:00:04 45... 0:01:18 46. 0:00:03 46... 0:01:16 47. 0:00:02 47... 0:01:16 48. 0:00:03 48... 0:01:16 49. 0:00:03 49... 0:01:16 50. 0:00:03 50... 0:01:15 51. 0:00:04 51... 0:01:17 52. 0:00:05 52... 0:01:16 53. 0:00:05 53... 0:01:14 54. 0:00:05 54... 0:01:14 55. 0:00:05 55... 0:01:16 56. 0:00:06 56... 0:01:17 57. 0:00:08 57... 0:01:10 58. 0:00:09 58... 0:01:12 59. 0:00:09 59... 0:01:12 60. 0:00:09 60... 0:01:10 61. 0:00:10 61... 0:01:11 62. 0:00:10 62... 0:01:11 63. 0:00:10 63... 0:01:11 64. 0:00:10 64... 0:01:06 65. 0:00:10 65... 0:01:07 66. 0:00:10 66... 0:01:07 67. 0:00:10 67... 0:01:07 68. 0:00:10 68... 0:01:04 69. 0:00:10 69... 0:01:04 70. 0:00:10 70... 0:01:05 71. 0:00:10 71... 0:01:05 72. 0:00:11 72... 0:01:04 73. 0:00:11 73... 0:01:05 74. 0:00:11 74... 0:01:06 75. 0:00:12 75... 0:01:08 76. 0:00:13,
Rated Blitz game,https://lichess.org/JUkjkH5J,2024.08.01,-,nylon09,ncolasantacruz,1/2-1/2,2024.08.01,00:06:22,1736,1706,,,C42,Russian Game,180+2,Normal,"1. e4 1... e5 2. Nf3 2... Nf6 3. d3 3... Bc5 4. Nc3 4... d6 5. h3 5... Be6 6. Be2 6...
Qd7 7. a3 7... a5 8.
d4 8... exd4 9. Nxd4 9... Bxd4 10. Qxd4 10... c5 11. Qd3 11... Nc6 12.
Nd5 12... Ne5 13. Qb5 13... Nxe4 14. Nc7 14... Ke7 15. Qxd7 15... Bxd7 16. Nxa8 16... Rxa8 17. Bf4 17... Ng6 18. Bh2 18... b5 19. Bd3 19... f5 20. O-O 20... c4 21.
Bxe4 21... fxe4 22. Rfe1 22... d5 23. f3 23...
Bf5 24. g4 24... Be6 25. fxe4 25... Nh4 26. Re3 26... d4 27. Rg3 27...
Rf8 28. Rf1 28... Rd8 29. g5 29... Ng6 30. Rgf3 30... Nh4 31. Rf4 31... Ng6 32. R4f3 32... Nh4 33. Rf4 33... Ng6 34.
R4f3",1. 0:03:00 1... 0:03:00 2. 0:03:01 2... 0:03:01 3. 0:02:59 3... 0:03:01 4. 0:03:00 4... 0:03:00 5. 0:02:57 5... 0:03:01 6. 0:02:54 6... 0:02:59 7. 0:02:50 7... 0:02:59 8. 0:02:42 8... 0:03:00 9. 0:02:40 9... 0:02:53 10. 0:02:41 10... 0:02:52 11. 0:02:38 11... 0:02:52 12. 0:02:34 12... 0:02:46 13. 0:02:24 13... 0:02:43 14. 0:02:13 14... 0:02:43 15. 0:02:05 15... 0:02:44 16. 0:02:05 16... 0:02:32 17. 0:02:02 17... 0:02:29 18. 0:01:49 18... 0:02:26 19. 0:01:48 19... 0:02:17 20. 0:01:37 20... 0:02:12 21. 0:01:37 21... 0:02:14 22. 0:01:36 22... 0:02:14 23. 0:01:34 23... 0:01:51 24. 0:01:32 24... 0:01:51 25. 0:01:32 25... 0:01:46 26. 0:01:18 26... 0:01:45 27. 0:01:12 27... 0:01:43 28. 0:01:11 28... 0:01:41 29. 0:01:04 29... 0:01:38 30. 0:00:59 30... 0:01:33 31. 0:00:49 31... 0:01:29 32. 0:00:29 32... 0:01:28 33. 0:00:27 33... 0:01:29 34. 0:00:23,
Rated Blitz game,https://lichess.org/wLYPqeSi,2024.08.01,-,Missh8,Emh1922,0-1,2024.08.01,00:06:22,2082,2112,,,E60,"King's Indian Defense: Normal Variation, King's Knight Variation",180+2,Normal,"1. d4 1... Nf6 2. c4 2... g6 3. Nf3 3... Bg7 4. g3 4... O-O 5. Bg2 5... d6 6. O-O 6... c6 7. Nc3 7... Nbd7 8. b3 8... e5 9. Bb2 9... e4 10. Ng5 10... d5 11.
e3 11... Nb6 12. Rc1 12... Bf5 13. c5 13... Nc8 14. Nh3 14... Bg4 15.
Qd2 15... h6 16. Nf4 16... g5 17. Nfe2 17... Qd7 18. f3 18... exf3 19.
Bxf3 19... Re8 20. Rce1 20... Bxf3 21. Rxf3 21... Ne7 22. Ref1 22... Qe6 23. Nc1 23... Ng6 24.
Nd3 24... Ne4 25. Rxf7 25... Nxd2",1. 0:03:00 1... 0:03:00 2. 0:03:01 2... 0:02:53 3. 0:03:02 3... 0:02:51 4. 0:03:02 4... 0:02:50 5. 0:03:03 5... 0:02:49 6. 0:03:04 6... 0:02:48 7. 0:03:04 7... 0:02:34 8. 0:03:04 8... 0:02:19 9. 0:02:55 9... 0:02:13 10. 0:02:22 10... 0:02:13 11. 0:02:06 11... 0:02:05 12. 0:01:54 12... 0:01:37 13. 0:01:39 13... 0:01:31 14. 0:01:19 14... 0:01:16 15. 0:01:03 15... 0:01:14 16. 0:00:53 16... 0:01:10 17. 0:00:50 17... 0:00:58 18. 0:00:49 18... 0:00:51 19. 0:00:49 19... 0:00:41 20. 0:00:32 20... 0:00:15 21. 0:00:32 21... 0:00:15 22. 0:00:28 22... 0:00:13 23. 0:00:18 23... 0:00:11 24. 0:00:14 24... 0:00:10 25. 0:00:07 25... 0:00:10,
Rated Blitz game,https://lichess.org/bymRwm4F,2024.08.01,-,asrazil,livemane10,1-0,2024.08.01,00:06:22,1151,1148,,,C50,"Italian Game: Giuoco Pianissimo, Normal",180+2,Time forfeit,"1. e4 1... e5 2. Bc4 2... Nc6 3. d3 3... Bc5 4. Nf3 4... Nf6 5. Ng5 5... d5 6. exd5 6...
Nxd5 7. O-O 7... h6 8.
Ne4 8... Bb6 9. a4 9... a5 10. Bb5 10... Bd7 11. c4 11... Nf4 12.
Nbc3 12... Qh4 13. Qf3 13... Bg4 14. Qg3",1. 0:03:00 1... 0:03:00 2. 0:03:01 2... 0:02:59 3. 0:03:02 3... 0:02:57 4. 0:03:02 4... 0:02:40 5. 0:03:02 5... 0:02:33 6. 0:02:59 6... 0:01:44 7. 0:02:47 7... 0:01:42 8. 0:02:42 8... 0:01:23 9. 0:02:26 9... 0:01:22 10. 0:02:20 10... 0:01:02 11. 0:02:18 11... 0:00:54 12. 0:02:08 12... 0:00:10 13. 0:01:48 13... 0:00:07 14. 0:01:41,
Rated Blitz game,https://lichess.org/O036ZvtR,2024.08.01,-,cesar0,Zeddii,0-1,2024.08.01,00:06:22,1449,1356,,,C26,Vienna Game: Falkbeer Variation,180+2,Normal,"1. Nc3 1... e5 2. e4 2... Nf6 3. d3 3... Bc5 4. h3 4... O-O 5. Qf3 5... Nc6 6. Be3 6...
Nd4 7. Qd1 7... d6 8.
Be2 8... Bd7 9. Nf3 9... b5 10. Nxd4 10... exd4 11. Nd5 11... dxe3 12.
Nxe3 12... Bxe3",1. 0:03:00 1... 0:03:00 2. 0:03:00 2... 0:02:58 3. 0:03:01 3... 0:02:58 4. 0:02:58 4... 0:02:54 5. 0:02:59 5... 0:02:48 6. 0:02:59 6... 0:02:41 7. 0:02:57 7... 0:02:34 8. 0:02:55 8... 0:02:15 9. 0:02:55 9... 0:02:11 10. 0:02:55 10... 0:02:12 11. 0:02:54 11... 0:02:09 12. 0:02:55 12... 0:02:08,
Rated Blitz game,https://lichess.org/FJXGAvwd,2024.08.01,-,Big_whale,victormreyna,1-0,2024.08.01,00:06:22,1631,1555,,,B00,Nimzowitsch Defense,180+2,Normal,"1. e4 1... Nc6 2. d4 2... e6 3. Nc3 3... Be7 4. Be3 4... d6 5. Qd2 5... Nf6 6. O-O-O 6...
O-O 7. d5 7... Ne5 8.
f4 8... Neg4 9. h3 9... Nxe3 10. Qxe3 10... e5 11. f5 11... Nh5 12.
g4 12... Nf4 13. Nge2 13... Nxe2 14. Bxe2 14... h6 15. Qf2 15... Bg5 16.
Kb1 16... c5 17. h4 17... Bf4 18. g5 18... f6 19. Rdg1 19... fxg5 20. hxg5 20... Bxg5 21. Nd1 21... Bd7 22. Ne3 22... b5 23. Ng4 23... c4 24. Nxh6 24... gxh6 25. Rxh6 25... Rf7 26. Rg6 26... Rg7 27. Bh5 27... Rxg6 28. Bxg6 28... Kg7 29. Qg2 29... Be8 30.
Qxg5 30... Qxg5 31. Rxg5 31... Bxg6 32. Rxg6 32... Kf7 33. Rxd6 33... Rh8 34. b3 34... Rh4 35.
bxc4 35... bxc4 36. Rd7 36... Ke8 37. Rxa7 37... Rxe4 38. d6 38... Rd4 39. Ra6 39... Kd7 40.
f6 40... Ke6 41. c3 41... Rd1 42. Kb2 42... Rd2 43. Ka3 43... Rf2 44.
Ra7 44... Kxf6 45. d7 45... Rd2 46. Kb4 46... Ke6 47. Kxc4 47... Ke7 48.
Kc5 48... Rxd7 49. Rxd7 49... Kxd7 50. Kd5 50... Ke7 51. Kxe5 51... Kd7 52. Kd5 52... Kc7 53.
Kc5 53... Kd7 54. Kb6 54... Kd6 55. a4 55... Kd5 56. a5 56... Kc4 57.
a6 57... Kxc3 58. a7 58... Kd3 59. a8=Q 59... Ke3 60. Qd8 60... Ke2 61.
Kc5 61... Kf2 62. Qe8 62... Kf3 63. Kd5 63... Kf4 64. Qe7 64... Kf3 65.
Kd4 65... Kf2 66. Kd3 66... Kg3 67. Qf6 67... Kg4 68. Ke3 68... Kh5 69.
Qg7 69... Kh4 70. Kf3 70... Kh5 71. Kf4 71... Kh4 72. Qg4",1. 0:03:00 1... 0:03:00 2. 0:02:56 2... 0:02:56 3. 0:02:54 3... 0:02:54 4. 0:02:55 4... 0:02:53 5. 0:02:56 5... 0:02:52 6. 0:02:55 6... 0:02:52 7. 0:02:49 7... 0:02:42 8. 0:02:38 8... 0:02:40 9. 0:02:30 9... 0:02:40 10. 0:02:30 10... 0:02:36 11. 0:02:27 11... 0:02:29 12. 0:02:20 12... 0:02:29 13. 0:02:19 13... 0:02:28 14. 0:02:19 14... 0:02:26 15. 0:01:44 15... 0:02:26 16. 0:01:44 16... 0:02:24 17. 0:01:39 17... 0:02:23 18. 0:01:25 18... 0:01:43 19. 0:00:51 19... 0:01:41 20. 0:00:48 20... 0:01:41 21. 0:00:21 21... 0:01:22 22. 0:00:20 22... 0:01:21 23. 0:00:21 23... 0:01:16 24. 0:00:21 24... 0:01:17 25. 0:00:09 25... 0:01:15 26. 0:00:09 26... 0:01:16 27. 0:00:05 27... 0:01:16 28. 0:00:06 28... 0:01:17 29. 0:00:07 29... 0:01:14 30. 0:00:07 30... 0:01:14 31. 0:00:07 31... 0:01:15 32. 0:00:09 32... 0:01:16 33. 0:00:10 33... 0:01:16 34. 0:00:10 34... 0:01:16 35. 0:00:09 35... 0:01:15 36. 0:00:10 36... 0:01:14 37. 0:00:11 37... 0:01:14 38. 0:00:09 38... 0:01:14 39. 0:00:09 39... 0:01:14 40. 0:00:09 40... 0:01:12 41. 0:00:07 41... 0:01:11 42. 0:00:08 42... 0:01:11 43. 0:00:08 43... 0:01:12 44. 0:00:07 44... 0:01:12 45. 0:00:08 45... 0:01:12 46. 0:00:09 46... 0:01:11 47. 0:00:09 47... 0:01:12 48. 0:00:09 48... 0:01:13 49. 0:00:09 49... 0:01:15 50. 0:00:11 50... 0:01:15 51. 0:00:12 51... 0:01:17 52. 0:00:13 52... 0:01:18 53. 0:00:15 53... 0:01:19 54. 0:00:16 54... 0:01:20 55. 0:00:17 55... 0:01:21 56. 0:00:19 56... 0:01:23 57. 0:00:21 57... 0:01:24 58. 0:00:23 58... 0:01:25 59. 0:00:25 59... 0:01:26 60. 0:00:25 60... 0:01:28 61. 0:00:26 61... 0:01:30 62. 0:00:27 62... 0:01:31 63. 0:00:28 63... 0:01:32 64. 0:00:28 64... 0:01:34 65. 0:00:29 65... 0:01:35 66. 0:00:31 66... 0:01:37 67. 0:00:31 67... 0:01:37 68. 0:00:32 68... 0:01:38 69. 0:00:31 69... 0:01:36 70. 0:00:32 70... 0:01:37 71. 0:00:33 71... 0:01:37 72. 0:00:33,
Rated Blitz game,https://lichess.org/aUYbLwDb,2024.08.01,-,barajasFR,johndterry,0-1,2024.08.01,00:06:22,1233,1267,,,B20,Sicilian Defense,180+2,Normal,"1. e4 1... c5 2. Qh5 2... Nf6 3. Qxc5 3... Nxe4 4. Qe3 4... d5 5. Bb5 5... Bd7 6. Bd3 6...
Bf5 7. Bxe4 7... Bxe4 8. f3 8... Bxc2 9. Nc3 9... e6 10. d4 10... Bb4 11. a3 11... Bxc3 12.
bxc3 12... Ba4 13. Nh3 13... Bb5 14. Ng5 14... O-O 15. Qd3 15... Bxd3 16.
a4 16... Qa5 17. Nh3 17... Qxc3 18. Kf2 18... Qxa1 19. Nf4 19... Bc2 20.
g4 20... Qxd4 21. Be3 21... Qxa4 22. Rc1 22... Nc6 23. Bc5 23... Rfc8 24.
Ne2 24... Nb4 25. Bd6 25... Nd3 26. Ke3 26... Nxc1 27. Nxc1 27... Qa3 28. Bxa3 28... Ba4 29. Bd6 29... Rxc1 30. h4 30... Rc3 31. Kd4 31... Rac8 32. Ke5 32... Rxf3 33.
Bc5 33... Rh3 34. Bxa7 34... Rxh4 35. g5 35... Rh5 36. Be3 36... Rc3 37.
Bf4 37... Rc4 38. Bd2 38... b5 39. Kd6 39... b4 40. Bf4 40... b3 41.
Be5 41... Rxg5 42. Bb2 42... Rc2 43. Bd4 43... b2 44. Bxb2 44... Rxb2 45. Kc5 45... Rc2 46. Kd4 46... Rc4 47. Kd3 47... Rg3 48. Kd2 48... Rh4 49. Ke2 49... Rh2 50.
Kf1 50... Ra3 51. Kg1 51... Rb2 52. Kf1 52... Rh3 53. Kg1 53... Ra3 54.
Kf1 54... Bb5 55. Ke1 55... Rh3 56. Kd1 56... Ra2 57. Kc1 57... Rg2 58.
Kb1 58... Rf3 59. Kc1 59... Rff2 60. Kd1 60... Rf1",1. 0:03:00 1... 0:03:00 2. 0:02:59 2... 0:02:57 3. 0:02:57 3... 0:02:57 4. 0:02:57 4... 0:02:49 5. 0:02:56 5... 0:02:44 6. 0:02:57 6... 0:02:39 7. 0:02:57 7... 0:02:39 8. 0:02:58 8... 0:02:37 9. 0:02:57 9... 0:02:35 10. 0:02:56 10... 0:02:33 11. 0:02:57 11... 0:02:33 12. 0:02:58 12... 0:02:32 13. 0:02:55 13... 0:02:32 14. 0:02:54 14... 0:02:29 15. 0:02:53 15... 0:02:09 16. 0:02:50 16... 0:01:48 17. 0:02:48 17... 0:01:47 18. 0:02:47 18... 0:01:46 19. 0:02:48 19... 0:01:37 20. 0:02:41 20... 0:01:37 21. 0:02:40 21... 0:01:25 22. 0:02:37 22... 0:01:15 23. 0:02:35 23... 0:01:13 24. 0:02:34 24... 0:01:08 25. 0:02:32 25... 0:01:04 26. 0:02:32 26... 0:01:05 27. 0:02:33 27... 0:00:57 28. 0:02:33 28... 0:00:42 29. 0:02:31 29... 0:00:41 30. 0:02:30 30... 0:00:42 31. 0:02:30 31... 0:00:41 32. 0:02:29 32... 0:00:42 33. 0:02:25 33... 0:00:41 34. 0:02:25 34... 0:00:40 35. 0:02:24 35... 0:00:40 36. 0:02:23 36... 0:00:39 37. 0:02:22 37... 0:00:38 38. 0:02:15 38... 0:00:35 39. 0:02:15 39... 0:00:35 40. 0:02:09 40... 0:00:36 41. 0:02:10 41... 0:00:31 42. 0:02:10 42... 0:00:31 43. 0:02:10 43... 0:00:31 44. 0:02:10 44... 0:00:33 45. 0:02:10 45... 0:00:32 46. 0:02:11 46... 0:00:33 47. 0:02:12 47... 0:00:33 48. 0:02:12 48... 0:00:31 49. 0:02:12 49... 0:00:32 50. 0:02:13 50... 0:00:32 51. 0:02:14 51... 0:00:31 52. 0:02:14 52... 0:00:32 53. 0:02:15 53... 0:00:32 54. 0:02:11 54... 0:00:32 55. 0:02:13 55... 0:00:30 56. 0:02:13 56... 0:00:28 57. 0:02:14 57... 0:00:28 58. 0:02:14 58... 0:00:29 59. 0:02:14 59... 0:00:28 60. 0:02:15 60... 0:00:26,
Rated Blitz game,https://lichess.org/JmUBdz53,2024.08.01,-,ramgen1968,weirdo_kid,0-1,2024.08.01,00:06:41,1645,1635,,,B01,Scandinavian Defense: Gubinsky-Melts Defense,180+2,Normal,"1. e4 1... d5 2. exd5 2... Qxd5 3. Nc3 3... Qd6 4. Nf3 4... Bg4 5. Be2 5... Nf6 6. O-O 6...
e6 7. h3 7... Bh5 8.
d4 8... c6 9. Bg5 9...
Nbd7 10. Bh4 10... Qc7 11. Re1 11... O-O-O 12. a4 12... Bd6 13. a5 13...
h6 14. a6 14... b6 15.
Qd3 15... Bxf3 16. Bxf3 16... g5 17. Bg3 17...
Bxg3 18. fxg3 18... Qxg3 19. Ne4 19... Nxe4 20.
Qxe4 20... Qc7 21. c4 21... Nf6 22. Qe2 22... h5 23. Rad1 23... g4 24.
hxg4 24... hxg4 25. Bxg4 25... Nxg4 26. Qxg4 26... Qh2 27. Kf2 27... Qh4 28. Qxh4 28... Rxh4 29. Ke3 29... Rh2 30. Re2 30... c5 31. Rf2 31...
Rh7 32. Rdd2 32... cxd4 33. Rxd4 33... Rxd4 34. Kxd4 34... Kc7 35. Ke5 35... Kd7 36. Kf6 36... Rh4 37. b3 37... Rh7 38. Rd2 38... Kc6 39.
b4 39... Rh4 40. Rc2 40... Rf4 41. Ke5 41... Rf5 42. Ke4 42... Rg5 43.
Kf4 43... Rf5 44. Ke4 44... Rg5 45. Kf4 45... Rf5 46. Kg4 46... Kd6 47.
g3 47... Kc6 48. Rd2 48... Re5 49. Rd4 49... f5 50. Kf4 50... Re1 51.
Kf3 51... Rb1 52. g4 52... fxg4 53. Kxg4 53... Rxb4 54. Kf4 54... Kc5 55.
Ke5 55... Rxc4 56. Rd1 56... Kb5 57. Ra1 57... Ra4 58. Rb1 58... Kxa6 59. Kxe6 59... Kb7 60. Kd5 60... Ra5 61. Kc4 61... Rc5 62. Kb4 62... a5 63. Ka4 63... Ka6 64.
Rb2 64... b5 65. Ka3 65... a4 66. Kb4 66... Rc4 67. Ka3 67... Ka5 68.
Rb1 68... b4 69. Ka2 69... a3 70. Rb3 70... Ka4 71. Rh3 71... Rc2 72.
Kb1 72... Rc3 73. Rh2 73... b3 74. Ka1 74... Kb4 75. Rh4 75... Rc4 76.
Rh2 76... Rc1",1. 0:03:00 1... 0:03:00 2. 0:03:00 2... 0:03:02 3. 0:03:02 3... 0:03:03 4. 0:03:03 4... 0:03:03 5. 0:03:03 5... 0:03:05 6. 0:03:04 6... 0:03:05 7. 0:03:04 7... 0:03:06 8. 0:03:01 8... 0:03:07 9. 0:02:51 9... 0:03:02 10. 0:02:50 10... 0:03:03 11. 0:02:33 11... 0:03:02 12. 0:02:27 12... 0:03:04 13. 0:02:07 13... 0:03:04 14. 0:02:07 14... 0:03:05 15. 0:01:34 15... 0:03:03 16. 0:01:35 16... 0:03:04 17. 0:01:36 17... 0:03:04 18. 0:01:37 18... 0:03:06 19. 0:01:36 19... 0:03:05 20. 0:01:36 20... 0:03:02 21. 0:01:33 21... 0:03:02 22. 0:01:31 22... 0:03:02 23. 0:01:29 23... 0:03:03 24. 0:01:15 24... 0:03:05 25. 0:01:16 25... 0:03:05 26. 0:01:17 26... 0:03:07 27. 0:01:18 27... 0:03:06 28. 0:01:19 28... 0:03:07 29. 0:01:15 29... 0:02:49 30. 0:01:15 30... 0:02:34 31. 0:01:12 31... 0:02:27 32. 0:01:08 32... 0:02:26 33. 0:01:07 33... 0:02:28 34. 0:01:08 34... 0:02:29 35. 0:01:06 35... 0:02:29 36. 0:01:06 36... 0:02:11 37. 0:01:06 37... 0:02:10 38. 0:01:05 38... 0:02:10 39. 0:01:05 39... 0:01:49 40. 0:00:56 40... 0:01:46 41. 0:00:56 41... 0:01:46 42. 0:00:57 42... 0:01:38 43. 0:00:45 43... 0:01:37 44. 0:00:45 44... 0:01:28 45. 0:00:46 45... 0:01:29 46. 0:00:47 46... 0:01:26 47. 0:00:48 47... 0:01:15 48. 0:00:44 48... 0:00:58 49. 0:00:42 49... 0:00:49 50. 0:00:42 50... 0:00:46 51. 0:00:22 51... 0:00:38 52. 0:00:19 52... 0:00:39 53. 0:00:21 53... 0:00:39 54. 0:00:23 54... 0:00:39 55. 0:00:24 55... 0:00:37 56. 0:00:19 56... 0:00:34 57. 0:00:18 57... 0:00:34 58. 0:00:16 58... 0:00:34 59. 0:00:18 59... 0:00:28 60. 0:00:16 60... 0:00:28 61. 0:00:17 61... 0:00:28 62. 0:00:17 62... 0:00:27 63. 0:00:13 63... 0:00:25 64. 0:00:11 64... 0:00:26 65. 0:00:12 65... 0:00:24 66. 0:00:12 66... 0:00:25 67. 0:00:12 67... 0:00:26 68. 0:00:10 68... 0:00:26 69. 0:00:08 69... 0:00:27 70. 0:00:08 70... 0:00:26 71. 0:00:08 71... 0:00:23 72. 0:00:07 72... 0:00:22 73. 0:00:07 73... 0:00:21 74. 0:00:08 74... 0:00:22 75. 0:00:08 75... 0:00:23 76. 0:00:10 76... 0:00:19,
Rated Blitz game,https://lichess.org/fUkxEn2i,2024.08.01,-,Garuda84,mateomata57,1-0,2024.08.01,00:06:41,2091,2164,,,B01,Scandinavian Defense: Valencian Variation,180+2,Normal,"1. e4 1... d5 2. exd5 2... Qxd5 3. Nc3 3... Qd8 4. d4 4... g6 5. Nf3 5... Nh6 6. Bc4 6... Nf5 7. O-O 7... Bg7 8. Ne2 8... O-O 9. c3 9... b6 10. Ng3 10... Nxg3 11. hxg3 11... Nd7 12.
Bf4 12... Bb7 13. Qe2 13... c5 14. Rad1 14...
Rc8 15. Rfe1 15... e6 16. d5 16... e5 17.
Nxe5 17... Re8 18. Bb5 18...
Rxe5 19. Bxe5 19... Nxe5 20.
f4 20... Nd7 21. Qe7 21... a6 22. Bxd7 22...
Qxe7 23. Rxe7 23... Rd8 24.
Re8 24... Rxe8 25. Bxe8 25... Kf8 26. Bc6 26...
Bc8 27. d6 27...
Bf6 28. d7",1. 0:03:00 0. 0:03:00 1... 0:03:01 0. 0:03:01 2. 0:03:02 0. 0:03:03 2... 0:03:04 0. 0:03:05 3. 0:03:05 0. 0:03:05 3... 0:02:58 0. 0:03:06 4. 0:02:44 0. 0:03:06 4... 0:02:35 0. 0:03:05 5. 0:02:36 0. 0:03:02 5... 0:02:34 1. 0:02:59 6. 0:02:36 0. 0:02:47 6... 0:02:14 0. 0:02:39 7. 0:02:12 1. 0:02:12 7... 0:02:03 0. 0:02:07 8. 0:01:41 0. 0:01:58 8... 0:01:31 0. 0:00:41 9. 0:00:56 0. 0:00:39 9... 0:00:33 0. 0:00:37 10. 0:00:31 0. 0:00:37 10... 0:00:10 0. 0:00:37 11. 0:00:09 0. 0:00:09 11... 0:00:07 0. 0:00:09 12. 0:00:07 0. 0:00:08 12... 0:00:09 0. 0:00:08 13. 0:00:11 0. 0:00:07 13... 0:00:12 1. 0:00:07 14. 0:00:13 1. 0:00:07 14... 0:00:13,
Rated Blitz game,https://lichess.org/F1xIDZcu,2024.08.01,-,nofishinfridge,vagner63,0-1,2024.08.01,00:06:41,1380,1474,,,B21,Sicilian Defense: McDonnell Attack,180+2,Time forfeit,"1. e4 1... c5 2. f4 2... d6 3. Nc3 3... e5 4. Nge2 4... exf4 5. Nxf4 5... Qh4 6. g3 6...
Qf6 7. Ncd5 7... Qd8 8. Bb5 8... Bd7 9. Bxd7 9... Nxd7 10. Qg4 10... Ngf6 11. Nxf6 11... Nxf6 12. Qf3 12... Be7 13.
d3 13... O-O 14. h4 14... Qd7 15. h5 15... Ng4 16. Nd5 16... Bd8 17.
h6 17... Ne5 18. Qh5 18... g6 19. Nf6 19... Bxf6 20. Qe2 20... Qg4",1. 0:03:00 1... 0:03:00 2. 0:03:00 2... 0:03:01 3. 0:02:58 3... 0:03:02 4. 0:02:45 4... 0:02:58 5. 0:02:42 5... 0:02:55 6. 0:02:43 6... 0:02:48 7. 0:02:34 7... 0:02:42 8. 0:02:10 8... 0:02:32 9. 0:02:09 9... 0:02:32 10. 0:01:36 10... 0:02:27 11. 0:01:35 11... 0:02:25 12. 0:01:15 12... 0:02:14 13. 0:01:09 13... 0:02:13 14. 0:00:51 14... 0:02:06 15. 0:00:47 15... 0:01:49 16. 0:00:33 16... 0:01:30 17. 0:00:30 17... 0:01:23 18. 0:00:19 18... 0:01:19 19. 0:00:09 19... 0:01:16 20. 0:00:02 20... 0:01:07,
Rated Blitz game,https://lichess.org/LFAF4GSK,2024.08.01,-,amir_am,DimitriBermuda,0-1,2024.08.01,00:06:41,1892,1873,,,A00,Polish Opening,180+2,Normal,"1. b4 1... d5 2. Bb2 2... Nf6 3. e3 3... Bf5 4. c4 4... e6 5. cxd5 5... Qxd5 6. Nc3 6...
Qd8 7. Nf3 7... Bxb4 8. Bb5 8... Nbd7 9. Ne5 9... c6 10. Nxd7 10...
Qxd7 11. Bc4 11... O-O 12. O-O 12... b5 13. Be2 13... Rfd8 14. d4 14... Rac8 15. f3 15... a6 16. e4 16... Bg6 17.
Nb1 17... h6 18. a3 18... Ba5 19. a4 19... Bb6 20. axb5 20... axb5 21. Qc2 21... Bxd4 22. Kh1 22... Bxb2 23. Qxb2 23... Qd4 24. Qc2 24... Qxa1",1. 0:03:00 1... 0:03:00 2. 0:03:00 2... 0:02:59 3. 0:03:02 3... 0:02:59 4. 0:02:55 4... 0:02:58 5. 0:02:55 5... 0:02:55 6. 0:02:52 6... 0:02:54 7. 0:02:49 7... 0:02:54 8. 0:02:44 8... 0:02:52 9. 0:02:38 9... 0:02:45 10. 0:02:26 10... 0:02:38 11. 0:02:21 11... 0:02:38 12. 0:02:22 12... 0:02:37 13. 0:02:16 13... 0:02:36 14. 0:02:17 14... 0:02:30 15. 0:02:08 15... 0:02:26 16. 0:02:07 16... 0:02:27 17. 0:01:55 17... 0:02:17 18. 0:01:55 18... 0:02:16 19. 0:01:37 19... 0:02:11 20. 0:01:32 20... 0:02:12 21. 0:01:01 21... 0:02:02 22. 0:01:01 22... 0:02:01 23. 0:01:02 23... 0:01:55 24. 0:00:45 24... 0:01:53,
Rated Blitz game,https://lichess.org/6wCLFGTf,2024.08.01,-,INPERATOREBT,Luk3ch3ss,1-0,2024.08.01,00:06:41,1600,1600,,,C31,King's Gambit Declined: Falkbeer Countergambit Accepted,180+2,Normal,"1. e4 1... e5 2. f4 2... d5 3. exd5 3... Qxd5 4. Nf3 4... e4 5. Nc3 5... Qf5 6. Nd4 6...
Qxf4 7. Bc4 7... Qh4 8. g3 8... Qe7 9. O-O 9... Nf6 10. d3 10... e3 11. Re1 11... Qc5 12.
Rxe3 12... Be7 13. Bxf7 13... Kxf7 14. Nf3 14... Bg4 15. Qf1 15... Nbd7 16. Ng5 16... Qxg5 17. Rxe7 17... Kxe7 18. Bxg5 18... Rhf8 19. Re1 19... Kf7 20. Qg2 20... c6 21. Ne4 21... h6 22.
Bxf6 22... Nxf6 23. Nd6 23... Kg8 24. h3 24...
Bh5 25. g4 25... Bg6 26. b3 26... Rab8 27. Re7 27... Bf7 28. Nxf7 28... Rxf7 29. Rxf7 29... Kxf7 30. h4 30... Nd5 31.
c4 31... Nb4 32. Qf3 32... Kg8 33. a3 33... Nc2 34. a4 34... Rf8 35.
Qe4 35... Nb4 36. g5 36... h5 37. g6 37... a5 38. Qe6 38... Kh8 39.
d4 39... Nd3 40. Qe2 40... Nf4 41. Qe7 41... Nxg6 42. Qxb7 42... Nxh4 43. Qxc6 43... Nf3 44. Kh1 44... Nxd4 45. Qc5 45... Nxb3 46. Qxf8 46... Kh7 47. Qf5 47... g6 48.
Qf7 48... Kh6 49. Qf4 49... Kg7 50. Qe5 50... Kh6 51. c5 51... g5 52. c6 52... g4 53. c7",1. 0:03:00 1... 0:03:00 2. 0:03:00 2... 0:03:00 3. 0:03:00 3... 0:02:59 4. 0:03:00 4... 0:03:00 5. 0:02:59 5... 0:02:54 6. 0:02:41 6... 0:02:54 7. 0:02:37 7... 0:02:33 8. 0:02:38 8... 0:02:19 9. 0:02:36 9... 0:02:19 10. 0:02:22 10... 0:02:16 11. 0:02:23 11... 0:02:15 12. 0:02:17 12... 0:02:14 13. 0:02:10 13... 0:02:14 14. 0:01:46 14... 0:02:10 15. 0:01:39 15... 0:02:07 16. 0:01:31 16... 0:02:01 17. 0:01:31 17... 0:02:00 18. 0:01:33 18... 0:02:01 19. 0:01:32 19... 0:02:02 20. 0:01:25 20... 0:02:01 21. 0:01:19 21... 0:02:01 22. 0:01:19 22... 0:02:01 23. 0:01:17 23... 0:02:00 24. 0:01:11 24... 0:01:57 25. 0:01:11 25... 0:01:57 26. 0:01:05 26... 0:01:46 27. 0:01:04 27... 0:01:39 28. 0:01:03 28... 0:01:40 29. 0:01:03 29... 0:01:41 30. 0:01:03 30... 0:01:35 31. 0:00:59 31... 0:01:22 32. 0:00:56 32... 0:01:22 33. 0:00:54 33... 0:01:21 34. 0:00:52 34... 0:01:18 35. 0:00:48 35... 0:01:11 36. 0:00:47 36... 0:01:07 37. 0:00:46 37... 0:01:00 38. 0:00:45 38... 0:00:57 39. 0:00:45 39... 0:00:38 40. 0:00:37 40... 0:00:38 41. 0:00:31 41... 0:00:37 42. 0:00:29 42... 0:00:37 43. 0:00:28 43... 0:00:38 44. 0:00:24 44... 0:00:38 45. 0:00:22 45... 0:00:39 46. 0:00:22 46... 0:00:38 47. 0:00:22 47... 0:00:39 48. 0:00:22 48... 0:00:40 49. 0:00:19 49... 0:00:39 50. 0:00:18 50... 0:00:40 51. 0:00:19 51... 0:00:38 52. 0:00:20 52... 0:00:38 53. 0:00:20,
Rated Blitz game,https://lichess.org/8bFxwGpp,2024.08.01,-,ramizthekingofchess,Euphronesis,1-0,2024.08.01,00:06:41,1428,1410,,,B27,Sicilian Defense: Hyperaccelerated Dragon,180+2,Time forfeit,"1. e4 1... c5 2. Nf3 2... g6 3. Nc3 3... Bg7 4. d4 4... cxd4 5.
Nxd4 5... Nc6 6. Be3 6... Nf6 7. Bb5 7... O-O 8. O-O 8... a6 9. Bxc6 9... bxc6 10. Re1 10... d5 11. exd5 11... cxd5 12. h3 12... Rb8 13.
b3 13... Bb7 14. Qe2 14... Rc8 15. Na4 15... e5 16. Nf3 16... e4 17.
Nd4 17... Nd7 18. Qd2 18... Nb8 19. Bh6",1. 0:03:00 1... 0:03:00 2. 0:02:59 2... 0:03:01 3. 0:03:00 3... 0:03:01 4. 0:03:01 4... 0:03:02 5. 0:03:03 5... 0:03:03 6. 0:03:04 6... 0:03:04 7. 0:03:03 7... 0:03:04 8. 0:03:03 8... 0:03:05 9. 0:03:01 9... 0:03:05 10. 0:03:02 10... 0:03:00 11. 0:02:57 11... 0:02:53 12. 0:02:42 12... 0:02:41 13. 0:02:40 13... 0:02:28 14. 0:02:29 14... 0:01:56 15. 0:02:03 15... 0:01:37 16. 0:01:51 16... 0:01:20 17. 0:01:39 17... 0:00:54 18. 0:01:21 18... 0:00:24 19. 0:01:17,
Rated Blitz game,https://lichess.org/Rx47mSea,2024.08.01,-,Moriarty15,AtlantisSpringer,1-0,2024.08.01,00:06:41,1722,1670,,,D30,Queen's Gambit Declined,180+2,Normal,"1. d4 1... d5 2. c4 2... e6 3. g3 3... c6 4. Bg2 4... a6 5. Nf3 5... dxc4 6. Qc2 6... b5 7. a4 7... Bb7 8. axb5 8... cxb5 9. O-O 9...
Bd6 10. Rd1 10... Ne7 11. Ne5 11... Bxe5 12. dxe5 12... Qb6 13. Be3 13... Qc7 14. Bxb7 14... Qxb7 15. Qd2 15... O-O 16.
Bc5 16... Re8 17. Qd8 17... Nbc6 18. Qa5 18... Nxe5 19. Nc3 19... N5c6 20.
Qa3 20... a5 21. Ne4 21... Red8 22. Nd6 22... Qc7 23. Qf3 23... f6 24.
Qe4 24... e5 25. Qg4 25... Nc8 26. Qe6 26... Kf8 27. Nxc8 27... Qe7 28. Bxe7 28... Nxe7 29. Qxe7 29... Kg8 30. Rxd8",1. 0:03:00 1... 0:03:00 2. 0:03:02 2... 0:03:01 3. 0:03:03 3... 0:03:01 4. 0:03:04 4... 0:03:02 5. 0:03:02 5... 0:03:01 6. 0:03:02 6... 0:03:02 7. 0:03:01 7... 0:03:01 8. 0:03:01 8... 0:03:03 9. 0:03:00 9... 0:03:00 10. 0:02:57 10... 0:03:00 11. 0:02:56 11... 0:03:01 12. 0:02:55 12... 0:03:02 13. 0:02:49 13... 0:03:00 14. 0:02:44 14... 0:03:00 15. 0:02:43 15... 0:02:59 16. 0:02:42 16... 0:03:00 17. 0:02:15 17... 0:02:54 18. 0:01:59 18... 0:02:53 19. 0:01:54 19... 0:02:50 20. 0:01:47 20... 0:02:43 21. 0:01:40 21... 0:02:31 22. 0:01:31 22... 0:02:28 23. 0:01:09 23... 0:02:22 24. 0:01:02 24... 0:02:19 25. 0:00:49 25... 0:02:04 26. 0:00:28 26... 0:01:57 27. 0:00:15 27... 0:01:46 28. 0:00:14 28... 0:01:45 29. 0:00:14 29... 0:01:43 30. 0:00:13,
Rated Blitz game,https://lichess.org/ZyIYAEem,2024.08.01,-,ItsnotRosen,metti1,1-0,2024.08.01,00:06:41,1445,1442,,,C60,Ruy Lopez,180+2,Time forfeit,"1. e4 1... e5 2. Nf3 2... Nc6 3. Bb5 3... Bd6 4. c3 4... a6 5. Ba4 5... Nf6 6. d3 6...
O-O 7. O-O 7... h6 8.
Nbd2 8... Na5 9. b4 9... b5 10. bxa5 10... bxa4 11. Qxa4 11... Bb7 12.
Nc4 12... Bc6 13. Qc2 13... Bc5 14. Nfxe5 14... Bb7 15. Qa4 15... d6 16.
Nf3 16... Re8 17. h3 17... d5 18. exd5 18... Bxd5 19. Nfd2 19... Ba7 20.
Ba3 20... Nh5 21. d4 21... Qg5 22. f3 22... Ng3 23. Rfe1 23... Re2 24.
Rxe2 24... Nxe2 25. Kh2 25... Nxc3 26. Qd7 26... Qf4 27. Kg1 27... Bxd4 28. Kh1 28... Ne2 29.
Qxd5 29... Ng3 30. Kh2 30... Nf1 31. Kh1 31... Nxd2 32. Bc1",1. 0:03:00 1... 0:03:00 2. 0:03:01 2... 0:03:00 3. 0:03:02 3... 0:03:00 4. 0:03:00 4... 0:03:02 5. 0:03:00 5... 0:03:02 6. 0:03:01 6... 0:03:04 7. 0:02:59 7... 0:03:04 8. 0:02:59 8... 0:02:58 9. 0:02:54 9... 0:02:53 10. 0:02:26 10... 0:02:55 11. 0:02:27 11... 0:02:55 12. 0:02:26 12... 0:02:27 13. 0:02:21 13... 0:02:26 14. 0:02:17 14... 0:02:14 15. 0:02:13 15... 0:02:09 16. 0:01:52 16... 0:02:03 17. 0:01:52 17... 0:02:02 18. 0:01:47 18... 0:02:03 19. 0:01:33 19... 0:01:52 20. 0:01:16 20... 0:01:33 21. 0:01:06 21... 0:01:30 22. 0:00:40 22... 0:01:21 23. 0:00:37 23... 0:01:02 24. 0:00:24 24... 0:01:00 25. 0:00:23 25... 0:00:51 26. 0:00:18 26... 0:00:20 27. 0:00:15 27... 0:00:20 28. 0:00:14 28... 0:00:12 29. 0:00:09 29... 0:00:12 30. 0:00:07 30... 0:00:06 31. 0:00:08 31... 0:00:06 32. 0:00:05,
Rated Blitz game,https://lichess.org/YdLKzEc9,2024.08.01,-,BT32,CBJ10,0-1,2024.08.01,00:06:41,1543,1518,,,B10,Caro-Kann Defense,180+2,Normal,"1. e4 1... c6 2. Nf3 2... d5 3. exd5 3... cxd5 4. d4 4... Nf6 5. Bb5 5... Bd7 6. Bxd7 6...
Nbxd7 7. O-O 7... e6 8. Bg5 8... Be7 9. Ne5 9... Rc8 10. c3 10... a6 11. Nd2 11... b5 12.
Qe2 12... O-O 13. Rad1 13... Nb6 14. Ndf3 14... Nc4 15. b3 15... Nxe5 16.
dxe5 16... Ne4 17. Bxe7 17... Qxe7 18. Rc1 18... Rxc3 19. Rxc3 19... Nxc3 20. Qc2 20... Ne4 21.
Rc1 21... Qa7 22. h4 22... Ng3 23. Qc7 23... Qxc7 24. Rxc7 24... Ne2 25. Kf1 25... Nf4 26. g3 26... Ng6 27. Ra7 27... Rc8 28. Rxa6 28... Rc1 29. Kg2 29... Rc2 30.
Ra5 30... b4 31. Ra4 31... h6 32. h5 32... Ne7 33. Ra8 33... Kh7 34.
Ra4 34... Nf5 35. Rxb4 35... Rxa2 36. Rb7 36... Kg8 37. Rb8 37... Kh7 38.
b4 38... Ne3 39. Kg1 39... Ra1 40. Kh2 40... Nf1 41. Kg2 41... Rb1 42.
b5 42... Rd1 43. b6 43... Nd2 44. Nxd2 44... Rxd2 45. b7 45... Rb2 46.
Kf3 46... Rb4 47. Ke3 47... Re4 48. Kd3 48... Rb4 49. Kc3 49... Rb6 50.
Kd4 50... Rb4 51. Kc5 51... Rb1 52. Kd6 52... d4 53. Ke7 53... d3 54.
Kxf7 54... d2 55. Rd8 55... Rxb7 56. Ke8 56... Rb8 57. Ke7 57... Rxd8 58.
Kxd8 58... d1=Q",1. 0:03:00 1... 0:03:00 2. 0:03:01 2... 0:03:01 3. 0:03:01 3... 0:03:03 4. 0:03:02 4... 0:03:04 5. 0:03:03 5... 0:03:05 6. 0:02:59 6... 0:03:05 7. 0:03:00 7... 0:03:04 8. 0:03:01 8... 0:03:05 9. 0:03:02 9... 0:03:05 10. 0:03:00 10... 0:03:02 11. 0:03:00 11... 0:03:02 12. 0:02:57 12... 0:03:02 13. 0:02:55 13... 0:02:46 14. 0:02:50 14... 0:02:46 15. 0:02:49 15... 0:02:45 16. 0:02:44 16... 0:02:45 17. 0:02:39 17... 0:02:45 18. 0:02:39 18... 0:02:34 19. 0:02:32 19... 0:02:35 20. 0:02:33 20... 0:02:34 21. 0:02:32 21... 0:02:31 22. 0:02:14 22... 0:02:27 23. 0:02:08 23... 0:02:26 24. 0:02:09 24... 0:02:20 25. 0:02:09 25... 0:02:19 26. 0:02:09 26... 0:02:18 27. 0:02:09 27... 0:02:15 28. 0:02:09 28... 0:02:16 29. 0:02:07 29... 0:02:16 30. 0:02:03 30... 0:02:14 31. 0:02:02 31... 0:01:43 32. 0:02:00 32... 0:01:41 33. 0:01:56 33... 0:01:42 34. 0:01:51 34... 0:01:41 35. 0:01:49 35... 0:01:42 36. 0:01:49 36... 0:01:39 37. 0:01:50 37... 0:01:38 38. 0:01:49 38... 0:01:32 39. 0:01:47 39... 0:01:30 40. 0:01:45 40... 0:01:30 41. 0:01:41 41... 0:01:21 42. 0:01:41 42... 0:01:17 43. 0:01:41 43... 0:01:15 44. 0:01:41 44... 0:01:16 45. 0:01:42 45... 0:01:17 46. 0:01:40 46... 0:01:16 47. 0:01:39 47... 0:01:17 48. 0:01:38 48... 0:01:17 49. 0:01:37 49... 0:01:16 50. 0:01:37 50... 0:01:16 51. 0:01:37 51... 0:01:16 52. 0:01:35 52... 0:01:15 53. 0:01:32 53... 0:01:16 54. 0:01:23 54... 0:01:17 55. 0:01:24 55... 0:01:13 56. 0:01:21 56... 0:01:14 57. 0:01:19 57... 0:01:15 58. 0:01:19 58... 0:01:17,
Rated Blitz game,https://lichess.org/Z5khKOoi,2024.08.01,-,aamer2001,RandyAndy64,0-1,2024.08.01,00:06:41,1970,2069,,,B22,"Sicilian Defense: Alapin Variation, Smith-Morra Declined",180+2,Normal,"1. e4 1... c5 2. d4 2... cxd4 3. c3 3... Nf6 4. e5 4... Nd5 5. Bc4 5... e6 6. cxd4 6...
b6 7. Bxd5 7... exd5 8. Ne2 8... Nc6 9. Nbc3 9... Bb4 10. O-O 10...
Bxc3 11. Nxc3 11... O-O 12. Nxd5 12... Bb7 13.
Ne3 13... d6 14. exd6 14... Qxd6 15. Nc2 15... Rad8 16. Be3 16... Qg6 17.
f3 17... Rfe8 18. Bf2 18... Ne5 19. Ne1 19... h5 20. Qb3 20... Nc6 21.
h4 21... Ba6 22. Rd1 22... Bxf1 23. Kxf1 23... Na5 24. Qb4 24... Qf6 25.
Nd3 25... Nc6 26. Qc3 26... Rc8 27. Qa3 27... a5 28. b3 28... Nxd4 29.
Nb2 29... Nxf3 30. gxf3 30... Qxf3 31. Qd6 31... Rc2 32. Qd4 32... Ree2 33. Qd8 33... Kh7 34.
Qd3 34... Qxd3 35. Nxd3 35... Rxa2 36. b4 36... axb4 37. Nxb4 37... Rxf2 38. Kg1 38... Rg2 39.
Kf1 39... Raf2 40. Ke1 40... Rb2 41. Nd3 41... Rg1",1. 0:03:00 1... 0:03:00 2. 0:03:01 2... 0:03:01 3. 0:03:02 3... 0:03:01 4. 0:03:03 4... 0:03:02 5. 0:03:04 5... 0:03:02 6. 0:03:03 6... 0:03:02 7. 0:03:00 7... 0:03:03 8. 0:03:01 8... 0:02:57 9. 0:02:58 9... 0:02:33 10. 0:02:58 10... 0:02:31 11. 0:03:00 11... 0:02:31 12. 0:03:01 12... 0:02:31 13. 0:02:49 13... 0:02:22 14. 0:02:41 14... 0:02:23 15. 0:02:40 15... 0:02:20 16. 0:02:40 16... 0:02:17 17. 0:02:25 17... 0:02:16 18. 0:02:22 18... 0:02:09 19. 0:02:10 19... 0:01:48 20. 0:02:02 20... 0:01:29 21. 0:01:52 21... 0:01:25 22. 0:01:41 22... 0:01:24 23. 0:01:43 23... 0:01:12 24. 0:01:30 24... 0:00:50 25. 0:01:23 25... 0:00:49 26. 0:01:19 26... 0:00:48 27. 0:00:59 27... 0:00:46 28. 0:00:59 28... 0:00:40 29. 0:00:34 29... 0:00:34 30. 0:00:33 30... 0:00:35 31. 0:00:25 31... 0:00:26 32. 0:00:24 32... 0:00:24 33. 0:00:23 33... 0:00:25 34. 0:00:12 34... 0:00:25 35. 0:00:12 35... 0:00:25 36. 0:00:12 36... 0:00:25 37. 0:00:12 37... 0:00:25 38. 0:00:14 38... 0:00:26 39. 0:00:15 39... 0:00:26 40. 0:00:15 40... 0:00:26 41. 0:00:16 41... 0:00:25,
Rated Blitz game,https://lichess.org/zIBaxPZv,2024.08.01,-,follik,Eagleshieldsbay,1-0,2024.08.01,00:06:41,2283,2298,,,C44,Ponziani Opening: Steinitz Variation,180+2,Normal,"1. e4 1... e5 2. Nf3 2... Nc6 3. c3 3... d5 4. Qa4 4... f6 5. exd5 5... Qxd5 6. d4 6... e4 7. Bc4 7... Qf5 8.
Nfd2 8... Ne7 9. O-O 9... Bd7 10. Qc2 10... e3 11. Bd3 11... exf2 12. Rxf2 12... Qh5 13. Ne4 13... O-O-O 14. Bf4 14... Nd5 15. Bg3 15... f5 16. Nc5 16... Bxc5 17.
dxc5 17... Rhe8 18. Nd2 18... Ne3 19. Qa4 19... Nd1 20. Qxd1 20... Qf7 21. Bc4 21... Qf8 22.
Nf3 22... Qxc5 23. Qd5 23... Qb6 24. Qb5 24... Qe3 25. Bh4 25... Nd4 26.
Qd5 26... Be6 27. Qxd8 27... Rxd8 28. Bxe6 28... Qxe6 29. Nxd4 29... Rxd4 30. cxd4 30... g6 31.
Kf1 31... Qc4 32. Kg1 32... Kd7 33. Rd1 33... Qxa2 34. Rfd2 34... a5 35.
Bg3 35... a4 36. h4 36... Qd5 37. Rc1 37... c6 38. Rc5 38... Qe4 39.
Re5 39... Qb1 40. Kh2 40... Qc1 41. Rde2 41... Qd1 42. Re7 42... Kc8 43.
Re8 43... Kd7 44. R2e7",1. 0:03:00 1... 0:03:00 2. 0:03:01 2... 0:03:00 3. 0:03:02 3... 0:03:01 4. 0:03:02 4... 0:02:58 5. 0:02:49 5... 0:02:58 6. 0:02:46 6... 0:02:59 7. 0:02:36 7... 0:02:58 8. 0:02:34 8... 0:02:46 9. 0:02:29 9... 0:02:45 10. 0:02:28 10... 0:02:35 11. 0:02:15 11... 0:02:31 12. 0:02:16 12... 0:02:19 13. 0:02:01 13... 0:02:17 14. 0:01:44 14... 0:02:16 15. 0:01:41 15... 0:01:58 16. 0:01:26 16... 0:01:57 17. 0:01:26 17... 0:01:45 18. 0:01:14 18... 0:01:31 19. 0:01:15 19... 0:01:16 20. 0:01:10 20... 0:01:14 21. 0:00:57 21... 0:01:10 22. 0:00:56 22... 0:01:09 23. 0:00:49 23... 0:01:01 24. 0:00:47 24... 0:00:51 25. 0:00:17 25... 0:00:38 26. 0:00:15 26... 0:00:29 27. 0:00:08 27... 0:00:27 28. 0:00:05 28... 0:00:24 29. 0:00:03 29... 0:00:22 30. 0:00:04 30... 0:00:23 31. 0:00:02 31... 0:00:22 32. 0:00:03 32... 0:00:22 33. 0:00:04 33... 0:00:23 34. 0:00:05 34... 0:00:23 35. 0:00:06 35... 0:00:23 36. 0:00:07 36... 0:00:22 37. 0:00:07 37... 0:00:23 38. 0:00:08 38... 0:00:23 39. 0:00:08 39... 0:00:23 40. 0:00:09 40... 0:00:24 41. 0:00:10 41... 0:00:24 42. 0:00:10 42... 0:00:11 43. 0:00:12 43... 0:00:12 44. 0:00:11,
Rated Blitz game,https://lichess.org/Y6hEvLaU,2024.08.01,-,Amadocfg,Ramiro1911,1-0,2024.08.01,00:05:53,1733,1730,,,C41,Philidor Defense,180+2,Normal,"1. e4 1... e5 2. Nf3 2... d6 3. Bc4 3... Nd7 4. d3 4... Be7 5. c3 5... Ngf6 6. O-O 6...
c6 7. h3 7... b5 8.
Bb3 8... Nc5 9. Bc2 9... Bb7 10. b4 10... Ncd7 11. Be3 11... d5 12.
exd5 12... cxd5 13. Re1 13... O-O 14. Na3 14... Bc6 15. Rc1 15... Qc7 16. Bb1 16... e4 17.
Nd4 17... a6 18. Nac2 18... Ne5 19. Nxc6 19... Qxc6 20. Nd4 20... Qd6 21.
Nf5 21... Qc7 22. Nxe7 22... Qxe7 23. dxe4 23... dxe4 24. Bd4 24... Rad8 25. Qc2 25... Nc6 26.
Bxf6 26... Qxf6 27. Qxe4 27... g6 28. Re3 28...
Rfe8 29. Qf3 29... Qxf3 30. Rxf3 30... Rd2 31.
Kf1 31... Ree2 32. Re1 32... Rxe1 33. Kxe1 33... Rb2 34. Be4 34... Ne5 35.
Re3 35... Nc4 36. Re2 36... Rxe2 37. Kxe2 37... f5 38. Bd5 38... Kg7 39.
Bxc4 39... bxc4 40. Ke3 40... Kf6 41. Kd4 41... h5 42. Kxc4 42... Ke6 43. Kd4 43... g5 44.
c4 44... Kd6 45. a4 45... Ke6 46. b5 46... axb5 47. cxb5 47... Kd7 48.
Ke5",1. 0:03:00 1... 0:03:00 2. 0:03:00 2... 0:03:01 3. 0:03:02 3... 0:03:01 4. 0:03:02 4... 0:03:02 5. 0:03:03 5... 0:03:02 6. 0:03:03 6... 0:03:04 7. 0:03:02 7... 0:03:05 8. 0:03:03 8... 0:03:05 9. 0:03:03 9... 0:03:05 10. 0:03:05 10... 0:03:05 11. 0:03:04 11... 0:03:04 12. 0:03:05 12... 0:03:06 13. 0:03:02 13... 0:03:04 14. 0:02:58 14... 0:03:02 15. 0:02:59 15... 0:03:02 16. 0:02:58 16... 0:03:02 17. 0:02:54 17... 0:02:59 18. 0:02:47 18... 0:02:55 19. 0:02:38 19... 0:02:53 20. 0:02:27 20... 0:02:48 21. 0:02:24 21... 0:02:47 22. 0:02:24 22... 0:02:46 23. 0:02:23 23... 0:02:46 24. 0:02:24 24... 0:02:44 25. 0:02:11 25... 0:02:41 26. 0:02:07 26... 0:02:33 27. 0:02:05 27... 0:02:22 28. 0:01:57 28... 0:02:20 29. 0:01:44 29... 0:02:09 30. 0:01:44 30... 0:02:09 31. 0:01:35 31... 0:02:09 32. 0:01:35 32... 0:02:06 33. 0:01:35 33... 0:02:07 34. 0:01:33 34... 0:02:03 35. 0:01:28 35... 0:01:54 36. 0:01:24 36... 0:01:46 37. 0:01:24 37... 0:01:45 38. 0:01:23 38... 0:01:45 39. 0:01:24 39... 0:01:47 40. 0:01:25 40... 0:01:47 41. 0:01:26 41... 0:01:47 42. 0:01:27 42... 0:01:47 43. 0:01:19 43... 0:01:43 44. 0:01:06 44... 0:01:43 45. 0:01:06 45... 0:01:42 46. 0:01:06 46... 0:01:42 47. 0:01:04 47... 0:01:43 48. 0:01:05,
Rated Blitz game,https://lichess.org/Q50dNlpZ,2024.08.01,-,saidbir83,Aiglevaste,0-1,2024.08.01,00:06:32,1682,1594,,,A00,Van Geet Opening: Napoleon Attack,180+2,Normal,"1. Nc3 1... e5 2. Nf3 2... Nc6 3. d4 3... exd4 4. Nxd4 4... Nxd4 5.
Qxd4 5... Nf6 6. Qe5 6... Be7 7. Nd5 7... d6 8. Nxf6 8... gxf6 9.
Qe4 9... c6 10. c4 10... Be6 11. b3 11... d5 12. Qd4 12... c5 13.
Qf4 13... Bd6 14. Qf3 14... Be5 15. Rb1 15... Qd6 16. g3 16... Qd7 17.
Bg2 17... Rd8 18. O-O 18... h5 19. Bf4 19... h4 20. Bxe5 20... fxe5 21. Rbd1 21... d4 22. e4 22... hxg3 23. fxg3 23... Bh3 24. Rf2 24... Bg4 25. Qd3 25... Bxd1 26.
Qxd1 26... Qe6 27. Rf5 27... Ke7 28. Qf1 28... Qg6 29. Bf3 29... f6 30.
g4 30... Qh6 31. Rh5 31... Qe3 32. Kg2 32... Rdg8 33. Rxh8 33... Rxh8 34. h3 34... Qg5 35. Qf2 35... b6 36. a3 36...
d3 37. b4 37... d2 38.
bxc5 38... Qh6 39. cxb6 39... Qxh3 40. Kg1 40... Qh1 41. Bxh1 41... d1=Q 42. Kg2 42... Qxh1 43. Kg3 43... Rh3",1. 0:03:00 1... 0:03:00 2. 0:03:00 2... 0:02:57 3. 0:02:59 3... 0:02:53 4. 0:03:00 4... 0:02:54 5. 0:03:01 5... 0:02:55 6. 0:03:03 6... 0:02:56 7. 0:03:02 7... 0:02:51 8. 0:03:00 8... 0:02:51 9. 0:02:59 9... 0:02:48 10. 0:02:59 10... 0:02:46 11. 0:03:00 11... 0:02:43 12. 0:02:59 12... 0:02:40 13. 0:02:54 13... 0:02:36 14. 0:02:53 14... 0:02:33 15. 0:02:53 15... 0:02:28 16. 0:02:51 16... 0:02:28 17. 0:02:51 17... 0:02:23 18. 0:02:51 18... 0:02:10 19. 0:02:52 19... 0:02:05 20. 0:02:52 20... 0:02:05 21. 0:02:52 21... 0:02:05 22. 0:02:51 22... 0:02:02 23. 0:02:52 23... 0:02:02 24. 0:02:46 24... 0:02:00 25. 0:02:45 25... 0:02:00 26. 0:02:45 26... 0:01:54 27. 0:02:46 27... 0:01:55 28. 0:02:43 28... 0:01:46 29. 0:02:40 29... 0:01:40 30. 0:02:38 30... 0:01:32 31. 0:02:35 31... 0:01:31 32. 0:02:35 32... 0:01:28 33. 0:02:35 33... 0:01:28 34. 0:02:35 34... 0:01:18 35. 0:02:35 35... 0:01:07 36. 0:02:35 36... 0:01:06 37. 0:02:33 37... 0:01:05 38. 0:02:33 38... 0:00:59 39. 0:02:35 39... 0:00:59 40. 0:02:33 40... 0:00:59 41. 0:02:34 41... 0:00:59 42. 0:02:23 42... 0:00:57 43. 0:02:23 43... 0:00:54,
Rated Blitz game,https://lichess.org/jThGejh0,2024.08.01,-,AyhanKaraca,sirbeefheart,1-0,2024.08.01,00:06:32,1208,1137,,,A00,Van't Kruijs Opening,180+2,Normal,"1. e3 1... c5 2. d4 2... cxd4 3. exd4 3... Nf6 4. Be3 4... e6 5. Nc3 5... Be7 6. Bd3 6...
O-O 7. Nf3 7... Nc6 8.
O-O 8... d5 9. Ne5 9... Nxe5 10. dxe5 10... Ne4 11. Qh5 11... g6 12.
Qf3 12... f5 13. Nxe4 13... fxe4 14. Qh3 14... exd3 15. Bh6 15... Rf5 16.
cxd3 16... Rh5 17. Qf3 17... Rxh6 18. Rad1 18... Rh4 19. Qe3 19... Bg5 20.
Qc5 20... Bf4 21. g3 21... Qg5 22. Qb5 22... Bxe5 23. Qe8 23... Kg7 24.
f4 24... Bxf4 25. Rxf4 25... Rxf4 26. Rf1 26... Rf8 27. Qxf8",1. 0:03:00 1... 0:03:00 2. 0:03:02 2... 0:03:01 3. 0:03:04 3... 0:02:57 4. 0:03:06 4... 0:02:58 5. 0:03:08 5... 0:02:57 6. 0:03:09 6... 0:02:57 7. 0:03:11 7... 0:02:57 8. 0:03:12 8... 0:02:54 9. 0:03:11 9... 0:02:53 10. 0:03:13 10... 0:02:54 11. 0:03:15 11... 0:02:41 12. 0:03:04 12... 0:02:20 13. 0:02:51 13... 0:02:09 14. 0:02:44 14... 0:02:07 15. 0:02:45 15... 0:01:56 16. 0:02:34 16... 0:01:56 17. 0:02:16 17... 0:01:53 18. 0:02:12 18... 0:01:37 19. 0:02:14 19... 0:01:24 20. 0:02:13 20... 0:01:10 21. 0:02:13 21... 0:00:56 22. 0:01:46 22... 0:00:51 23. 0:01:42 23... 0:00:45 24. 0:01:40 24... 0:00:28 25. 0:01:37 25... 0:00:27 26. 0:01:33 26... 0:00:13 27. 0:01:21,
Rated Blitz game,https://lichess.org/YS2naDl8,2024.08.01,-,leanyeste,frafrafra,1-0,2024.08.01,00:06:32,1747,1714,,,C00,French Defense: Knight Variation,180+2,Normal,"1. e4 1... e6 2. Nf3 2... d5 3. exd5 3... exd5 4. d4 4... Nf6 5. Bg5 5... Bd6 6. Nc3 6...
c6 7. Bd3 7... h6 8.
Qe2 8... Be6 9. Bxf6 9... Qxf6 10. O-O-O 10... O-O 11. Kb1 11... Nd7 12.
Rde1 12... Bg4 13. h3 13... Bh5 14. g4 14... Bg6 15. Qd2 15... Bxd3 16.
Qxd3 16... Rfe8 17. Rxe8 17... Rxe8 18. Nd1 18... Nb6 19. Re1 19... Rxe1 20. Nxe1 20... Nc4 21.
c3 21... Qf4 22. Ne3 22... Nxe3 23. Qxe3 23... Qxe3 24. fxe3 24... g5 25.
Kc2 25... Bg3 26. Nd3 26... f6 27. Nc5 27... b6 28. Nb3 28... Kf7 29.
Kd3 29... Ke6 30. e4 30... dxe4 31. Kxe4 31... Bf2 32. Nc1 32... c5 33.
d5 33... Kd6 34. Nd3 34... Bg1 35. c4 35... a6 36. a3 36... b5 37. b3 37... bxc4 38. bxc4 38... Bd4 39. Nc1 39... Bb2 40. Nb3 40... Bxa3 41.
Na5 41... Bb4 42. Nc6 42... a5 43. Kd3 43... a4 44. Kc2 44... a3 45.
Kb3 45... Kd7 46. Ka2 46... Bc3 47. Kxa3 47... Ke8 48. Kb3 48... Be5 49.
Kc2 49... Kf7 50. Kd3 50... Kg6 51. Ke4 51... h5 52. Nxe5 52... fxe5 53. Kxe5 53... hxg4 54. hxg4 54... Kf7 55. Kd6 55... Kf6 56. Kc7 56... Ke5 57. d6 57... Kf4 58.
d7 58... Kxg4 59. d8=Q 59... Kf3 60. Qd5 60... Kg3 61. Qxc5 61... g4 62.
Qe3 62... Kh4 63. Kd6 63... g3 64. c5 64... g2 65. c6 65... Kg4 66.
c7 66... g1=Q 67. Qxg1 67... Kh3 68. c8=Q 68... Kh4 69. Qcg4",1. 0:03:00 1... 0:03:00 2. 0:03:00 2... 0:02:59 3. 0:03:01 3... 0:03:00 4. 0:03:02 4... 0:03:01 5. 0:03:03 5... 0:02:58 6. 0:03:02 6... 0:02:59 7. 0:02:58 7... 0:03:00 8. 0:02:57 8... 0:02:59 9. 0:02:57 9... 0:03:00 10. 0:02:57 10... 0:03:00 11. 0:02:55 11... 0:03:01 12. 0:02:53 12... 0:02:57 13. 0:02:45 13... 0:02:49 14. 0:02:46 14... 0:02:50 15. 0:02:45 15... 0:02:49 16. 0:02:45 16... 0:02:46 17. 0:02:44 17... 0:02:46 18. 0:02:43 18... 0:02:40 19. 0:02:42 19... 0:02:35 20. 0:02:44 20... 0:02:36 21. 0:02:43 21... 0:02:29 22. 0:02:35 22... 0:02:20 23. 0:02:33 23... 0:02:15 24. 0:02:32 24... 0:02:11 25. 0:02:28 25... 0:02:11 26. 0:02:27 26... 0:02:09 27. 0:02:28 27... 0:02:10 28. 0:02:23 28... 0:02:07 29. 0:02:24 29... 0:02:07 30. 0:02:25 30... 0:02:04 31. 0:02:27 31... 0:02:00 32. 0:02:24 32... 0:01:58 33. 0:02:25 33... 0:01:59 34. 0:02:24 34... 0:01:57 35. 0:02:22 35... 0:01:56 36. 0:02:22 36... 0:01:57 37. 0:02:22 37... 0:01:56 38. 0:02:22 38... 0:01:52 39. 0:02:17 39... 0:01:51 40. 0:02:15 40... 0:01:51 41. 0:02:10 41... 0:01:37 42. 0:02:11 42... 0:01:34 43. 0:02:11 43... 0:01:27 44. 0:02:09 44... 0:01:22 45. 0:02:10 45... 0:01:09 46. 0:02:08 46... 0:00:55 47. 0:02:08 47... 0:00:41 48. 0:02:08 48... 0:00:41 49. 0:02:09 49... 0:00:41 50. 0:02:10 50... 0:00:42 51. 0:02:11 51... 0:00:37 52. 0:02:12 52... 0:00:38 53. 0:02:13 53... 0:00:38 54. 0:02:14 54... 0:00:39 55. 0:02:15 55... 0:00:38 56. 0:02:10 56... 0:00:37 57. 0:02:11 57... 0:00:37 58. 0:02:13 58... 0:00:39 59. 0:02:15 59... 0:00:40 60. 0:02:16 60... 0:00:41 61. 0:02:17 61... 0:00:42 62. 0:02:18 62... 0:00:42 63. 0:02:19 63... 0:00:42 64. 0:02:20 64... 0:00:43 65. 0:02:21 65... 0:00:41 66. 0:02:19 66... 0:00:38 67. 0:02:18 67... 0:00:37 68. 0:02:20 68... 0:00:34 69. 0:02:20,
Rated Blitz game,https://lichess.org/0rpaoB8m,2024.08.01,-,OutOfTouch,elmancosinnombre,1-0,2024.08.01,00:06:32,2289,2200,,,C26,"Bishop's Opening: Vienna Hybrid, Spielmann Attack",180+2,Time forfeit,"1. e4 1... e5 2. Bc4 2... Nf6 3. d3 3... Bc5 4. Nc3 4... Nc6 5. f4 5... d6 6. Nf3 6...
Nd4 7. fxe5 7... Nxf3 8. Qxf3 8... dxe5 9. Bg5 9... Be7 10. O-O 10...
c6 11. a4 11... O-O 12. a5 12... Qd6 13. h3 13... Be6 14. Bxe6 14... Qxe6 15. Nd1 15... Nd7 16. Bxe7 16... Qxe7 17. Ne3 17... Nc5 18. Nf5 18... Qg5 19. Kh1 19... Ne6 20. g3 20... Rad8 21. c3 21... Qd2 22.
Rad1 22... Qxb2 23. Qg4 23... Qxc3 24. Nh6 24... Kh8 25. Nxf7 25... Rxf7 26. Rxf7 26... Qb3 27.
Rdf1 27... h6 28. Re7 28... Ng5 29. h4 29... Qxd3 30. Rf5 30... Qxe4 31. Qxe4 31... Nxe4 32. Rff7 32... Nxg3 33. Kg2 33... Nh5 34. Rxb7 34... a6 35. Rbc7 35... Rd5 36.
Rxc6 36... Rxa5 37. Ra7 37... Ra2 38. Kf3 38... a5 39. Rca6 39... Ra3 40. Kg4 40... Nf6 41.
Kf5 41... Rf3 42. Kg6 42... Rg3 43. Kf7 43... e4 44. Re7 44... e3 45.
Rxa5 45... Rf3 46. Kg6 46... Rg3 47. Kf5 47... Nh5 48. Rae5",1. 0:03:00 1... 0:03:00 2. 0:03:00 2... 0:02:54 3. 0:03:00 3... 0:02:34 4. 0:03:00 4... 0:02:31 5. 0:02:53 5... 0:02:19 6. 0:02:53 6... 0:02:07 7. 0:02:50 7... 0:02:03 8. 0:02:48 8... 0:02:00 9. 0:02:45 9... 0:01:56 10. 0:02:05 10... 0:01:37 11. 0:01:57 11... 0:01:28 12. 0:01:56 12... 0:01:22 13. 0:01:43 13... 0:01:19 14. 0:01:35 14... 0:01:16 15. 0:01:35 15... 0:01:13 16. 0:01:33 16... 0:01:13 17. 0:01:33 17... 0:01:09 18. 0:01:32 18... 0:00:59 19. 0:01:21 19... 0:00:55 20. 0:01:19 20... 0:00:48 21. 0:01:16 21... 0:00:32 22. 0:00:55 22... 0:00:27 23. 0:00:42 23... 0:00:20 24. 0:00:42 24... 0:00:18 25. 0:00:42 25... 0:00:18 26. 0:00:44 26... 0:00:12 27. 0:00:39 27... 0:00:13 28. 0:00:27 28... 0:00:12 29. 0:00:24 29... 0:00:14 30. 0:00:07 30... 0:00:15 31. 0:00:08 31... 0:00:17 32. 0:00:07 32... 0:00:16 33. 0:00:06 33... 0:00:18 34. 0:00:06 34... 0:00:19 35. 0:00:07 35... 0:00:18 36. 0:00:07 36... 0:00:20 37. 0:00:07 37... 0:00:20 38. 0:00:08 38... 0:00:21 39. 0:00:08 39... 0:00:22 40. 0:00:09 40... 0:00:23 41. 0:00:10 41... 0:00:25 42. 0:00:10 42... 0:00:25 43. 0:00:05 43... 0:00:20 44. 0:00:03 44... 0:00:16 45. 0:00:03 45... 0:00:13 46. 0:00:04 46... 0:00:08 47. 0:00:05 47... 0:00:05 48. 0:00:03,
Rated Blitz game,https://lichess.org/0H8L2KzX,2024.08.01,-,chimsgbi,kk77777,1-0,2024.08.01,00:06:32,1569,1534,,,B01,Scandinavian Defense: Main Line,180+2,Normal,"1. e4 1... d5 2. exd5 2... Qxd5 3. Nc3 3... Qa5 4. Nf3 4... Nf6 5. Bc4 5... Bf5 6. O-O 6... e6 7. a3 7... Nbd7 8. d3 8... c6 9. Be3 9...
Bd6 10. b4 10... Qc7 11. h3 11... O-O 12.
b5 12... h6 13. bxc6 13... Qxc6 14. Ra2 14... b6 15. Bb5 15... Qxc3 16.
Bd4 16... Qa5 17. Bxd7 17... Nxd7 18. Nh4 18... Bh7 19.
Qg4 19... Qd5 20. Qxg7",1. 0:03:00 0. 0:03:00 1... 0:03:01 0. 0:03:02 2. 0:03:03 0. 0:03:04 2... 0:03:04 0. 0:03:04 3. 0:03:02 0. 0:03:05 3... 0:03:01 0. 0:03:04 4. 0:02:55 0. 0:02:58 4... 0:02:42 0. 0:02:58 5. 0:02:36 0. 0:02:50 5... 0:02:15 0. 0:02:50 6. 0:02:07 0. 0:02:44 6... 0:01:59 0. 0:02:39 7. 0:01:53 0. 0:02:32 7... 0:01:39 0. 0:02:30 8. 0:01:30 0. 0:02:22 8... 0:01:13 0. 0:02:09 9. 0:01:06 0. 0:02:08 9... 0:00:51 0. 0:02:06 10. 0:00:33 0. 0:02:01 10... 0:00:30,
Rated Blitz game,https://lichess.org/rZcAMxgN,2024.08.01,-,Juliodav,Assou8,1-0,2024.08.01,00:06:32,1988,1930,,,C40,King's Pawn Game: Busch-Gass Gambit,180+2,Normal,"1. e4 1... e5 2. Nf3 2... Bc5 3. Bc4 3... d6 4. c3 4... Bg4 5. Bb3 5... Nc6 6. d3 6... a6 7. Nbd2 7... Nge7 8.
h3 8... Bh5 9. Nf1 9... O-O 10. Ng3 10... Bg6 11. Nh4 11... b5 12.
Nhf5 12... a5 13. Bg5 13... a4 14. Bd5 14... Bxf5 15. Nxf5 15... Qe8 16.
Nxe7 16... Nxe7 17. Bxe7 17... Qxe7 18. Bxa8 18... Rxa8 19. O-O 19... Qg5 20. Qf3 20... Rf8 21.
a3 21... f5 22. exf5 22... Rxf5 23. Qd5 23... Rf7 24. d4 24... exd4 25.
Qxg5 25... dxc3 26. bxc3 26... h6 27. Qd5 27...
Kf8 28. Rad1 28... g6 29. c4 29... Bxa3 30. cxb5 30... Bc5 31. Ra1 31... a3 32. Qd2 32... Kg7 33. Qc3 33... Kh7 34.
Rxa3 34... g5 35. Ra6 35... h5 36. Qd3 36... Kg7 37. Qc3 37... Rf6 38.
Ra8 38... Kf7 39. Qc4 39... Ke7 40. Qg8 40... g4 41. hxg4 41... hxg4 42. Qxg4 42... d5 43. Qg7 43... Rf7 44. Qe5 44... Kd7 45. Qxd5 45... Bd6 46. Qxf7",1. 0:03:00 1... 0:03:00 2. 0:03:01 2... 0:03:01 3. 0:03:02 3... 0:03:03 4. 0:03:03 4... 0:03:04 5. 0:03:02 5... 0:03:05 6. 0:03:03 6... 0:03:06 7. 0:03:04 7... 0:03:08 8. 0:03:05 8... 0:03:08 9. 0:03:06 9... 0:03:09 10. 0:03:07 10... 0:03:07 11. 0:03:07 11... 0:03:04 12. 0:03:04 12... 0:02:59 13. 0:02:57 13... 0:02:57 14. 0:02:52 14... 0:02:49 15. 0:02:49 15... 0:02:35 16. 0:02:40 16... 0:02:32 17. 0:02:41 17... 0:02:30 18. 0:02:41 18... 0:02:30 19. 0:02:42 19... 0:02:28 20. 0:02:42 20... 0:02:28 21. 0:02:41 21... 0:02:28 22. 0:02:41 22... 0:02:28 23. 0:02:41 23... 0:02:22 24. 0:02:40 24... 0:02:13 25. 0:02:40 25... 0:02:12 26. 0:02:41 26... 0:02:10 27. 0:02:40 27... 0:02:09 28. 0:02:39 28... 0:02:05 29. 0:02:34 29... 0:02:04 30. 0:02:35 30... 0:02:03 31. 0:02:24 31... 0:02:03 32. 0:02:18 32... 0:02:02 33. 0:02:13 33... 0:02:02 34. 0:02:14 34... 0:02:00 35. 0:02:10 35... 0:01:57 36. 0:02:09 36... 0:01:58 37. 0:02:08 37... 0:01:55 38. 0:01:22 38... 0:01:51 39. 0:01:22 39... 0:01:52 40. 0:01:21 40... 0:01:48 41. 0:01:21 41... 0:01:48 42. 0:01:21 42... 0:01:39 43. 0:01:21 43... 0:01:40 44. 0:01:21 44... 0:01:40 45. 0:01:22 45... 0:01:41 46. 0:01:23,
Rated Blitz game,https://lichess.org/nvE7SS3h,2024.08.01,-,garbagechessdude,DiasNoites,1-0,2024.08.01,00:06:32,1508,1428,,,B01,Scandinavian Defense: Marshall Variation,180+2,Normal,"1. e4 1... d5 2. exd5 2... Nf6 3. d4 3... Nxd5 4. c4 4... Nf6 5. d5 5... c6 6. Nf3 6...
cxd5 7. cxd5 7... Bg4 8. Nc3 8... Qb6 9. Be2 9... Nbd7 10. O-O 10... O-O-O 11. Nd4 11... Bxe2 12.
Ndxe2 12... h5 13. Qc2 13... Kb8 14. Be3 14... Qd6 15. Bf4 15... Ne5 16.
Bg3 16... Nxd5 17. Nxd5 17... Qxd5 18. Rfd1 18... Qa5 19. Bxe5 19... Ka8 20. Rxd8 20... Qxd8 21. Qc7 21... Qxc7 22. Bxc7 22... f6 23. Rd1 23...
a6 24. Bb6",1. 0:03:00 1... 0:03:00 2. 0:03:01 2... 0:03:01 3. 0:03:02 3... 0:03:03 4. 0:03:03 4... 0:03:04 5. 0:03:04 5... 0:02:59 6. 0:03:05 6... 0:02:59 7. 0:03:07 7... 0:02:59 8. 0:03:09 8... 0:02:44 9. 0:03:10 9... 0:02:40 10. 0:03:10 10... 0:02:33 11. 0:03:08 11... 0:02:31 12. 0:03:10 12... 0:02:27 13. 0:03:11 13... 0:02:27 14. 0:03:12 14... 0:02:21 15. 0:03:11 15... 0:02:11 16. 0:03:11 16... 0:01:58 17. 0:03:09 17... 0:01:57 18. 0:03:10 18... 0:01:26 19. 0:03:09 19... 0:01:10 20. 0:03:08 20... 0:01:10 21. 0:03:04 21... 0:01:05 22. 0:03:06 22... 0:01:06 23. 0:03:07 23... 0:01:03 24. 0:03:00,
Rated Blitz game,https://lichess.org/6o6rdnBc,2024.08.01,-,zionrivera18,BugraAyhn,1-0,2024.08.01,00:06:32,1582,1558,,,E60,"King's Indian Defense: Normal Variation, King's Knight Variation",180+2,Normal,"1. d4 1... Nf6 2. c4 2... g6 3. Nf3 3... Bg7 4. e3 4... O-O 5. Bd3 5... d5 6. O-O 6...
Re8 7. Re1 7... Nbd7 8. cxd5 8... Nxd5 9. e4 9... Nb4 10. a3 10...
Nxd3 11. Qxd3 11... e5 12. d5 12... Nc5 13. Qe3 13... b6 14. b4 14...
Nb7 15. Bb2 15... Nd6 16. Nbd2 16... f5 17. Qd3 17... f4 18. Nc4 18...
Bg4 19. Nfxe5 19... Nxc4 20. Qxc4 20... Bxe5 21. Bxe5 21... Rxe5 22. f3 22... Bh5 23. d6 23... Kf8 24. dxc7 24... Qc8 25. Red1 25... Re8 26.
Rd6 26... b5 27. Qc5 27... Kg7 28. Rad1 28... a6 29. Rd8 29... Rxe4 30.
Rxc8 30... Rxc8 31. Rd7 31... Kh6",1. 0:03:00 1... 0:03:00 2. 0:03:00 2... 0:03:02 3. 0:03:01 3... 0:03:03 4. 0:03:01 4... 0:03:05 5. 0:03:02 5... 0:03:03 6. 0:03:03 6... 0:03:00 7. 0:03:03 7... 0:02:59 8. 0:03:04 8... 0:02:59 9. 0:03:05 9... 0:03:00 10. 0:02:59 10... 0:03:00 11. 0:03:01 11... 0:02:59 12. 0:03:01 12... 0:02:59 13. 0:02:57 13... 0:02:58 14. 0:02:58 14... 0:02:51 15. 0:02:54 15... 0:02:44 16. 0:02:52 16... 0:02:37 17. 0:02:36 17... 0:02:36 18. 0:02:33 18... 0:02:35 19. 0:02:26 19... 0:02:28 20. 0:02:05 20... 0:02:27 21. 0:02:03 21... 0:02:29 22. 0:01:58 22... 0:02:27 23. 0:01:55 23... 0:02:19 24. 0:01:55 24... 0:02:07 25. 0:01:43 25... 0:01:57 26. 0:01:41 26... 0:01:44 27. 0:01:37 27... 0:01:40 28. 0:01:26 28... 0:01:36 29. 0:01:06 29... 0:01:19 30. 0:00:57 30... 0:01:14 31. 0:00:58 31... 0:01:13,
Rated Blitz game,https://lichess.org/3z0dRtpH,2024.08.01,-,sief111,sapphire104,1/2-1/2,2024.08.01,00:06:32,1385,1290,,,B21,"Sicilian Defense: Smith-Morra Gambit Declined, Center Formation",180+2,Normal,"1. e4 1... e5 2. c3 2... c5 3. d4 3... cxd4 4. cxd4 4... exd4 5.
Qxd4 5... Nc6 6. Qe3 6... b6 7. Nf3 7... Bc5 8. Qd2 8... Bb7 9. Bc4 9... Qe7 10. O-O 10...
O-O-O 11. a3 11... Nf6 12. e5 12... Ne4 13. Qe2 13... Nxe5 14. Nxe5 14... Qxe5 15. Nd2 15... Rde8 16. Nxe4 16... Qxe4 17. Qxe4 17... Rxe4 18. Bxf7 18... Rf8 19. Bh5 19... Re5 20. Bf3 20... Bxf3 21. gxf3 21... Rxf3 22. Bd2 22... Ref5 23. Be3 23... Bxe3 24. fxe3 24... Rxf1 25. Rxf1 25... Rxf1 26. Kxf1 26... Kc7 27.
Kf2 27... Kd6 28. Kf3 28... Ke5 29. h4 29... d6 30. b3 30... d5 31. a4 31... a6 32. b4 32...
b5 33. axb5 33... axb5 34. h5 34... d4 35. exd4 35... Kxd4 36. Kf4 36... Kc4 37. Kf5 37... Kxb4 38. Ke6 38... Kc4 39.
Kf7 39... b4 40. Kxg7 40... b3 41. Kxh7 41... b2 42. Kg7 42... b1=Q 43.
h6 43... Qb7 44. Kg6 44... Kd5 45. h7 45... Qc6 46. Kg7 46... Qd7 47.
Kg6 47... Qe6 48. Kg7 48... Qe7 49. Kg8 49... Qg5 50. Kf7 50... Qh5 51.
Kg8 51... Qg6 52. Kh8 52... Qe8 53. Kg7 53... Ke6 54. h8=Q 54... Qf7 55. Kh6 55... Qf6 56. Kh7 56... Qxh8 57. Kxh8",1. 0:03:00 1... 0:03:00 2. 0:03:00 2... 0:02:53 3. 0:03:00 3... 0:02:52 4. 0:03:01 4... 0:02:52 5. 0:03:02 5... 0:02:53 6. 0:02:46 6... 0:02:52 7. 0:02:43 7... 0:02:52 8. 0:02:30 8... 0:02:49 9. 0:02:25 9... 0:02:45 10. 0:02:17 10... 0:02:45 11. 0:02:14 11... 0:02:38 12. 0:02:05 12... 0:02:29 13. 0:02:01 13... 0:02:26 14. 0:01:59 14... 0:02:26 15. 0:01:25 15... 0:02:24 16. 0:01:16 16... 0:02:22 17. 0:01:07 17... 0:02:16 18. 0:01:07 18... 0:02:16 19. 0:00:59 19... 0:02:11 20. 0:00:39 20... 0:02:07 21. 0:00:39 21... 0:02:05 22. 0:00:22 22... 0:02:03 23. 0:00:11 23... 0:02:02 24. 0:00:12 24... 0:02:00 25. 0:00:13 25... 0:01:45 26. 0:00:13 26... 0:01:45 27. 0:00:14 27... 0:01:46 28. 0:00:15 28... 0:01:45 29. 0:00:15 29... 0:01:43 30. 0:00:14 30... 0:01:43 31. 0:00:13 31... 0:01:41 32. 0:00:14 32... 0:01:41 33. 0:00:13 33... 0:01:42 34. 0:00:08 34... 0:01:35 35. 0:00:08 35... 0:01:36 36. 0:00:09 36... 0:01:37 37. 0:00:10 37... 0:01:38 38. 0:00:11 38... 0:01:38 39. 0:00:13 39... 0:01:35 40. 0:00:14 40... 0:01:35 41. 0:00:15 41... 0:01:36 42. 0:00:15 42... 0:01:36 43. 0:00:16 43... 0:01:36 44. 0:00:16 44... 0:01:18 45. 0:00:18 45... 0:01:11 46. 0:00:19 46... 0:01:09 47. 0:00:15 47... 0:01:08 48. 0:00:15 48... 0:00:58 49. 0:00:14 49... 0:00:55 50. 0:00:13 50... 0:00:47 51. 0:00:14 51... 0:00:43 52. 0:00:12 52... 0:00:29 53. 0:00:13 53... 0:00:15 54. 0:00:10 54... 0:00:15 55. 0:00:11 55... 0:00:04 56. 0:00:09 56... 0:00:04 57. 0:00:07,
Rated Blitz game,https://lichess.org/aO8TJfP3,2024.08.01,-,patricerb,ajaykat,1-0,2024.08.01,00:06:32,1116,1057,,,C47,Four Knights Game: Scotch Variation Accepted,180+2,Time forfeit,"1. e4 1... e5 2. Nf3 2... Nc6 3. Nc3 3... Nf6 4. d4 4... exd4 5.
Nxd4 5... Nxd4 6. Qxd4 6... d6 7. Bg5 7... Be6 8. Nd5 8... Bxd5 9.
Bxf6 9... Qxf6 10. Qxf6 10... gxf6 11. exd5 11... Bg7 12. Bb5 12... Kd8 13. c3 13... a6 14.
Ba4 14... b5 15. Bb3 15... Re8 16. Kd2 16... Bh6 17. Kd3 17... Kd7 18.
Rhe1 18... Bf4 19. g3 19... Be5 20. f4 20... Bxf4 21. gxf4 21... Rg8 22.
Re2 22... Rg4 23. f5 23... Rag8 24. Rae1 24... Rg2 25. Rxg2 25... Rxg2 26. h4 26... Rxb2 27. Rg1 27... Ke8 28. Rg7 28... h6 29. Rh7 29... Rh2 30. Rxh6 30... Rh3 31. Kd4 31... Kf8 32. Rh8 32... Ke7 33. Rh7 33... Kf8 34. Rh6 34... Kg7 35. Rh5 35... Rg3 36.
Bd1 36... Rg1 37. Be2 37... Re1 38. Bd3 38... Ra1 39. c4 39... bxc4 40.
Bxc4 40... c5 41. Kd3 41... a5 42. Bb3 42... Rd1 43. Kc4 43... Rd4 44.
Kb5 44... a4 45. Bxa4 45... Rxd5 46. Kc6 46... Rd2 47. Bb3 47... Kf8 48.
Rh8 48... Ke7 49. Rh7 49... Rg2 50. Rxf7 50... Ke8 51. Rxf6 51... Rg7 52.
Ba4 52... Ke7 53. Kd5 53... Kxf6 54. Kxd6 54... Rg2 55. h5",1. 0:03:00 1... 0:03:00 2. 0:03:00 2... 0:03:01 3. 0:03:01 3... 0:03:02 4. 0:03:02 4... 0:03:01 5. 0:03:02 5... 0:03:02 6. 0:03:04 6... 0:02:49 7. 0:03:01 7... 0:02:31 8. 0:02:57 8... 0:02:28 9. 0:02:49 9... 0:02:19 10. 0:02:49 10... 0:02:19 11. 0:02:49 11... 0:02:19 12. 0:02:45 12... 0:02:07 13. 0:02:39 13... 0:02:07 14. 0:02:37 14... 0:02:07 15. 0:02:32 15... 0:02:01 16. 0:02:31 16... 0:02:01 17. 0:02:31 17... 0:01:56 18. 0:02:29 18... 0:01:53 19. 0:02:21 19... 0:01:53 20. 0:02:17 20... 0:01:37 21. 0:02:17 21... 0:01:35 22. 0:02:04 22... 0:01:33 23. 0:01:55 23... 0:01:31 24. 0:01:54 24... 0:01:26 25. 0:01:35 25... 0:01:28 26. 0:01:31 26... 0:01:27 27. 0:01:24 27... 0:01:19 28. 0:01:22 28... 0:01:20 29. 0:01:22 29... 0:01:13 30. 0:01:21 30... 0:01:13 31. 0:01:21 31... 0:01:14 32. 0:01:13 32... 0:01:11 33. 0:01:10 33... 0:01:11 34. 0:01:09 34... 0:01:10 35. 0:01:05 35... 0:01:09 36. 0:00:58 36... 0:01:01 37. 0:00:54 37... 0:01:01 38. 0:00:53 38... 0:00:54 39. 0:00:53 39... 0:00:44 40. 0:00:52 40... 0:00:42 41. 0:00:45 41... 0:00:42 42. 0:00:28 42... 0:00:36 43. 0:00:27 43... 0:00:36 44. 0:00:26 44... 0:00:27 45. 0:00:24 45... 0:00:27 46. 0:00:22 46... 0:00:24 47. 0:00:22 47... 0:00:23 48. 0:00:20 48... 0:00:23 49. 0:00:18 49... 0:00:21 50. 0:00:19 50... 0:00:18 51. 0:00:19 51... 0:00:12 52. 0:00:17 52... 0:00:10 53. 0:00:15 53... 0:00:10 54. 0:00:16 54... 0:00:06 55. 0:00:13,
Rated Blitz game,https://lichess.org/xvAxzaRX,2024.08.01,-,LoliHum35,deftedge,0-1,2024.08.01,00:06:32,1792,1775,,,B13,Caro-Kann Defense: Exchange Variation,180+2,Time forfeit,"1. e4 1... c6 2. Nf3 2... d5 3. exd5 3... cxd5 4. d4 4... Nc6 5. Nc3 5...
Bg4 6. Be2 6... e6 7. O-O 7... Bd6 8. Be3 8... Nge7 9.
g3 9... Nf5 10. Ne1 10...
Bh3 11. Ng2 11... Qb6 12. Na4 12... Qa5 13.
c3 13... b5 14. Nc5 14...
Qb6 15. Re1 15... Bxg2 16. Kxg2 16... Nxe3 17. fxe3 17...
Bxc5 18. dxc5 18... Qxc5 19. Qd3 19... a6 20.
b4 20... Qb6 21. Qd2 21... Ne5 22. Rf1 22... O-O 23. Bd1 23... Nc4 24.
Qd4 24... Nxe3 25. Kh3 25... Qxd4 26. cxd4 26... Nxf1 27. Bg4 27... Ne3 28. Be2 28...
Rac8 29. a4 29... Rc2 30. Bf3 30... Rfc8 31. axb5 31... axb5 32. Ra5 32...
R2c4 33. Rxb5 33... Rxd4 34. Rb7 34... Nc4 35.
b5 35... Nd6 36. Rb6 36... Nc4 37. Rb7 37...
Na5 38. Ra7 38... Nc4 39. Rb7 39... Rd3 40.
Be2 40... Rb3 41. Bh5 41... g6 42. Bd1 42...
Nd6 43. Rd7 43... Rxb5 44. Rxd6 44... Rbc5 45. Ba4 45... R8c7 46. Rd8 46... Kg7 47. Bd1 47... e5 48.
Re8 48... f6 49. Bb3 49... e4 50. Rd8 50...
e3 51. Bxd5 51... e2 52. Rg8 52... Kh6 53.
Re8 53... Rxd5 54. Rxe2 54...
Rf7 55. Re6 55... f5 56. Kg2 56... Rd2 57. Kh3 57... Rfd7",1. 0:03:00 0. 0:03:00 1... 0:03:01 0. 0:03:02 2. 0:03:02 0. 0:03:03 2... 0:03:03 0. 0:03:05 3. 0:03:04 0. 0:03:06 3... 0:03:05 0. 0:03:07 4. 0:03:06 0. 0:03:08 4... 0:03:07 0. 0:03:10 5. 0:03:08 0. 0:03:10 5... 0:02:59 0. 0:03:06 6. 0:02:52 0. 0:02:53 6... 0:02:46 0. 0:02:39 7. 0:02:47 0. 0:02:39 7... 0:02:43 0. 0:02:18 8. 0:02:34 0. 0:02:12 8... 0:02:34 0. 0:02:13 9. 0:02:27 1. 0:02:14 9... 0:02:27 1. 0:02:16 10. 0:02:24 1. 0:02:12 10... 0:02:09 1. 0:02:03 11. 0:02:08 1. 0:01:58 11... 0:01:56 1. 0:01:58 12. 0:01:53 1. 0:01:56 12... 0:01:19 1. 0:01:53 13. 0:01:16 1. 0:01:49 13... 0:01:16 0. 0:01:50 14. 0:01:12 0. 0:01:49 14... 0:01:13 1. 0:01:49 15. 0:01:13 1. 0:01:42 15... 0:01:06 1. 0:01:23 16. 0:01:06 1. 0:01:24 16... 0:01:06 1. 0:01:10 17. 0:01:05 1. 0:01:10 17... 0:01:05 1. 0:01:05 18. 0:01:03 1. 0:00:56 18... 0:00:57 1. 0:00:53 19. 0:00:57 1. 0:00:51 19... 0:00:52 1. 0:00:47 20. 0:00:51 1. 0:00:47 20... 0:00:51 1. 0:00:46 21. 0:00:45 1. 0:00:42 21... 0:00:43 1. 0:00:41 22. 0:00:32 2. 0:00:19 22... 0:00:32 1. 0:00:18 23. 0:00:27 4. 0:00:16 23... 0:00:22 4. 0:00:17 24. 0:00:19 5. 0:00:17 24... 0:00:17 5. 0:00:15 25. 0:00:13 7. 0:00:12 25... 0:00:12 7. 0:00:10 26. 0:00:10 7. 0:00:09 26... 0:00:08 7. 0:00:08 27. 0:00:04 7. 0:00:08 27... 0:00:05 8. 0:00:09 28. 0:00:05 8. 0:00:08 28... 0:00:03 8. 0:00:08 29. 0:00:04 7. 0:00:09,
Rated Blitz game,https://lichess.org/FBuWbQWv,2024.08.01,-,juliusromero718,vladsunlight,0-1,2024.08.01,00:06:32,980,979,,,C10,French Defense: Paulsen Variation,180+2,Normal,"1. e4 1... e6 2. d4 2... d5 3. Nc3 3... Ne7 4. exd5 4... exd5 5.
Nf3 5... Nbc6 6. Bd3 6... Ng6 7. O-O 7... Bd6 8. Re1 8... Be7 9.
Nb5 9... O-O 10. Bf4 10... Nxf4",1. 0:03:00 1... 0:03:00 2. 0:03:01 2... 0:03:01 3. 0:02:58 3... 0:02:54 4. 0:02:57 4... 0:02:55 5. 0:02:57 5... 0:02:52 6. 0:02:55 6... 0:02:51 7. 0:02:54 7... 0:02:51 8. 0:02:49 8... 0:02:51 9. 0:02:29 9... 0:02:41 10. 0:02:27 10... 0:02:37,
Rated Blitz game,https://lichess.org/CiRwgtFy,2024.08.01,-,oopsie1,sharpaxe,1-0,2024.08.01,00:06:32,2451,2378,,,D02,"Queen's Pawn Game: Symmetrical Variation, Pseudo-Catalan",180+2,Normal,"1. d4 1... d5 2. Nf3 2... Nf6 3. g3 3... Bf5 4. Bg2 4... e6 5.
c4 5... c6 6.
Nc3 6... h6 7.
Qb3 7... Qc8 8.
Bf4 8... Nbd7 9.
Rc1 9... a6 10. Ne5 10... Nxe5 11. dxe5 11...
dxc4 12. Qxc4 12... Nd7 13. e4 13... Bg6 14.
Ne2 14... Be7 15. O-O 15...
O-O 16. Rfd1 16... Qc7 17. Qc3 17... Rfd8 18.
Rd6 18... Bxd6 19. exd6 19... Qb6 20. Be3 20... Qb5 21.
Nf4 21... e5 22. Nxg6 22...
fxg6 23. Bf1 23... Qa4 24. Bc4 24... Kh7 25.
f3 25... Rf8 26. Kg2 26... a5 27. Bb3 27... Qb4 28. Qxb4 28... axb4 29.
Rc4 29... Rf6 30. Rxb4 30...
b5 31. a4 31... bxa4 32. Rxa4 32... Rxa4 33. Bxa4 33... Rxd6 34. Kf2 34... g5 35. Ke2 35... Kg6 36.
Bd2 36... Nb6 37. Bb3 37...
Kf6 38. Bb4 38... Rd8 39. Bc5 39... Nd7 40.
Ba3 40... Rb8 41. Ba4 41... Rb6 42. Kd3 42...
Ke6 43. Kc3 43... c5 44. Bxd7 44... Kxd7 45. Bxc5 45... Ra6 46. Bf8 46... Rc6 47. Kd3 47... Rb6 48.
b4 48... h5 49. Bxg7 49... Rxb4 50. Bxe5 50... Ke6 51. Bc3 51... Rb3 52. h3 52... Ra3 53.
g4 53... h4 54.
Kc2 54... Ra2 55. Bb2 55... Ra6 56. Bc1 56... Kf6 57. Kd3 57... Ra2 58. Bd2 58...
Ra1 59. Bc3",1. 0:03:00 0. 0:03:00 1... 0:03:01 0. 0:03:01 2. 0:03:01 0. 0:03:01 2... 0:03:03 0. 0:03:03 3. 0:03:04 0. 0:03:04 3... 0:03:05 0. 0:03:05 4. 0:03:06 0. 0:03:02 4... 0:03:06 0. 0:03:03 5. 0:03:06 0. 0:03:02 5... 0:03:07 0. 0:02:28 6. 0:03:04 0. 0:02:28 6... 0:02:58 0. 0:02:26 7. 0:02:49 0. 0:02:20 7... 0:02:23 0. 0:01:56 8. 0:02:22 0. 0:01:57 8... 0:02:22 0. 0:01:56 9. 0:01:58 0. 0:01:45 9... 0:01:37 1. 0:01:09 10. 0:01:39 0. 0:01:10 10... 0:01:25 0. 0:01:02 11. 0:01:12 0. 0:00:33 11... 0:01:12 0. 0:00:34 12. 0:01:10 0. 0:00:34 12... 0:00:53 0. 0:00:34 13. 0:00:54 0. 0:00:18 13... 0:00:54 0. 0:00:15 14. 0:00:52 0. 0:00:16 14... 0:00:51 0. 0:00:17 15. 0:00:51 0. 0:00:09 15... 0:00:49 0. 0:00:10 16. 0:00:41 0. 0:00:12 16... 0:00:38 0. 0:00:12 17. 0:00:40 1. 0:00:13 17... 0:00:40 0. 0:00:11 18. 0:00:39 1. 0:00:12 18... 0:00:34 0. 0:00:07 19. 0:00:32 0. 0:00:08 19... 0:00:29 0. 0:00:07 20. 0:00:26 0. 0:00:07 20... 0:00:23 0. 0:00:07 21. 0:00:24 0. 0:00:08 21... 0:00:24 0. 0:00:06 22. 0:00:22 0. 0:00:06 22... 0:00:19 0. 0:00:06 23. 0:00:21 0. 0:00:05 23... 0:00:21 0. 0:00:03 24. 0:00:21 0. 0:00:03 24... 0:00:20 0. 0:00:03 25. 0:00:19 0. 0:00:04 25... 0:00:20 5. 0:00:03 26. 0:00:19 0. 0:00:04 26... 0:00:17 0. 0:00:04 27. 0:00:18 0. 0:00:04 27... 0:00:09 0. 0:00:05 28. 0:00:10 0. 0:00:03 28... 0:00:11 0. 0:00:04 29. 0:00:11 1. 0:00:04 29... 0:00:12 1. 0:00:05 30. 0:00:11,
Rated Blitz game,https://lichess.org/RWdZ7AUk,2024.08.01,-,mustafadriweesh,end_game11,1-0,2024.08.01,00:06:35,1981,2034,,,C20,King's Pawn Game,180+2,Normal,"1. e4 1... e5 2. Qe2 2... Nf6 3. Kd1 3... Nc6 4. Qe1 4... Bc5 5.
f3 5... d5 6.
Nc3 6... d4 7.
Na4 7... Bd6 8. b3 8... b5 9. Bxb5 9... Rb8 10. Bxc6 10... Bd7 11. Bxd7 11... Qxd7 12.
d3 12... Bb4 13. Qg3 13... O-O 14. Ne2 14...
Qe7 15. Bh6 15... Nh5 16. Qg5 16... Qxg5 17.
Bxg5 17... f5 18. g4 18... fxg4 19. fxg4 19...
Nf6 20. h3 20... h6 21. Bxf6 21... Rxf6 22.
a3 22... Bd6 23. Kd2 23... Rbf8 24. Rh2 24...
Rf2 25. Rxf2 25... Rxf2 26. b4 26... Be7 27.
Rg1 27... Rh2 28. Rg3 28... Bg5 29. Ke1 29... Be3 30. Rf3 30... Rh1 31.
Rf1 31... Bd2 32. Kf2 32... Rxh3 33. Ng1 33...
Rh4 34. Kg3 34... g5 35. Nf3 35... Bf4 36.
Kf2 36... Rxg4 37. Rg1 37... Be3 38. Kf1 38...
Bxg1 39. Nxg1 39... Rf4 40. Kg2 40... Kg7 41.
Nc5 41... Kg6 42. Nd7 42... g4 43. Nxe5 43...
Kg5 44. Ne2 44... Rf8 45. Nxd4 45... Re8 46.
Nec6 46... h5 47. Nf5 47... h4 48. Ncd4 48...
a5 49. bxa5 49... Rb8 50. Nb3 50... Rb5 51. d4 51...
Kf4 52. Nxh4 52... Kxe4 53. Ng6 53... Kf5 54. Ne5 54... Rb8 55. Kg3 55...
Rh8 56. a6 56... Rh3 57. Kg2 57... Rh8 58.
a7 58... Ra8 59.
Nc6 59... Ke6 60. c4 60... Kd6 61. d5",1. 0:03:00 0. 0:03:00 1... 0:03:02 0. 0:03:01 2. 0:03:04 0. 0:03:02 2... 0:03:06 0. 0:03:02 3. 0:03:07 1. 0:03:00 3... 0:03:08 1. 0:03:00 4. 0:03:08 1. 0:03:02 4... 0:03:09 1. 0:03:02 5. 0:03:10 1. 0:03:03 5... 0:03:10 2. 0:03:04 6. 0:03:11 1. 0:03:06 6... 0:03:12 1. 0:03:06 7. 0:03:10 2. 0:03:04 7... 0:03:07 2. 0:02:59 8. 0:03:06 1. 0:02:57 8... 0:03:08 0. 0:02:54 9. 0:03:09 0. 0:02:52 9... 0:03:08 4. 0:02:48 10. 0:03:09 3. 0:02:49 10... 0:03:06 4. 0:02:47 11. 0:03:04 4. 0:02:48 11... 0:03:04 4. 0:02:40 12. 0:03:03 4. 0:02:39 12... 0:03:03 4. 0:02:36 13. 0:03:04 4. 0:02:38 13... 0:03:05 4. 0:02:35 14. 0:02:41 4. 0:02:34 14... 0:02:37 4. 0:02:34 15. 0:02:35 4. 0:02:35 15... 0:02:27 4. 0:02:27 16. 0:02:28 4. 0:02:24 16... 0:02:29 5. 0:02:25 17. 0:02:19 4. 0:02:07 17... 0:02:17 4. 0:02:08 18. 0:02:15 4. 0:02:05 18... 0:02:13 4. 0:02:06 19. 0:02:15 4. 0:02:07 19... 0:02:14 3. 0:02:03 20. 0:02:16 4. 0:02:03 20... 0:02:13 4. 0:02:03 21. 0:02:13 4. 0:02:02 21... 0:02:12 3. 0:01:54 22. 0:02:13 3. 0:01:55 22... 0:02:11 4. 0:01:52 23. 0:02:11 4. 0:01:44 23... 0:01:59 4. 0:01:44 24. 0:02:00 3. 0:01:44 24... 0:01:55 4. 0:01:31 25. 0:01:55 4. 0:01:30 25... 0:01:55 4. 0:01:25 26. 0:01:47 4. 0:01:25 26... 0:01:47 4. 0:01:26 27. 0:01:46 4. 0:01:14 27... 0:01:45 4. 0:01:12 28. 0:01:46 2. 0:01:10 28... 0:01:42 2. 0:01:10 29. 0:01:40 1. 0:01:11 29... 0:01:37 4. 0:01:11 30. 0:01:38 4. 0:01:13 30... 0:01:37 4. 0:01:13 31. 0:01:39,
Rated Blitz game,https://lichess.org/Q6mHWvMH,2024.08.01,-,radiopawn,Nibeio,1-0,2024.08.01,00:06:52,1678,1783,,,B01,Scandinavian Defense: Mieses-Kotroc Variation,180+2,Time forfeit,"1. e4 1... d5 2. exd5 2... Qxd5 3. d4 3... c6 4. Nf3 4... Bg4 5. c4 5... Qd8 6. Be2 6...
e6 7. O-O 7... Nf6 8.
Bg5 8... Be7 9. Nc3 9... Qa5 10. Qb3 10... b6 11. d5 11... O-O 12.
Bxf6 12... Bxf6 13. Ne4 13... Nd7 14. dxc6 14... Nc5 15. Nxf6 15... gxf6 16. Qe3 16... Rac8 17.
Nd4 17... Bxe2 18. Qxe2 18... e5 19. Qg4 19... Kh8 20. Nf5 20... Rg8 21. Qh5 21... Rg5 22.
Qf3 22... Qd2 23. Ne7 23... Re8 24. Qxf6 24... Rg7 25. Nf5",1. 0:03:00 1... 0:03:00 2. 0:03:01 2... 0:03:01 3. 0:03:02 3... 0:03:00 4. 0:03:04 4... 0:02:59 5. 0:03:04 5... 0:03:00 6. 0:03:04 6... 0:03:00 7. 0:03:05 7... 0:03:01 8. 0:03:05 8... 0:03:00 9. 0:03:03 9... 0:02:57 10. 0:02:58 10... 0:02:33 11. 0:02:40 11... 0:02:17 12. 0:02:32 12... 0:02:13 13. 0:02:25 13... 0:01:12 14. 0:02:15 14... 0:01:07 15. 0:02:14 15... 0:01:06 16. 0:02:08 16... 0:00:17 17. 0:02:03 17... 0:00:13 18. 0:02:01 18... 0:00:11 19. 0:02:00 19... 0:00:11 20. 0:02:01 20... 0:00:11 21. 0:02:00 21... 0:00:08 22. 0:01:37 22... 0:00:08 23. 0:01:34 23... 0:00:07 24. 0:01:33 24... 0:00:04 25. 0:01:23,
Rated Blitz game,https://lichess.org/heJB4EbP,2024.08.01,-,Piedragorda,u_2000,0-1,2024.08.01,00:07:03,1995,1991,,,A22,"English Opening: King's English Variation, Two Knights Variation, Reversed Dragon",180+2,Normal,"1. c4 1... e5 2. Nc3 2... Nf6 3. g3 3... d5 4. cxd5 4... Nxd5 5. Bg2 5... Ne7 6. d3 6...
Nbc6 7. Nf3 7... g6 8.
O-O 8... Bg7 9. Rb1 9... O-O 10. b4 10... a6 11. a4 11... h6 12. b5 12... axb5 13. axb5 13... Nd4 14. e3 14... Nxf3 15. Bxf3 15... f5 16.
Qb3 16... Kh7 17. Ba3 17... Rf6 18. Bxe7 18... Qxe7 19. Nd5 19... Qf7 20.
Nxf6 20... Qxf6 21. Rfc1 21... f4 22. Be4 22...
fxe3 23. fxe3 23... Qg5 24. Re1 24... h5 25.
Rbc1 25... h4 26. Kg2 26... Qg4 27. Rxc7 27... Qh3 28. Kg1 28... hxg3 29.
Qc2 29... Be6 30. Rf1 30... Ra2 31. Rxg7 31... Kxg7 32. Qc7 32... Kh6",1. 0:03:00 1... 0:03:00 2. 0:03:01 2... 0:03:01 3. 0:03:02 3... 0:03:02 4. 0:03:01 4... 0:03:04 5. 0:03:01 5... 0:03:05 6. 0:03:00 6... 0:03:04 7. 0:03:01 7... 0:03:04 8. 0:03:03 8... 0:03:05 9. 0:02:32 9... 0:03:04 10. 0:02:33 10... 0:03:05 11. 0:02:32 11... 0:02:52 12. 0:02:31 12... 0:02:51 13. 0:02:31 13... 0:02:51 14. 0:02:18 14... 0:02:26 15. 0:02:19 15... 0:02:22 16. 0:02:11 16... 0:02:21 17. 0:02:03 17... 0:02:09 18. 0:01:58 18... 0:02:07 19. 0:02:00 19... 0:02:01 20. 0:01:59 20... 0:02:03 21. 0:01:53 21... 0:02:03 22. 0:01:47 22... 0:01:59 23. 0:01:47 23... 0:01:57 24. 0:01:31 24... 0:01:54 25. 0:01:23 25... 0:01:46 26. 0:01:21 26... 0:01:36 27. 0:01:07 27... 0:01:36 28. 0:01:01 28... 0:01:35 29. 0:00:50 29... 0:00:59 30. 0:00:36 30... 0:00:54 31. 0:00:29 31... 0:00:43 32. 0:00:30 32... 0:00:45,
Rated Blitz game,https://lichess.org/okNOWyFl,2024.08.01,-,leelamadjnoon,RyanGrand,1-0,2024.08.01,00:07:03,1752,1860,,,D02,"Queen's Gambit Declined: Baltic Defense, Pseudo-Slav",180+2,Normal,"1. d4 1... d5 2. Nf3 2... c6 3. c4 3... Bf5 4. Nc3 4... e6 5. Bg5 5... Qb6 6. Qc1 6... Nd7 7. e3 7... Bg4 8. Be2 8... dxc4 9. O-O 9...
Qc7 10. Bxc4 10... Bxf3 11. gxf3 11... Ngf6 12. Ne4 12... Be7 13. Kh1 13... Nxe4 14. Bxe7 14... Nxf2 15. Rxf2 15... Kxe7 16. e4 16... Nf6 17.
e5 17... Nd5 18. Qg5 18... Kf8 19. Rg2 19... g6 20. Re1 20... h6 21.
Qg3 21... Qe7 22. f4 22... h5 23. h4 23... Kg7 24. Rf1 24... f5 25.
Qxg6 25... Kf8 26. Bxd5 26... cxd5 27. Qf6 27... Qxf6 28. exf6 28... Kf7 29. Rfg1 29... Rhg8 30. Rg7 30... Rxg7 31. Rxg7 31... Kxf6 32. Rxb7 32... a5 33. a4 33... Rc8 34. Rb5 34... Rc2 35.
Rxa5 35... Rxb2 36. Ra8 36... Rb4 37. a5 37...
Rxd4 38. a6 38... Ra4 39. a7 39... Ke7 40. Rh8 40... Rxa7 41. Rh7 41... Kd6 42. Rxa7 42... d4 43. Kg2 43... Kd5 44.
Kf3 44... d3 45. Ke3 45... Kc4 46. Rd7",1. 0:03:00 1... 0:03:00 2. 0:03:00 2... 0:03:01 3. 0:03:01 3... 0:03:01 4. 0:02:58 4... 0:03:02 5. 0:02:56 5... 0:03:01 6. 0:02:31 6... 0:02:22 7. 0:02:30 7... 0:02:23 8. 0:02:22 8... 0:02:23 9. 0:02:20 9... 0:02:17 10. 0:02:09 10... 0:02:18 11. 0:02:10 11... 0:02:18 12. 0:01:59 12... 0:02:19 13. 0:01:55 13... 0:02:11 14. 0:01:51 14... 0:02:10 15. 0:01:50 15... 0:02:12 16. 0:01:44 16... 0:02:07 17. 0:01:43 17... 0:02:05 18. 0:01:42 18... 0:02:05 19. 0:01:32 19... 0:01:56 20. 0:01:18 20... 0:01:55 21. 0:01:12 21... 0:01:50 22. 0:01:12 22... 0:01:25 23. 0:01:10 23... 0:01:20 24. 0:01:00 24... 0:01:14 25. 0:00:51 25... 0:01:14 26. 0:00:43 26... 0:01:13 27. 0:00:38 27... 0:01:13 28. 0:00:39 28... 0:01:10 29. 0:00:18 29... 0:01:07 30. 0:00:17 30... 0:01:06 31. 0:00:16 31... 0:01:07 32. 0:00:17 32... 0:01:02 33. 0:00:17 33... 0:01:02 34. 0:00:10 34... 0:01:01 35. 0:00:11 35... 0:01:02 36. 0:00:11 36... 0:01:01 37. 0:00:12 37... 0:01:02 38. 0:00:13 38... 0:00:53 39. 0:00:14 39... 0:00:54 40. 0:00:14 40... 0:00:40 41. 0:00:14 41... 0:00:41 42. 0:00:15 42... 0:00:40 43. 0:00:16 43... 0:00:41 44. 0:00:17 44... 0:00:42 45. 0:00:16 45... 0:00:42 46. 0:00:16,
Rated Blitz game,https://lichess.org/qD86TvsW,2024.08.01,-,ChessPlayer908907,GeoffreyAntonio19,1-0,2024.08.01,00:07:03,1862,1873,,,D43,Semi-Slav Defense,180+2,Normal,"1. d4 1... d5 2. c4 2... e6 3. Nc3 3... c6 4. Nf3 4... Nf6 5. Bg5 5... Be7 6. e3 6... h6 7. Bxf6 7... Bxf6 8. Qc2 8... Nd7 9. Rc1 9...
b6 10. Bd3 10... Ba6 11. b3 11... Rc8 12. O-O 12... c5 13. dxc5 13... Nxc5 14. Be2 14... Bxc3 15. Qxc3 15... Ne4 16.
Qc2 16... f5 17. Rfd1 17... Qf6 18. Nd4 18... O-O 19. Qb1 19... Rc5 20.
cxd5 20... e5 21. Bxa6 21... Nc3 22. Rxc3 22... Rxc3 23. Ne6 23... Rb8 24.
Bc4 24... b5 25. Qb2 25... b4 26. a3 26... a5 27. a4 27... Kh7 28.
Nc5 28... f4 29. Nd7 29... Qg5 30. Nxb8 30... fxe3 31. Bd3 31... g6 32.
Nd7 32... exf2 33. Qxf2 33... Rc1 34. Qf7 34... Kh8 35. Qf8 35... Kh7 36. Nf6 36... Qxf6 37. Qxf6 37... Rxd1 38. Bf1 38... Rd4 39. Qxe5 39... Rd2 40. d6 40... h5 41. Qe7 41... Kh6 42.
d7 42... Rd1 43. d8=Q 43... Rxd8 44. Qxd8",1. 0:03:00 1... 0:03:00 2. 0:03:02 2... 0:03:00 3. 0:03:03 3... 0:03:01 4. 0:03:04 4... 0:03:02 5. 0:03:05 5... 0:03:02 6. 0:03:07 6... 0:03:03 7. 0:03:07 7... 0:03:04 8. 0:03:09 8... 0:03:05 9. 0:03:10 9... 0:03:05 10. 0:03:10 10... 0:03:06 11. 0:03:04 11... 0:03:05 12. 0:03:04 12... 0:03:02 13. 0:02:56 13... 0:03:00 14. 0:02:54 14... 0:02:57 15. 0:02:52 15... 0:02:59 16. 0:02:46 16... 0:02:57 17. 0:02:47 17... 0:02:55 18. 0:02:12 18... 0:01:51 19. 0:02:03 19... 0:01:43 20. 0:01:58 20... 0:01:07 21. 0:01:42 21... 0:01:00 22. 0:01:18 22... 0:00:57 23. 0:01:15 23... 0:00:26 24. 0:01:11 24... 0:00:25 25. 0:01:01 25... 0:00:05 26. 0:00:25 26... 0:00:06 27. 0:00:24 27... 0:00:06 28. 0:00:17 28... 0:00:06 29. 0:00:17 29... 0:00:07 30. 0:00:16 30... 0:00:08 31. 0:00:11 31... 0:00:09 32. 0:00:11 32... 0:00:09 33. 0:00:11 33... 0:00:09 34. 0:00:10 34... 0:00:10 35. 0:00:09 35... 0:00:11 36. 0:00:08 36... 0:00:12 37. 0:00:09 37... 0:00:13 38. 0:00:10 38... 0:00:15 39. 0:00:11 39... 0:00:13 40. 0:00:11 40... 0:00:14 41. 0:00:12 41... 0:00:16 42. 0:00:13 42... 0:00:16 43. 0:00:14 43... 0:00:18 44. 0:00:16,
Rated Blitz game,https://lichess.org/lRnAofeJ,2024.08.01,-,Muhammadbobur-2012,vegetarov,0-1,2024.08.01,00:07:03,1664,1648,,,C02,"French Defense: Advance Variation, Milner-Barry Gambit",180+2,Normal,"1. e4 1... e6 2. d4 2... d5 3. e5 3... c5 4. Nf3 4... Nc6 5. c3 5... Qb6 6. Bd3 6... Bd7 7. O-O 7... cxd4 8.
cxd4 8... Nge7 9. Nc3 9... a6 10. Re1 10... Nxd4 11. Nxd4 11... Qxd4 12. Bf1 12... Qxd1 13. Rxd1 13... Ng6 14. f4 14...
Bc5 15. Kh1 15... Ke7 16. b4 16... Bxb4 17. Bb2 17... Nxf4",1. 0:03:00 1... 0:03:00 2. 0:03:01 2... 0:03:01 3. 0:03:02 3... 0:03:02 4. 0:03:01 4... 0:03:04 5. 0:03:01 5... 0:03:03 6. 0:02:59 6... 0:03:01 7. 0:02:50 7... 0:03:01 8. 0:02:50 8... 0:03:00 9. 0:02:41 9... 0:02:58 10. 0:02:37 10... 0:02:58 11. 0:02:38 11... 0:02:58 12. 0:02:07 12... 0:02:57 13. 0:02:09 13... 0:02:55 14. 0:02:03 14... 0:02:51 15. 0:02:03 15... 0:02:45 16. 0:02:00 16... 0:02:29 17. 0:01:44 17... 0:02:23,
Rated Blitz game,https://lichess.org/MK8lXoKP,2024.08.01,-,tactia1rook,undermask,0-1,2024.08.01,00:07:03,852,825,,,B18,Caro-Kann Defense: Classical Variation,180+2,Time forfeit,"1. e4 1... c6 2. d4 2... d5 3. Nc3 3... dxe4 4. Nxe4 4... Bf5 5.
Bd3 5... Bxe4 6. Bxe4 6... Nf6 7. Bd3 7... e6 8. Nf3 8... Qc7 9. Ng5 9... Nbd7 10. O-O 10... h6 11. Ne4 11... Nxe4 12. Bxe4 12... O-O-O 13. c4 13... Ne5 14. dxe5 14... Rxd1 15. Rxd1 15... Qxe5 16. f3 16... Qc5 17. Kh1 17... Qxc4 18.
b3 18... Qc3 19. Bf4 19... f5 20. Bxc6 20... Qxc6 21. Rdc1 21... Bc5 22.
b4 22... b6 23. bxc5 23... bxc5",1. 0:03:00 1... 0:03:00 2. 0:03:01 2... 0:03:01 3. 0:02:59 3... 0:03:00 4. 0:03:00 4... 0:02:55 5. 0:02:58 5... 0:02:55 6. 0:02:59 6... 0:02:53 7. 0:02:33 7... 0:02:41 8. 0:02:25 8... 0:02:34 9. 0:02:19 9... 0:02:28 10. 0:02:02 10... 0:02:29 11. 0:02:00 11... 0:02:29 12. 0:02:01 12... 0:02:30 13. 0:01:37 13... 0:02:31 14. 0:01:33 14... 0:02:30 15. 0:01:35 15... 0:02:30 16. 0:01:28 16... 0:02:28 17. 0:01:23 17... 0:02:28 18. 0:01:12 18... 0:02:07 19. 0:01:03 19... 0:02:04 20. 0:00:37 20... 0:02:04 21. 0:00:15 21... 0:02:00 22. 0:00:07 22... 0:01:58 23. 0:00:06 23... 0:01:59,
Rated Blitz game,https://lichess.org/unFKU2zs,2024.08.01,-,bors_s,Estrogen05,0-1,2024.08.01,00:07:03,1150,1105,,,B10,Caro-Kann Defense,180+2,Normal,"1. e4 1... c6 2. Nf3 2... d5 3. e5 3... e6 4. d4 4... b5 5. b4 5... a5 6. c3 6... axb4 7. Bd2 7... bxc3 8.
Bxc3 8... b4 9. Bd2 9... Na6 10. Bd3 10... c5 11. O-O 11... cxd4 12.
Nxd4 12... Bc5 13. Nc6 13... Qc7 14. Bb5 14... Bd7 15. Qa4 15... Ne7 16.
Nxe7 16... Bxb5 17. Qxb5 17... Kd8 18. Nc6 18... Kc8 19. Bxb4 19... Bxb4 20. Nxb4 20... Nxb4 21. Qxb4 21... Rb8 22. Rc1 22... Qxc1 23. Qe1 23... Qxe1",1. 0:03:00 1... 0:03:00 2. 0:03:01 2... 0:03:01 3. 0:03:01 3... 0:03:02 4. 0:03:03 4... 0:03:03 5. 0:03:02 5... 0:03:02 6. 0:02:58 6... 0:02:55 7. 0:02:54 7... 0:02:53 8. 0:02:54 8... 0:02:49 9. 0:02:54 9... 0:02:45 10. 0:02:41 10... 0:02:40 11. 0:02:39 11... 0:02:40 12. 0:02:37 12... 0:02:41 13. 0:02:32 13... 0:02:32 14. 0:02:32 14... 0:02:19 15. 0:02:27 15... 0:02:05 16. 0:02:24 16... 0:02:01 17. 0:02:22 17... 0:01:41 18. 0:02:21 18... 0:01:33 19. 0:02:11 19... 0:01:25 20. 0:02:08 20... 0:01:24 21. 0:02:07 21... 0:01:22 22. 0:02:08 22... 0:01:19 23. 0:02:02 23... 0:01:18,
Rated Blitz game,https://lichess.org/dRFdjnWL,2024.08.01,-,ruanz,josexato,0-1,2024.08.01,00:07:03,1285,1270,,,C77,"Ruy Lopez: Morphy Defense, Anderssen Variation",180+2,Normal,"1. e4 1... e5 2. Nf3 2... Nc6 3. Bb5 3... a6 4. Ba4 4... Nf6 5. d3 5... b5 6. Bb3 6...
Bc5 7. Be3 7... d6 8.
Bxc5 8... dxc5 9. a3 9... Qd6 10. O-O 10... Ne7 11. Nc3 11... Nd7 12.
Qd2 12... Nb6 13. Qg5 13... c4 14. dxc4 14... bxc4 15. Ba2 15... O-O 16.
b3 16... f6 17. Qg4 17... f5 18. exf5 18... Bxf5 19. Qg3 19... c5 20.
bxc4 20... Bxc2 21. Nxe5 21... Nf5 22. Qf4 22... Nd4 23. Qxf8 23... Rxf8 24. Rac1 24... Qxe5 25. Rxc2",1. 0:03:00 1... 0:03:00 2. 0:02:59 2... 0:03:00 3. 0:02:59 3... 0:03:00 4. 0:02:59 4... 0:03:00 5. 0:02:59 5... 0:03:01 6. 0:03:00 6... 0:03:01 7. 0:02:57 7... 0:02:59 8. 0:02:57 8... 0:03:00 9. 0:02:54 9... 0:02:54 10. 0:02:54 10... 0:02:54 11. 0:02:52 11... 0:02:42 12. 0:02:47 12... 0:02:41 13. 0:02:46 13... 0:02:14 14. 0:02:46 14... 0:02:14 15. 0:02:41 15... 0:01:56 16. 0:02:34 16... 0:01:53 17. 0:02:33 17... 0:01:49 18. 0:02:34 18... 0:01:49 19. 0:02:29 19... 0:01:38 20. 0:02:31 20... 0:01:32 21. 0:02:23 21... 0:01:11 22. 0:01:45 22... 0:00:57 23. 0:01:24 23... 0:00:56 24. 0:01:24 24... 0:00:55 25. 0:01:20,
Rated Blitz game,https://lichess.org/6x5AJehV,2024.08.01,-,bejarov,LeBleuet,1-0,2024.08.01,00:07:03,1679,1724,,,A40,Queen's Pawn Game: Modern Defense,180+2,Time forfeit,"1. d4 1... g6 2. Nf3 2... Bg7 3. Bg5 3... h6 4. Bh4 4... g5 5. Bg3 5... Nf6 6. e3 6... d6 7. Bd3 7... Nbd7 8.
Nbd2 8... c5 9. c3 9... a6 10. Qb1 10... b5 11. O-O 11... c4 12.
Bc2 12... O-O 13. e4 13... Re8 14. Re1 14... Nh5 15. Re2 15... Nxg3 16.
hxg3 16... e5 17. dxe5 17... Nxe5 18. Nxe5 18... Rxe5 19. Nf3 19... Re8 20.
Qe1 20... Bg4 21. Rd1 21... Qc7 22. Rdd2 22... Rad8 23. Re3 23... d5 24.
exd5 24... Rxe3 25. Qxe3 25... Bxf3 26. Qxf3 26... Re8 27. Be4 27... Qd6 28. Qf5 28... Re5 29.
Qh7 29... Kf8 30. f3 30... a5 31. Kf2 31... b4 32. Rd4 32... bxc3 33.
bxc3 33... Qc5 34. d6 34... Re8 35. d7 35... Bxd4 36. cxd4 36... Qxd4 37. Ke2 37... Qxd7 38. Qxh6",1. 0:03:00 1... 0:03:00 2. 0:03:01 2... 0:03:00 3. 0:03:03 3... 0:03:00 4. 0:03:03 4... 0:03:01 5. 0:03:04 5... 0:03:01 6. 0:03:05 6... 0:02:56 7. 0:03:06 7... 0:02:54 8. 0:03:05 8... 0:02:54 9. 0:03:06 9... 0:02:49 10. 0:02:49 10... 0:02:32 11. 0:02:47 11... 0:02:30 12. 0:02:44 12... 0:02:22 13. 0:02:45 13... 0:02:17 14. 0:02:45 14... 0:02:11 15. 0:02:40 15... 0:02:11 16. 0:02:41 16... 0:02:11 17. 0:02:40 17... 0:02:12 18. 0:02:40 18... 0:01:52 19. 0:02:39 19... 0:01:52 20. 0:02:35 20... 0:01:51 21. 0:02:34 21... 0:01:47 22. 0:02:28 22... 0:01:46 23. 0:02:22 23... 0:01:35 24. 0:02:19 24... 0:01:27 25. 0:02:20 25... 0:01:19 26. 0:02:10 26... 0:01:18 27. 0:02:02 27... 0:01:09 28. 0:01:55 28... 0:01:01 29. 0:01:34 29... 0:01:01 30. 0:01:32 30... 0:00:27 31. 0:01:31 31... 0:00:22 32. 0:01:19 32... 0:00:10 33. 0:01:19 33... 0:00:08 34. 0:01:13 34... 0:00:04 35. 0:01:06 35... 0:00:02 36. 0:01:04 36... 0:00:03 37. 0:00:57 37... 0:00:03 38. 0:00:53,
Rated Blitz game,https://lichess.org/lSeAixzH,2024.08.01,-,AdamJoseph,mulefoot,0-1,2024.08.01,00:07:03,1544,1525,,,C31,King's Gambit Declined: Falkbeer Countergambit,180+2,Normal,"1. e4 1... e5 2. f4 2... d5 3. fxe5 3... dxe4 4. d3 4... exd3 5.
Bxd3 5... Qh4 6. g3 6... Qb4 7. Qd2 7... Qxd2 8. Bxd2 8... Bg4 9. h3 9... Be6 10. Nc3 10...
Nc6 11. Nf3 11... O-O-O 12. Bb5 12... Nb4 13.
Ng5 13... Nxc2 14. Kf2 14... Rxd2 15. Kf3 15... Be7 16. Nxe6 16... fxe6 17. Rac1 17... Nh6 18.
Ne4 18... Rf8",1. 0:03:00 1... 0:03:00 2. 0:03:00 2... 0:03:00 3. 0:02:56 3... 0:02:56 4. 0:02:50 4... 0:02:53 5. 0:02:51 5... 0:02:45 6. 0:02:48 6... 0:02:43 7. 0:02:43 7... 0:02:42 8. 0:02:43 8... 0:02:38 9. 0:02:40 9... 0:02:38 10. 0:02:41 10... 0:02:32 11. 0:02:41 11... 0:02:18 12. 0:02:23 12... 0:02:11 13. 0:02:11 13... 0:02:09 14. 0:02:11 14... 0:02:05 15. 0:02:09 15... 0:01:56 16. 0:02:04 16... 0:01:56 17. 0:02:03 17... 0:01:51 18. 0:01:47 18... 0:01:46,
Rated Blitz game,https://lichess.org/f7VRxbPs,2024.08.01,-,santiagouru,wagnerdouglas,1-0,2024.08.01,00:07:03,1395,1401,,,C64,Ruy Lopez: Classical Variation,180+2,Normal,"1. e4 1... e5 2. Nf3 2... Nc6 3. Bb5 3... Bc5 4. O-O 4... Nge7 5.
Bxc6 5... Nxc6 6. Nc3 6... O-O 7. Na4 7... Bb6 8. Nxb6 8... axb6 9.
d4 9... exd4 10. Nxd4 10... d5 11. Nxc6 11... bxc6 12. exd5 12... cxd5 13. Bf4 13... Ba6 14. Re1 14... c6 15. b3 15...
Qh4 16. Bg3 16... Qg5 17. Qd4 17... Rab8 18. Re5 18... Qf6 19. Rae1 19... Rfd8 20. Bh4 20... g5 21. Rxg5",1. 0:03:00 1... 0:03:00 2. 0:03:01 2... 0:03:00 3. 0:03:01 3... 0:03:00 4. 0:03:01 4... 0:03:00 5. 0:03:01 5... 0:02:52 6. 0:03:01 6... 0:02:51 7. 0:03:01 7... 0:02:52 8. 0:02:58 8... 0:02:52 9. 0:02:59 9... 0:02:52 10. 0:03:01 10... 0:02:44 11. 0:02:59 11... 0:02:46 12. 0:02:58 12... 0:02:41 13. 0:02:54 13... 0:02:38 14. 0:02:54 14... 0:02:32 15. 0:02:51 15... 0:02:19 16. 0:02:49 16... 0:02:10 17. 0:02:44 17... 0:01:56 18. 0:02:43 18... 0:01:54 19. 0:02:43 19... 0:01:48 20. 0:02:28 20... 0:01:46 21. 0:02:17,
Rated Blitz game,https://lichess.org/xnzPf6ck,2024.08.01,-,aniceguy01,camille37,0-1,2024.08.01,00:07:03,1644,1634,,,C41,Philidor Defense: Exchange Variation,180+2,Normal,"1. e4 1... e5 2. Nf3 2... d6 3. d4 3... exd4 4. Nxd4 4... Nc6 5.
Nc3 5... Nxd4 6. Qxd4 6... c5 7. Qd1 7... Nf6 8. Bd3 8... Bg4 9. f3 9... Bd7 10. O-O 10...
Be7 11. Be3 11... O-O 12. b3 12... b6 13. Ne2 13... Bc6 14. c4 14...
a6 15. Nc3 15... Ne8 16. Nd5 16... Bxd5 17. cxd5 17... Bf6 18. Rc1 18... b5 19. Qc2 19... b4 20. e5 20... Bxe5 21.
Bxh7 21... Kh8 22. Be4 22... Nf6 23. Rce1 23... Bc3 24. Re2 24... Re8 25. Bd2 25... Bd4 26.
Be3 26... Nxe4 27. Bxd4 27... Nc3 28. Bxc3 28... Rxe2 29. Bxg7 29... Kxg7 30. Qxe2 30... Qa5 31.
f4 31... Qb5 32. Qg4 32... Kf8 33. f5 33... Qd3 34. f6 34... Qd4 35.
Kh1 35... Qxg4",1. 0:03:00 1... 0:03:00 2. 0:03:01 2... 0:03:01 3. 0:03:01 3... 0:03:02 4. 0:03:03 4... 0:03:03 5. 0:03:04 5... 0:03:03 6. 0:03:04 6... 0:03:04 7. 0:03:04 7... 0:03:04 8. 0:03:02 8... 0:03:00 9. 0:02:47 9... 0:03:00 10. 0:02:48 10... 0:03:00 11. 0:02:48 11... 0:03:00 12. 0:02:39 12... 0:03:01 13. 0:02:40 13... 0:02:53 14. 0:02:42 14... 0:02:51 15. 0:02:43 15... 0:02:39 16. 0:02:39 16... 0:02:38 17. 0:02:40 17... 0:02:37 18. 0:02:35 18... 0:02:37 19. 0:02:15 19... 0:02:32 20. 0:02:02 20... 0:02:31 21. 0:02:03 21... 0:02:32 22. 0:01:55 22... 0:02:28 23. 0:01:35 23... 0:02:23 24. 0:01:31 24... 0:02:12 25. 0:01:30 25... 0:02:11 26. 0:01:01 26... 0:02:08 27. 0:01:01 27... 0:02:05 28. 0:00:59 28... 0:02:05 29. 0:00:53 29... 0:02:00 30. 0:00:54 30... 0:01:51 31. 0:00:41 31... 0:01:52 32. 0:00:32 32... 0:01:46 33. 0:00:27 33... 0:01:29 34. 0:00:20 34... 0:01:29 35. 0:00:17 35... 0:01:30,
Rated Blitz game,https://lichess.org/MzcMvE1x,2024.08.01,-,DerZahnarzt,badran51,0-1,2024.08.01,00:07:03,1887,1923,,,A04,Zukertort Opening: Sicilian Invitation,180+2,Normal,"1. Nf3 1... c5 2. g3 2... Nf6 3. Bg2 3... g6 4. O-O 4... Bg7 5. b3 5... O-O 6. Bb2 6...
d5 7. c4 7... d4 8. e3 8... Nc6 9. exd4 9...
cxd4 10. d3 10... e5 11. a3 11... Re8 12. b4 12... Bg4 13. h3 13...
Bxf3 14. Qxf3 14... Qb6 15. Bc1 15... e4 16.
dxe4 16... Nxe4 17. Nd2 17... Ng5 18. Rb1 18... Nxf3",1. 0:03:00 1... 0:03:00 2. 0:03:00 2... 0:03:01 3. 0:03:02 3... 0:03:02 4. 0:03:03 4... 0:03:03 5. 0:03:04 5... 0:03:04 6. 0:03:05 6... 0:03:05 7. 0:03:06 7... 0:03:06 8. 0:03:06 8... 0:03:05 9. 0:03:08 9... 0:03:06 10. 0:03:09 10... 0:03:06 11. 0:03:10 11... 0:03:07 12. 0:03:11 12... 0:03:05 13. 0:03:09 13... 0:03:01 14. 0:03:10 14... 0:02:39 15. 0:03:03 15... 0:02:30 16. 0:03:01 16... 0:02:30 17. 0:02:57 17... 0:02:11 18. 0:02:32 18... 0:02:11,
Rated Blitz tournament https://lichess.org/tournament/9ItBGKQi,https://lichess.org/4riabmkg,2024.08.01,-,ClubColombiaTuq,DuskDementor,0-1,2024.08.01,00:07:06,1745,1588,,,B06,Modern Defense,180+2,Time forfeit,"1. e4 1... g6 2. Nf3 2... Bg7 3. e5 3... e6 4. Bc4 4... Nc6 5. d4 5... Nge7 6. Bg5 6... d5 7. Bxe7 7... Nxe7 8.
Bb5 8... c6 9. Ba4 9... Bd7 10. O-O 10... Qa5 11. Bb3 11... c5 12.
c3 12... c4 13. Bc2 13... Qb6 14. Qc1 14... Nf5 15. b4 15... cxb3 16.
axb3 16... Bb5 17. Re1 17... a6 18. Bxf5 18... exf5 19. Nbd2 19... Bd3 20.
Re3 20... Be4 21. c4 21... Bh6 22. Re2 22... Bxd2 23. Nxd2 23... Qxd4 24. cxd5 24... Qxd5 25. f3 25... Bd3 26. Re1 26... O-O 27. Kh1 27... Rfe8 28. Nc4 28... Bxc4 29.
bxc4 29... Qc5 30. e6 30... Rxe6 31. Rd1 31... Rae8 32. Qd2 32... Re2 33.
Qd7 33... Qxc4 34. Rg1 34... Qc6 35. Qd4 35... b5 36. h4 36... Qe6 37.
h5 37... Re1",1. 0:01:30 1... 0:03:00 2. 0:01:25 2... 0:03:02 3. 0:01:25 3... 0:02:59 4. 0:01:23 4... 0:03:00 5. 0:01:20 5... 0:02:52 6. 0:01:16 6... 0:02:50 7. 0:01:13 7... 0:02:46 8. 0:01:12 8... 0:02:47 9. 0:01:11 9... 0:02:48 10. 0:01:09 10... 0:02:46 11. 0:01:06 11... 0:02:43 12. 0:01:06 12... 0:02:42 13. 0:01:05 13... 0:02:41 14. 0:01:01 14... 0:02:36 15. 0:00:58 15... 0:02:36 16. 0:00:56 16... 0:02:37 17. 0:00:52 17... 0:02:35 18. 0:00:51 18... 0:02:34 19. 0:00:50 19... 0:02:30 20. 0:00:47 20... 0:02:27 21. 0:00:44 21... 0:02:26 22. 0:00:37 22... 0:02:23 23. 0:00:34 23... 0:02:23 24. 0:00:25 24... 0:02:20 25. 0:00:21 25... 0:02:08 26. 0:00:18 26... 0:02:06 27. 0:00:14 27... 0:02:06 28. 0:00:12 28... 0:02:06 29. 0:00:12 29... 0:02:06 30. 0:00:11 30... 0:02:03 31. 0:00:11 31... 0:02:04 32. 0:00:09 32... 0:02:02 33. 0:00:07 33... 0:02:02 34. 0:00:05 34... 0:01:58 35. 0:00:01 35... 0:01:57 36. 0:00:01 36... 0:01:56 37. 0:00:00 37... 0:01:57,
Rated Blitz game,https://lichess.org/avFQf1lE,2024.08.01,-,Guntramn,joseyepez2007,1-0,2024.08.01,00:07:15,2365,2226,,,E62,"King's Indian Defense: Fianchetto Variation, Uhlmann-Szabo System",180+2,Normal,"1. c4 1... Nf6 2. Nc3 2... g6 3. g3 3... d6 4. Bg2 4... Bg7 5. d4 5... O-O 6. Nf3 6... Nc6 7. O-O 7... e5 8. Bg5 8... exd4 9. Nd5 9...
Be6 10. Nxd4 10... Nxd4 11. Qxd4 11... Nxd5 12. Qxg7 12... Kxg7 13. Bxd8 13... Raxd8 14. cxd5 14... Bc8 15. Rac1 15... Rd7 16. Rc4 16... b6 17.
Rfc1 17... Ba6 18. Rxc7 18... Rxc7 19. Rxc7 19... Bxe2 20. f4 20... a5 21. Rc6 21... Rb8 22.
Rxd6",1. 0:03:00 1... 0:03:00 2. 0:03:01 2... 0:03:01 3. 0:03:01 3... 0:03:03 4. 0:03:02 4... 0:03:05 5. 0:03:03 5... 0:03:07 6. 0:03:03 6... 0:03:09 7. 0:03:03 7... 0:03:10 8. 0:02:49 8... 0:02:57 9. 0:02:35 9... 0:02:54 10. 0:02:33 10... 0:02:53 11. 0:02:30 11... 0:02:42 12. 0:02:28 12... 0:02:42 13. 0:02:29 13... 0:02:32 14. 0:02:30 14... 0:02:33 15. 0:02:29 15... 0:02:34 16. 0:02:28 16... 0:02:31 17. 0:02:27 17... 0:02:24 18. 0:02:28 18... 0:02:25 19. 0:02:28 19... 0:02:27 20. 0:02:23 20... 0:02:23 21. 0:02:21 21... 0:02:15 22. 0:02:21,
Rated Blitz game,https://lichess.org/qYgicPj6,2024.08.01,-,Danypro11,psycomediante,0-1,2024.08.01,00:07:15,1079,1040,,,C00,French Defense: Knight Variation,180+2,Normal,1. e4 1... e6 2. Nf3 2... d5 3. d3 3... Nf6 4. e5 4... Nfd7 5. d4 5... c5 6. c3 6... Nc6 7. Be3 7... Qb6 8. Bd3 8... Qxb2 9. Nbd2 9... Qxc3 10. O-O 10... Qxd3,1. 0:03:00 1... 0:03:00 2. 0:02:57 2... 0:03:01 3. 0:02:52 3... 0:02:59 4. 0:02:52 4... 0:02:59 5. 0:02:52 5... 0:03:00 6. 0:02:48 6... 0:03:01 7. 0:02:44 7... 0:03:00 8. 0:02:44 8... 0:03:01 9. 0:02:34 9... 0:03:02 10. 0:02:32 10... 0:03:02,
Rated Blitz game,https://lichess.org/cOcsF2GW,2024.08.01,-,AKoulou,NotReallyAnder,0-1,2024.08.01,00:07:15,1229,1255,,,D03,Queen's Pawn Game: Torre Attack,180+2,Normal,"1. d4 1... d5 2. Nf3 2... Nf6 3. Bg5 3... h6 4. Bf4 4... e6 5. e3 5... Bd6 6. c4 6...
Bxf4 7. exf4 7... Nc6 8. Nc3 8... dxc4 9. Bxc4 9... O-O 10. O-O 10...
Bd7 11. Qb3 11... b6 12. Rad1 12... a5 13. Bb5 13... a4 14. Nxa4 14... Na5 15. Qd3 15... Bxb5 16. Qxb5 16... Nd5 17.
b4 17... Nb7 18. Nb2 18... Nc3 19. Qc4 19... Nxd1 20. Rxd1 20... Qd5 21.
Qxd5 21... exd5 22. Ne5 22... Rfd8 23. a4 23... Nd6 24. Nc6 24... Re8 25. Kf1 25... Nc4 26.
Nxc4 26... dxc4 27. a5 27... bxa5 28. bxa5 28... Re6 29. d5 29... Re4 30.
f5 30... c3 31. f3 31... Ra4 32. Rc1 32... Ra3 33. Ke2 33... Re8 34.
Kd3 34... c2 35. Kxc2 35... Re2 36. Kb1 36... Rxg2 37. Ne7 37... Kf8 38.
Nc8 38... Rxf3 39. Rxc7 39... Rgf2 40. a6 40... Rf1 41. Rc1 41... Rxc1 42. Kxc1 42... Rc3 43. Kd2 43... Rxc8",1. 0:03:00 1... 0:03:00 2. 0:03:01 2... 0:03:00 3. 0:03:02 3... 0:03:00 4. 0:03:02 4... 0:03:00 5. 0:03:02 5... 0:03:01 6. 0:02:44 6... 0:02:59 7. 0:02:45 7... 0:02:56 8. 0:02:46 8... 0:02:49 9. 0:02:46 9... 0:02:48 10. 0:02:43 10... 0:02:45 11. 0:02:43 11... 0:02:43 12. 0:02:43 12... 0:02:39 13. 0:02:41 13... 0:02:35 14. 0:02:31 14... 0:02:26 15. 0:02:05 15... 0:02:19 16. 0:02:04 16... 0:02:04 17. 0:01:58 17... 0:01:55 18. 0:01:42 18... 0:01:51 19. 0:01:28 19... 0:01:49 20. 0:01:29 20... 0:01:23 21. 0:01:22 21... 0:01:24 22. 0:01:23 22... 0:01:20 23. 0:01:16 23... 0:01:16 24. 0:01:02 24... 0:01:08 25. 0:01:00 25... 0:01:05 26. 0:01:00 26... 0:01:03 27. 0:00:52 27... 0:01:03 28. 0:00:53 28... 0:01:01 29. 0:00:42 29... 0:00:54 30. 0:00:38 30... 0:00:51 31. 0:00:38 31... 0:00:42 32. 0:00:37 32... 0:00:42 33. 0:00:31 33... 0:00:34 34. 0:00:16 34... 0:00:33 35. 0:00:16 35... 0:00:33 36. 0:00:17 36... 0:00:25 37. 0:00:06 37... 0:00:26 38. 0:00:04 38... 0:00:24 39. 0:00:05 39... 0:00:23 40. 0:00:05 40... 0:00:22 41. 0:00:05 41... 0:00:23 42. 0:00:06 42... 0:00:24 43. 0:00:03 43... 0:00:25,
Rated Blitz game,https://lichess.org/5MwjQb4o,2024.08.01,-,bozdemir9,rum44,0-1,2024.08.01,00:07:15,1398,1343,,,C40,King's Pawn Game: McConnell Defense,180+2,Normal,"1. e4 1... e5 2. Nf3 2... Qf6 3. Bc4 3... Nc6 4. Nc3 4... h6 5. Nd5 5... Qd8 6. d3 6... Bc5 7. a3 7... Nf6 8. b4 8... Nxd5 9. Bxd5 9... Bb6 10. b5 10... Nd4 11. Nxe5 11... O-O 12. O-O 12... Qf6 13. Ng4 13... Qg6 14.
h3 14... Nxb5 15. Be3 15... Bxe3 16. Nxe3 16... d6 17.
Ng4 17... Nc3 18. Qf3 18...
Nxd5 19. exd5 19... c6 20. dxc6 20... bxc6 21.
Qxc6 21... Bxg4 22. hxg4 22... Qxg4 23. Qxd6 23...
Rac8 24. Rfc1 24... h5 25. Qg3 25... Qf5 26. Qf3 26... Qg6 27. Qe4 27...
f5 28. Qd4 28... Qg5 29. Qxa7 29... h4 30.
Qb7 30... h3 31. g3 31... f4 32. Kh2 32... fxg3 33. fxg3 33... Rf2 34.
Kxh3 34... Qh5",1. 0:03:00 0. 0:03:00 1... 0:03:00 0. 0:03:01 2. 0:02:59 0. 0:03:03 2... 0:02:59 0. 0:03:01 3. 0:02:58 0. 0:03:01 3... 0:02:55 0. 0:03:02 4. 0:02:45 0. 0:03:03 4... 0:02:46 1. 0:02:58 5. 0:02:41 0. 0:02:57 5... 0:02:37 0. 0:02:56 6. 0:02:31 0. 0:02:51 6... 0:02:13 1. 0:02:47 7. 0:01:48 0. 0:02:43 7... 0:01:39 0. 0:02:41 8. 0:01:32 0. 0:02:38 8... 0:01:30 1. 0:02:39 9. 0:01:15 0. 0:02:36 9... 0:01:10 0. 0:02:34 10. 0:01:09 0. 0:02:31 10... 0:01:09 0. 0:02:31 11. 0:01:05 0. 0:02:32 11... 0:01:05 1. 0:02:33 12. 0:01:01 0. 0:02:29 12... 0:00:57 1. 0:02:26 13. 0:00:51 1. 0:02:21 13... 0:00:45 1. 0:02:20 14. 0:00:38 0. 0:02:20 14... 0:00:29 1. 0:02:17 15. 0:00:24 0. 0:02:15 15... 0:00:22 0. 0:02:13 16. 0:00:20 0. 0:02:11 16... 0:00:19 1. 0:02:06 17. 0:00:21 0. 0:02:04 17... 0:00:21 0. 0:02:02,
Rated Blitz tournament https://lichess.org/tournament/9ItBGKQi,https://lichess.org/fr6qS5Hd,2024.08.01,-,SamuelECordoba,NalinisGambit,1-0,2024.08.01,00:07:06,1633,875,,,C41,Philidor Defense,180+2,Normal,"1. e4 1... e5 2. Nf3 2... d6 3. Bc4 3... Nh6 4. d3 4... Ng4 5. h3 5... Nxf2 6. Kxf2 6...
c5 7. Re1 7... g5 8.
Bxg5 8... Qc7 9. Bf6 9... Rg8 10. Nc3 10... Rxg2 11. Kxg2 11... Bxh3 12. Kxh3 12... Nd7 13. Nd5 13... Qb8 14. Ng5 14... Nxf6 15. Nxf6 15... Ke7 16. Nfxh7 16... Bh6 17. Qh5 17... Kd7 18. Qxf7 18... Kc6 19. Qd5 19... Kd7 20. Nf6 20... Ke7 21. Qf7 21... Kd8 22.
Ne6 22... Kc8 23. Qe8",1. 0:01:30 1... 0:03:00 2. 0:01:27 2... 0:02:51 3. 0:01:25 3... 0:02:49 4. 0:01:23 4... 0:02:51 5. 0:01:18 5... 0:02:51 6. 0:01:17 6... 0:02:48 7. 0:01:15 7... 0:02:43 8. 0:01:06 8... 0:02:36 9. 0:01:03 9... 0:02:31 10. 0:00:55 10... 0:02:31 11. 0:00:54 11... 0:02:32 12. 0:00:53 12... 0:02:26 13. 0:00:51 13... 0:02:26 14. 0:00:45 14... 0:02:27 15. 0:00:45 15... 0:02:27 16. 0:00:43 16... 0:02:24 17. 0:00:41 17... 0:02:23 18. 0:00:39 18... 0:02:25 19. 0:00:38 19... 0:02:25 20. 0:00:37 20... 0:02:26 21. 0:00:35 21... 0:02:26 22. 0:00:35 22... 0:02:27 23. 0:00:34,
Rated Blitz game,https://lichess.org/S8RpnoD6,2024.08.01,-,GoldenBrazzzer,Potemkin16,1-0,2024.08.01,00:07:08,1565,1558,,,D31,Queen's Gambit Declined: Queen's Knight Variation,180+2,Time forfeit,"1. d4 1... d5 2. c4 2... e6 3. Nc3 3... g6 4. Nf3 4... h6 5. e4 5... dxe4 6. Nxe4 6... Bg7 7. Be3 7... Nf6 8.
Nxf6 8... Qxf6 9. Bd3 9... c5 10. O-O 10... Nc6 11. d5 11... exd5 12.
cxd5 12... Nb4 13. Bb5 13... Bd7 14. Bxd7 14... Kxd7 15. Bxc5 15... Na6 16. Qa4 16... Kc7 17.
Bd4 17... Nc5 18. Bxf6 18... Nxa4 19. Bxg7 19... Rh7 20. Be5 20... Kd7 21.
b3 21... Nb6 22. Rac1 22... Nxd5 23. Rfd1 23... Ke6 24. Re1 24... f6 25.
Bb2 25... Kf7 26. h3 26... g5 27. Nd4 27... Kg6 28. Nb5 28... Nb4 29.
Rcd1 29... Nxa2 30. Re6 30... Rf7 31. Nd6 31... Rff8 32. Nxb7 32... Kf5 33. Nc5 33... Rac8 34.
Rd5 34... Kg6 35. Nd7 35... Rf7 36. Nxf6 36... Rc2 37. Be5 37... Nb4 38.
Rd7 38... Rxd7 39. Nxd7 39... Kf5 40. Re8 40... Rc1 41. Kh2 41... Re1 42. g3 42... Nc6 43.
f4 43... Re2 44. Kg1 44... gxf4 45. gxf4 45... Re1 46. Kf2 46... Rb1 47.
Rf8 47... Ke6 48. Nc5 48... Kd5 49. Nd7 49... Rxb3 50. h4 50... Rh3 51. Kg2 51... Rxh4 52.
Rf6 52... Ne7 53. Nf8 53... a5 54. Ng6 54... Nxg6 55. Rxg6 55... a4 56.
Ra6 56... Rh5 57. Rxa4 57... Rf5 58. Ra5 58... Ke6 59. Ra6 59... Kd5 60.
Kh3 60... Rh5 61. Kg4 61... Rh1 62. Kf5 62... h5 63. Rh6 63... h4 64.
Kg4 64... Rg1 65. Kh3 65... Rh1 66. Kg2",1. 0:03:00 1... 0:03:00 2. 0:03:01 2... 0:03:00 3. 0:03:03 3... 0:03:01 4. 0:03:03 4... 0:03:02 5. 0:03:04 5... 0:03:01 6. 0:03:06 6... 0:03:02 7. 0:03:05 7... 0:03:02 8. 0:03:01 8... 0:03:04 9. 0:02:57 9... 0:03:04 10. 0:02:54 10... 0:02:57 11. 0:02:45 11... 0:02:53 12. 0:02:47 12... 0:02:46 13. 0:02:48 13... 0:02:42 14. 0:02:48 14... 0:02:44 15. 0:02:48 15... 0:02:33 16. 0:02:46 16... 0:02:19 17. 0:02:45 17... 0:01:49 18. 0:02:35 18... 0:01:50 19. 0:02:36 19... 0:01:50 20. 0:02:33 20... 0:01:51 21. 0:02:33 21... 0:01:50 22. 0:02:32 22... 0:01:47 23. 0:02:32 23... 0:01:49 24. 0:02:16 24... 0:01:12 25. 0:01:59 25... 0:01:10 26. 0:01:51 26... 0:01:03 27. 0:01:34 27... 0:00:58 28. 0:01:22 28... 0:00:57 29. 0:00:55 29... 0:00:55 30. 0:00:55 30... 0:00:54 31. 0:00:54 31... 0:00:43 32. 0:00:49 32... 0:00:40 33. 0:00:33 33... 0:00:26 34. 0:00:18 34... 0:00:25 35. 0:00:15 35... 0:00:15 36. 0:00:15 36... 0:00:15 37. 0:00:12 37... 0:00:14 38. 0:00:10 38... 0:00:11 39. 0:00:10 39... 0:00:11 40. 0:00:10 40... 0:00:10 41. 0:00:11 41... 0:00:11 42. 0:00:07 42... 0:00:11 43. 0:00:07 43... 0:00:09 44. 0:00:08 44... 0:00:10 45. 0:00:08 45... 0:00:07 46. 0:00:09 46... 0:00:08 47. 0:00:09 47... 0:00:09 48. 0:00:10 48... 0:00:09 49. 0:00:04 49... 0:00:09 50. 0:00:04 50... 0:00:08 51. 0:00:02 51... 0:00:09 52. 0:00:03 52... 0:00:05 53. 0:00:04 53... 0:00:05 54. 0:00:04 54... 0:00:06 55. 0:00:04 55... 0:00:07 56. 0:00:05 56... 0:00:04 57. 0:00:06 57... 0:00:04 58. 0:00:06 58... 0:00:04 59. 0:00:07 59... 0:00:04 60. 0:00:08 60... 0:00:04 61. 0:00:09 61... 0:00:05 62. 0:00:10 62... 0:00:04 63. 0:00:07 63... 0:00:05 64. 0:00:08 64... 0:00:04 65. 0:00:08 65... 0:00:04 66. 0:00:09,
Rated Blitz game,https://lichess.org/94nzr7zr,2024.08.01,-,failicious,Albaggar,0-1,2024.08.01,00:07:08,1053,1024,,,C34,King's Gambit Accepted: King's Knight's Gambit,180+2,Normal,"1. e4 1... e5 2. f4 2... exf4 3. Nf3 3...
Bc5 4. d4 4... Bb6 5. Bc4 5... d6 6.
O-O 6... f6 7. Bxf4 7...
Nc6 8. c3 8...
Bd7 9. Nbd2 9... Nge7 10. Nh4 10... g5 11.
Nf5 11... gxf4 12. Nxe7 12... Qxe7 13. Rxf4 13... O-O-O 14. a4 14... Na5 15. Bd5 15...
c6 16. Ba2 16... Bc7 17. b4 17... d5 18.
bxa5 18... Bxf4 19. exd5 19... cxd5 20. Nf3 20... Rhg8 21. Bxd5 21... Be6 22. Bxe6 22... Qxe6 23. Rb1 23... Rd7 24.
Qd3 24... Qa2 25. Nd2 25... Bxh2 26. Kxh2 26... Rdg7 27. Qf5 27... Kb8 28.
Qf4 28... Ka8 29. Rg1 29... Qd5 30. Ne4 30... Rg4 31. Qxf6 31... Qxe4 32. Qd6 32...
Rxg2 33. Rxg2 33... Qxg2",1. 0:03:00 0. 0:03:00 1... 0:03:01 0. 0:03:00 2. 0:03:01 0. 0:02:58 2... 0:03:00 0. 0:02:55 3. 0:03:00 0. 0:02:56 3... 0:02:59 0. 0:02:57 4. 0:02:59 0. 0:02:54 4... 0:02:58 0. 0:02:50 5. 0:02:57 0. 0:02:51 5... 0:02:51 0. 0:02:50 6. 0:02:40 0. 0:02:47 6... 0:02:40 2. 0:02:48 7. 0:02:36 2. 0:02:48 7... 0:02:28 2. 0:02:40 8. 0:02:18 2. 0:02:35 8... 0:02:11 2. 0:02:24 9. 0:02:10 2. 0:02:19 9... 0:02:09 2. 0:02:19 10. 0:02:07 2. 0:02:16 10... 0:01:51 8. 0:02:09 11. 0:01:46 1. 0:01:59 11... 0:01:34 1. 0:01:57 12. 0:01:30 2. 0:01:35 12... 0:01:13 2. 0:01:22 13. 0:00:51 2. 0:01:07 13... 0:00:50 2. 0:00:50 14. 0:00:45 3. 0:00:45 14... 0:00:43 2. 0:00:42 15. 0:00:34 3. 0:00:24 15... 0:00:30 3. 0:00:22 16. 0:00:27 3. 0:00:17 16... 0:00:24 2. 0:00:16 17. 0:00:25 3. 0:00:14,
Rated Blitz game,https://lichess.org/ch9ioqok,2024.08.01,-,chegaw,g0sly4,0-1,2024.08.01,00:06:55,1117,1215,,,D94,"Grünfeld Defense: Three Knights Variation, Burille Variation",180+2,Normal,"1. d4 1... Nf6 2. c4 2... g6 3. Nc3 3... d5 4. Nf3 4... Bg7 5. e3 5... c5 6. cxd5 6... Nxd5 7. Nxd5 7... Qxd5 8.
Bb5 8... Nc6 9. O-O 9... O-O 10. h3 10... cxd4 11. exd4 11... Nxd4 12. Nxd4 12... Bxd4 13. Be2 13... Be6 14. Rb1 14... Rac8 15. b3 15... Rfd8 16. Re1 16... Qc5 17.
Bh6 17... Bxf2 18. Kh1 18... Rxd1 19. Rexd1 19... Bxh3 20. g3 20... Qc6",1. 0:03:00 1... 0:03:00 2. 0:03:00 2... 0:02:59 3. 0:03:00 3... 0:03:00 4. 0:03:02 4... 0:03:00 5. 0:03:03 5... 0:03:00 6. 0:03:04 6... 0:02:55 7. 0:03:04 7... 0:02:57 8. 0:03:05 8... 0:02:57 9. 0:03:03 9... 0:02:57 10. 0:03:01 10... 0:02:57 11. 0:02:58 11... 0:02:49 12. 0:02:45 12... 0:02:50 13. 0:02:23 13... 0:02:50 14. 0:02:19 14... 0:02:44 15. 0:02:17 15... 0:02:45 16. 0:02:17 16... 0:02:43 17. 0:02:14 17... 0:02:31 18. 0:02:06 18... 0:02:33 19. 0:02:06 19... 0:02:27 20. 0:01:58 20... 0:02:27,
Rated Blitz game,https://lichess.org/iDmveJkT,2024.08.01,-,shalygin1959a,Carcelario85,0-1,2024.08.01,00:06:55,2445,2515,,,C77,"Ruy Lopez: Morphy Defense, Tarrasch Variation",180+2,Normal,"1. e4 1... e5 2. Nf3 2... Nc6 3. Bb5 3... a6 4. Ba4 4... Nf6 5. Nc3 5... b5 6. Bb3 6...
Be7 7. a4 7... b4 8.
Nd5 8... d6 9. a5 9...
O-O 10. Nxf6 10... Bxf6 11. Bd5 11... Bd7 12.
d3 12... Rb8 13. Bxc6 13... Bxc6 14. O-O 14... d5 15. exd5 15... Qxd5 16. Re1 16... Rb5 17. Bd2 17... Rfb8 18. b3 18... Rxa5 19. Rxa5 19... Qxa5 20. Ng5 20... Bxg5 21.
Bxg5 21... Qd5 22. Qg4 22... f5 23. Qg3 23... f4 24. Qg4 24... Bd7 25.
Qe2 25... h6 26. Bh4 26... g5 27. Qh5 27... Rb6 28. Bxg5 28... hxg5 29. Qxg5 29... Kf8 30. Rxe5 30... Qf7 31. Qd8 31... Be8 32. g4 32... fxg3 33. hxg3 33... Re6 34.
d4 34... Rxe5 35. dxe5 35... Qe7 36. Qd4 36... c5 37. Qe4 37... Qe6 38.
g4 38... Bc6 39. Qf4 39... Ke7 40. f3 40... Qf7 41. Qg5 41... Kd7 42.
f4 42... Qd5 43. Qf5 43... Kc7 44. Qh7 44... Kb6 45. Qh3 45... Qd1 46.
Kf2 46... Qxc2 47. Kg3 47... Qxb3 48. Kh4 48... Qxh3 49. Kxh3 49... b3 50. g5 50... b2 51. g6 51... b1=Q 52. g7 52... Qh7",1. 0:03:00 1... 0:03:00 2. 0:02:59 2... 0:03:01 3. 0:03:00 3... 0:03:02 4. 0:03:00 4... 0:03:03 5. 0:03:00 5... 0:03:03 6. 0:02:59 6... 0:03:00 7. 0:02:58 7... 0:02:57 8. 0:02:57 8... 0:02:48 9. 0:02:20 9... 0:02:43 10. 0:02:14 10... 0:02:43 11. 0:02:16 11... 0:02:43 12. 0:02:04 12... 0:02:40 13. 0:02:03 13... 0:02:39 14. 0:02:03 14... 0:02:41 15. 0:01:54 15... 0:02:38 16. 0:01:45 16... 0:02:29 17. 0:01:38 17... 0:02:29 18. 0:01:33 18... 0:02:28 19. 0:01:28 19... 0:02:29 20. 0:01:27 20... 0:02:03 21. 0:01:27 21... 0:01:32 22. 0:01:24 22... 0:01:33 23. 0:01:23 23... 0:01:21 24. 0:01:23 24... 0:01:06 25. 0:01:14 25... 0:00:59 26. 0:01:04 26... 0:00:56 27. 0:01:03 27... 0:00:51 28. 0:00:44 28... 0:00:49 29. 0:00:44 29... 0:00:37 30. 0:00:43 30... 0:00:37 31. 0:00:38 31... 0:00:32 32. 0:00:32 32... 0:00:27 33. 0:00:32 33... 0:00:14 34. 0:00:24 34... 0:00:05 35. 0:00:24 35... 0:00:05 36. 0:00:20 36... 0:00:05 37. 0:00:16 37... 0:00:04 38. 0:00:11 38... 0:00:06 39. 0:00:10 39... 0:00:06 40. 0:00:11 40... 0:00:05 41. 0:00:09 41... 0:00:05 42. 0:00:11 42... 0:00:06 43. 0:00:10 43... 0:00:06 44. 0:00:06 44... 0:00:07 45. 0:00:05 45... 0:00:07 46. 0:00:05 46... 0:00:07 47. 0:00:07 47... 0:00:08 48. 0:00:09 48... 0:00:09 49. 0:00:10 49... 0:00:10 50. 0:00:09 50... 0:00:10 51. 0:00:11 51... 0:00:11 52. 0:00:13 52... 0:00:13,
Rated Blitz game,https://lichess.org/9gJibLeP,2024.08.01,-,elinakof,Abueyad13,0-1,2024.08.01,00:06:55,1795,1806,,,C41,Philidor Defense: Exchange Variation,180+2,Normal,"1. e4 1... e5 2. Nf3 2... d6 3. d4 3... exd4 4. Nxd4 4... Nf6 5.
Nc3 5... Be7 6. Be2 6... O-O 7. O-O 7... a6 8. Be3 8... c5 9. Nb3 9... Nc6 10. Nd5 10...
Nxd5 11. exd5 11... Ne5 12. f4 12... Ng6 13.
c4 13... Bf6 14. Rb1 14... b5 15. Nd2 15... Bf5 16. Rc1 16... Bxb2 17.
cxb5 17... Bxc1 18. Qxc1 18... axb5 19. Nf3 19... b4 20. Qc4 20... Re8 21. Bf2 21... Re4 22.
Qb3 22... Rxe2",1. 0:03:00 1... 0:03:00 2. 0:03:01 2... 0:03:01 3. 0:03:02 3... 0:03:02 4. 0:03:03 4... 0:03:03 5. 0:03:03 5... 0:03:03 6. 0:03:04 6... 0:03:04 7. 0:03:05 7... 0:03:04 8. 0:03:05 8... 0:03:05 9. 0:03:03 9... 0:03:06 10. 0:03:01 10... 0:03:06 11. 0:03:01 11... 0:03:03 12. 0:03:01 12... 0:03:00 13. 0:03:01 13... 0:02:48 14. 0:03:00 14... 0:02:41 15. 0:02:58 15... 0:02:38 16. 0:02:43 16... 0:02:38 17. 0:02:36 17... 0:02:38 18. 0:02:37 18... 0:02:38 19. 0:02:30 19... 0:02:24 20. 0:02:21 20... 0:02:19 21. 0:02:19 21... 0:02:18 22. 0:02:17 22... 0:02:16,
Rated Blitz game,https://lichess.org/Pd2K6gzh,2024.08.01,-,spongebob_solos,valeranikitin,0-1,2024.08.01,00:06:55,2027,1971,,,B02,Alekhine Defense: Two Pawns Attack,180+2,Normal,"1. e4 1... Nf6 2. e5 2... Nd5 3. c4 3... Nb6 4. d4 4... c5 5. dxc5 5... Nxc4 6. Bxc4 6...
Qa5 7. Nc3 7... Qxc5 8. Qd5 8... Qxd5 9. Bxd5 9... e6 10. Be4 10...
Bb4 11. Ne2 11... f5 12. Bc2 12... O-O 13. f4 13... Nc6 14. a3 14...
Be7 15. O-O 15... a6 16. Be3 16... b5 17. b4 17... Bb7 18. Rfd1 18... Bc8 19. Bb3 19... a5 20. Nxb5 20... axb4 21. a4 21... Na5 22. Rdb1 22... Bb7 23. Bb6 23... Be4 24. Rb2 24... Bd3 25. Nc7 25... Nxb3 26.
Rxb3 26... Bxe2 27. Nxa8 27... Rxa8 28. a5 28... d5 29. Kf2 29... Bc4 30. Rb2 30... Ra6 31.
h3 31... h6 32. g4 32... g5 33. Kf3 33... gxf4 34. gxf5 34... exf5 35. Kxf4 35... Bd3 36. Rg2 36... Bg5 37. Kg3 37... f4 38. Kg4 38... Kf7 39. h4 39... Be4 40.
Rf2 40... Be7 41. Kxf4 41... Bxh4 42. Kg4 42... Bxf2 43. Bxf2 43... Ke6 44.
Bd4 44... b3 45. Kh5 45... Ke7 46. Ra3 46... Bc2 47. Kh4 47... Ke6 48.
Bc3 48... Kf5 49. Ra4 49... b2 50. Rb4 50... b1=Q 51. Rxb1 51... Bxb1 52. Kh5 52... Rc6 53. Bb2 53... Bd3 54. Bd4 54... Ba6 55. Be3 55... Rc2 56. Bd4 56... Rh2",1. 0:03:00 1... 0:03:00 2. 0:03:01 2... 0:03:01 3. 0:03:02 3... 0:03:02 4. 0:03:04 4... 0:03:02 5. 0:03:02 5... 0:02:55 6. 0:03:02 6... 0:02:57 7. 0:02:57 7... 0:02:59 8. 0:02:58 8... 0:02:57 9. 0:03:00 9... 0:02:58 10. 0:02:54 10... 0:02:56 11. 0:02:52 11... 0:02:57 12. 0:02:43 12... 0:02:55 13. 0:02:43 13... 0:02:54 14. 0:02:44 14... 0:02:54 15. 0:02:44 15... 0:02:52 16. 0:02:44 16... 0:02:53 17. 0:02:43 17... 0:02:54 18. 0:02:42 18... 0:02:44 19. 0:02:32 19... 0:02:43 20. 0:02:30 20... 0:02:43 21. 0:02:29 21... 0:02:33 22. 0:02:00 22... 0:02:26 23. 0:01:51 23... 0:02:18 24. 0:01:34 24... 0:02:08 25. 0:01:23 25... 0:01:52 26. 0:01:20 26... 0:01:49 27. 0:01:20 27... 0:01:49 28. 0:01:18 28... 0:01:40 29. 0:01:04 29... 0:01:39 30. 0:01:03 30... 0:01:38 31. 0:00:41 31... 0:01:37 32. 0:00:41 32... 0:01:22 33. 0:00:28 33... 0:01:14 34. 0:00:24 34... 0:01:12 35. 0:00:24 35... 0:00:53 36. 0:00:22 36... 0:00:52 37. 0:00:13 37... 0:00:43 38. 0:00:14 38... 0:00:40 39. 0:00:14 39... 0:00:34 40. 0:00:12 40... 0:00:20 41. 0:00:12 41... 0:00:18 42. 0:00:11 42... 0:00:18 43. 0:00:11 43... 0:00:15 44. 0:00:11 44... 0:00:12 45. 0:00:10 45... 0:00:09 46. 0:00:10 46... 0:00:06 47. 0:00:10 47... 0:00:05 48. 0:00:09 48... 0:00:06 49. 0:00:10 49... 0:00:03 50. 0:00:08 50... 0:00:04 51. 0:00:10 51... 0:00:05 52. 0:00:12 52... 0:00:05 53. 0:00:12 53... 0:00:06 54. 0:00:12 54... 0:00:07 55. 0:00:12 55... 0:00:07 56. 0:00:13 56... 0:00:06,
Rated Blitz game,https://lichess.org/T56TtTFb,2024.08.01,-,luiscruces,saifouf24,1/2-1/2,2024.08.01,00:06:55,1861,1864,,,A45,Indian Defense,180+2,Normal,"1. d4 1... Nf6 2. Bf4 2... c5 3. e3 3... cxd4 4. exd4 4... Qb6 5.
Bc1 5... Nc6 6. c3 6... d6 7. Nf3 7... g6 8. Bd3 8... Bg7 9. O-O 9... O-O 10. Nbd2 10... e5 11. Nc4 11... Qc7 12.
Be2 12... exd4 13. cxd4 13... Re8 14. Bg5 14... Bg4 15. Be3 15... Nd5 16. b3 16... b5 17.
Ncd2 17... Rxe3 18. fxe3 18... Nxe3 19. Qb1 19... Nxf1 20. Kxf1 20... Nxd4 21. Nxd4 21... Bxe2 22. Nxe2 22... Bxa1 23. Qxa1 23... Rc8 24. Qd4 24... Qc5 25. g3 25... Qxd4 26. Nxd4 26... Rc1 27. Ke2 27... Ra1 28. Nxb5 28... Rxa2 29. Nxd6 29... Kf8 30. Kd3 30... Ke7 31. N6c4 31... Kf6 32.
h3 32... Kf5 33. Kd4 33... Ra1 34. Ke3 34... h5 35. Kf3 35... a5 36.
g4 36... hxg4 37. hxg4 37... Kg5 38. Ne4 38... Kh6 39. Ncd6 39... Kg7 40. Ne8 40... Kf8 41.
N8d6 41... Ra3 42. Nd2 42... a4 43. N6c4 43... Ra2 44. bxa4 44... Rxa4 45. Kf4 45... Ke7 46. Kg5 46... Ke6 47. Kh6 47... Kf6 48. Ne4 48... Ke6 49. Ng5 49... Kf6 50.
Ne4 50... Ke6 51. Ned2 51... f5 52. gxf5 52... gxf5 53. Kg5 53... Ra8 54. Kf4 54... Ra4 55.
Kg5 55... Ra8 56. Ne3 56... Ra2 57. Ndc4 57... Ra4 58. Kf4 58... Kf6 59.
Kf3 59... Ke6 60. Kf4 60... Rxc4 61. Nxc4 61... Kd5 62. Ne3 62... Kc5 63.
Ng2 63... Kb5 64. Ne1 64... Kb4 65. Nd3 65... Ka3 66. Ne5 66... Kb2 67.
Nd7 67... Ka1 68. Nf6 68... Kb1 69. Nh7 69... Ka1 70. Ng5 70... Ka2 71.
Nf3 71... Kb1 72. Nd4 72... Ka1 73. Ne2 73... Kb1 74. Ke3 74... Ka2 75.
Kd2 75... Ka1 76. Kc3 76... Ka2 77. Kc2 77... Ka3 78. Kd3 78... f4 79.
Kd4 79... f3 80. Ng3 80... f2 81. Ke3 81... f1=Q 82. Nxf1",1. 0:03:00 1... 0:03:00 2. 0:03:00 2... 0:03:00 3. 0:03:02 3... 0:03:01 4. 0:03:03 4... 0:03:02 5. 0:02:55 5... 0:02:55 6. 0:02:56 6... 0:02:56 7. 0:02:56 7... 0:02:54 8. 0:02:56 8... 0:02:56 9. 0:02:56 9... 0:02:57 10. 0:02:56 10... 0:02:58 11. 0:02:55 11... 0:02:58 12. 0:02:56 12... 0:02:54 13. 0:02:55 13... 0:02:52 14. 0:02:51 14... 0:02:51 15. 0:02:46 15... 0:02:48 16. 0:02:35 16... 0:02:46 17. 0:02:25 17... 0:02:45 18. 0:02:22 18... 0:02:47 19. 0:02:20 19... 0:02:48 20. 0:02:21 20... 0:02:44 21. 0:02:18 21... 0:02:45 22. 0:02:18 22... 0:02:47 23. 0:02:18 23... 0:02:45 24. 0:02:12 24... 0:02:39 25. 0:02:09 25... 0:02:39 26. 0:02:08 26... 0:02:31 27. 0:02:09 27... 0:02:32 28. 0:02:07 28... 0:02:29 29. 0:02:07 29... 0:02:28 30. 0:02:07 30... 0:02:28 31. 0:02:02 31... 0:02:28 32. 0:02:00 32... 0:02:27 33. 0:01:56 33... 0:02:21 34. 0:01:51 34... 0:02:13 35. 0:01:49 35... 0:02:08 36. 0:01:47 36... 0:02:08 37. 0:01:49 37... 0:02:09 38. 0:01:48 38... 0:02:09 39. 0:01:47 39... 0:02:09 40. 0:01:41 40... 0:02:09 41. 0:01:41 41... 0:02:08 42. 0:01:36 42... 0:02:08 43. 0:01:37 43... 0:01:57 44. 0:01:38 44... 0:01:59 45. 0:01:39 45... 0:01:58 46. 0:01:38 46... 0:01:55 47. 0:01:33 47... 0:01:51 48. 0:01:32 48... 0:01:50 49. 0:01:25 49... 0:01:47 50. 0:01:25 50... 0:01:48 51. 0:01:23 51... 0:01:32 52. 0:01:16 52... 0:01:34 53. 0:01:17 53... 0:01:25 54. 0:01:16 54... 0:01:17 55. 0:01:11 55... 0:01:11 56. 0:01:10 56... 0:01:07 57. 0:01:09 57... 0:01:08 58. 0:01:07 58... 0:01:04 59. 0:01:05 59... 0:00:39 60. 0:01:04 60... 0:00:38 61. 0:01:03 61... 0:00:39 62. 0:01:03 62... 0:00:40 63. 0:01:05 63... 0:00:41 64. 0:01:07 64... 0:00:42 65. 0:01:09 65... 0:00:44 66. 0:01:10 66... 0:00:46 67. 0:01:12 67... 0:00:48 68. 0:01:13 68... 0:00:50 69. 0:01:15 69... 0:00:52 70. 0:01:17 70... 0:00:54 71. 0:01:18 71... 0:00:56 72. 0:01:20 72... 0:00:58 73. 0:01:21 73... 0:00:54 74. 0:01:21 74... 0:00:56 75. 0:01:22 75... 0:00:58 76. 0:01:24 76... 0:00:56 77. 0:01:24 77... 0:00:57 78. 0:01:25 78... 0:00:58 79. 0:01:27 79... 0:00:59 80. 0:01:29 80... 0:00:59 81. 0:01:29 81... 0:01:00 82. 0:01:29,
Rated Blitz game,https://lichess.org/IvaiX433,2024.08.01,-,ikeikekimochi,nicoxdxdxdxd,0-1,2024.08.01,00:06:55,2109,2051,,,D01,Rapport-Jobava System,180+2,Normal,"1. d4 1... Nf6 2. Bf4 2... d5 3. Nc3 3... c5 4. e4 4... cxd4 5. Qxd4 5... e6 6. exd5 6...
exd5 7. O-O-O 7... Be6 8.
Bxb8 8... Rxb8 9. Bb5 9... Ke7 10. Qxa7 10...
Qc7 11. Nf3 11... g6 12. Rhe1 12... Bh6 13.
Kb1 13... Rhd8 14. Nd4 14... Ra8 15. Nc6 15... Qxc6 16. Qxa8 16... Rxa8 17. Bxc6 17... bxc6 18. h3 18...
Kf8 19. a4 19... c5 20. b3 20... Rb8 21.
Ka2 21... Rb4 22. Nb5 22...
d4 23. Ka3 23... Nd5 24. Re5 24... Bg7 25.
Ree1 25... Nb6 26. f3 26... Kg8 27. Rc1 27... Bh6 28. Rcd1 28... Bg7 29. Re2 29... h5 30. g4 30... Kh7 31. gxh5 31... gxh5 32. Rg2 32... d3 33. Rxd3 33... Nxa4 34.
bxa4 34... Bb2",1. 0:03:00 0. 0:03:00 1... 0:03:00 0. 0:03:01 2. 0:03:01 0. 0:03:01 2... 0:03:02 0. 0:02:53 3. 0:03:02 0. 0:02:39 3... 0:03:00 0. 0:02:39 4. 0:02:51 0. 0:02:37 4... 0:02:46 0. 0:02:37 5. 0:02:47 0. 0:02:33 5... 0:02:33 0. 0:02:12 6. 0:02:06 0. 0:02:11 6... 0:01:49 1. 0:02:11 7. 0:01:50 0. 0:02:06 7... 0:01:30 2. 0:01:51 8. 0:00:59 2. 0:01:24 8... 0:00:51 2. 0:01:24 9. 0:00:51 2. 0:01:26 9... 0:00:46 2. 0:01:20 10. 0:00:38 2. 0:01:16 10... 0:00:37 3. 0:01:08 11. 0:00:37 2. 0:01:07 11... 0:00:26 2. 0:00:50 12. 0:00:23 2. 0:00:32 12... 0:00:09 2. 0:00:27 13. 0:00:10 2. 0:00:24 13... 0:00:08 2. 0:00:09 14. 0:00:09 1. 0:00:09 14... 0:00:10 2. 0:00:09 15. 0:00:10 3. 0:00:10 15... 0:00:11 3. 0:00:11 16. 0:00:12 3. 0:00:12 16... 0:00:13 3. 0:00:10 17. 0:00:12 3. 0:00:09 17... 0:00:12 3. 0:00:06,
Rated Blitz game,https://lichess.org/HJS3V3GL,2024.08.01,-,Diegoboina,shakibes15,0-1,2024.08.01,00:06:55,1513,1519,,,C50,"Italian Game: Giuoco Pianissimo, Italian Four Knights Variation",180+2,Normal,"1. e4 1... e5 2. Nc3 2... Nc6 3. Nf3 3... Nf6 4. Bc4 4... Bc5 5. d3 5... Ng4 6. O-O 6...
d6 7. Qe2 7... Nd4 8.
Nxd4 8... exd4 9. Nd5 9... c6 10. Nf4 10... h6 11. f3 11... Ne3 12.
Bxe3 12... dxe3 13. a4 13... Qf6 14. c3 14... Qxf4 15. b4 15... Bb6 16.
g3 16... Qf6 17. a5 17... Bc7 18. d4 18... Be6 19. d5 19... cxd5 20.
exd5 20... Bh3 21. Rfe1 21... Qxc3 22. Bb5 22... Kf8 23. Rac1 23... Qxb4 24. Rxc7 24... a6 25.
Bd7 25... Qxa5 26. Rc8 26... Rxc8 27. Bxc8 27... Bxc8 28. Qxe3 28... Qc5 29. Kg2 29... Qxe3 30.
Rxe3 30... g5 31. Rc3",1. 0:03:00 1... 0:03:00 2. 0:03:01 2... 0:03:01 3. 0:03:02 3... 0:03:03 4. 0:03:03 4... 0:03:04 5. 0:03:04 5... 0:03:05 6. 0:03:03 6... 0:03:06 7. 0:03:00 7... 0:03:06 8. 0:02:59 8... 0:03:06 9. 0:02:59 9... 0:03:07 10. 0:03:00 10... 0:02:55 11. 0:03:00 11... 0:02:51 12. 0:02:59 12... 0:02:50 13. 0:03:01 13... 0:02:42 14. 0:03:01 14... 0:02:41 15. 0:03:00 15... 0:02:31 16. 0:03:01 16... 0:02:20 17. 0:03:01 17... 0:02:17 18. 0:03:02 18... 0:02:14 19. 0:03:01 19... 0:02:13 20. 0:03:02 20... 0:02:08 21. 0:03:02 21... 0:02:01 22. 0:03:01 22... 0:01:55 23. 0:03:00 23... 0:01:54 24. 0:02:58 24... 0:01:46 25. 0:02:57 25... 0:01:44 26. 0:02:52 26... 0:01:44 27. 0:02:53 27... 0:01:33 28. 0:02:54 28... 0:01:14 29. 0:02:51 29... 0:01:13 30. 0:02:51 30... 0:01:02 31. 0:02:49,
Rated Blitz game,https://lichess.org/Icwr49ah,2024.08.01,-,Ag318195,muratireyiz,0-1,2024.08.01,00:06:55,941,966,,,C41,Philidor Defense,180+2,Normal,"1. e4 1... e5 2. Nf3 2... d6 3. Bc4 3... Nf6 4. Nc3 4... Qe7 5. a3 5... Be6 6. Nd5 6...
Bxd5 7. exd5 7... Nbd7 8. O-O 8... Nb6 9. Bb5 9... Nfd7 10. d3 10...
Nxd5 11. Bg5 11... f6 12. Bh4 12... g5 13. Bg3 13... a6 14. Bc4 14...
N5b6 15. Bb3 15... Nc5 16. Bc4 16... Nxc4 17. dxc4 17... Na4 18. Qd5 18... c6 19. Qd2 19... Nxb2 20. Qa5 20... Nxc4 21.
Qb4 21... d5 22. Qxe7 22... Bxe7 23. Rab1 23... Rb8 24. Ne1 24... Nxa3 25.
Rb3 25... Nb5 26. Nd3 26... Nd4 27. Nxe5 27... fxe5 28. Bxe5 28... Nxb3 29. Bxh8 29... a5 30. Re1 30... Kd7 31. Bg7 31... a4 32. cxb3 32... axb3 33. Rb1 33... Rg8 34.
Bd4 34... c5 35. Bc3 35... c4 36. g3 36... g4 37. Bd4 37... h5 38.
Ra1 38... Rf8 39. f4 39... Bd6 40. Ra7 40... Kc7 41. Be5 41... Bxe5 42.
fxe5 42... Re8 43. Ra5 43... Rxe5 44. Kf2 44... Kb6 45. Ra1 45... d4 46.
Rd1 46... d3 47. Rc1 47... Kb5 48. Rd1 48... Kb4 49. Rc1 49... b2 50.
Rb1 50... c3 51. h4 51... d2 52. Kg2 52... c2 53. Rxb2 53... Kc3 54. Rxc2 54... Kxc2 55. Kf2 55... b6 56. Kf1 56...
b5 57. Kf2 57... b4 58. Kf1 58... b3 59. Kf2 59... b2 60. Kf1 60...
b1=Q 61. Kf2 61... d1=Q 62. Kg2 62... Qg1",1. 0:03:00 1... 0:03:00 2. 0:02:57 2... 0:03:00 3. 0:02:57 3... 0:02:58 4. 0:02:57 4... 0:02:56 5. 0:02:53 5... 0:02:55 6. 0:02:45 6... 0:02:51 7. 0:02:22 7... 0:02:48 8. 0:02:18 8... 0:02:46 9. 0:02:18 9... 0:02:43 10. 0:02:16 10... 0:02:43 11. 0:02:17 11... 0:02:40 12. 0:02:15 12... 0:02:40 13. 0:02:15 13... 0:02:33 14. 0:02:12 14... 0:02:27 15. 0:02:06 15... 0:02:26 16. 0:01:48 16... 0:02:21 17. 0:01:49 17... 0:02:20 18. 0:01:37 18... 0:02:14 19. 0:01:29 19... 0:02:14 20. 0:01:28 20... 0:02:13 21. 0:01:24 21... 0:01:58 22. 0:01:20 22... 0:01:59 23. 0:01:19 23... 0:01:51 24. 0:01:15 24... 0:01:52 25. 0:01:15 25... 0:01:49 26. 0:01:13 26... 0:01:47 27. 0:01:14 27... 0:01:46 28. 0:01:12 28... 0:01:41 29. 0:01:12 29... 0:01:32 30. 0:01:12 30... 0:01:28 31. 0:01:06 31... 0:01:08 32. 0:01:04 32... 0:01:08 33. 0:01:05 33... 0:01:03 34. 0:01:02 34... 0:00:59 35. 0:00:57 35... 0:00:58 36. 0:00:55 36... 0:00:58 37. 0:00:46 37... 0:00:58 38. 0:00:45 38... 0:00:48 39. 0:00:43 39... 0:00:41 40. 0:00:39 40... 0:00:40 41. 0:00:33 41... 0:00:37 42. 0:00:34 42... 0:00:38 43. 0:00:31 43... 0:00:36 44. 0:00:32 44... 0:00:31 45. 0:00:32 45... 0:00:31 46. 0:00:32 46... 0:00:31 47. 0:00:32 47... 0:00:32 48. 0:00:32 48... 0:00:32 49. 0:00:32 49... 0:00:30 50. 0:00:33 50... 0:00:31 51. 0:00:30 51... 0:00:31 52. 0:00:25 52... 0:00:32 53. 0:00:25 53... 0:00:33 54. 0:00:22 54... 0:00:32 55. 0:00:22 55... 0:00:32 56. 0:00:22 56... 0:00:33 57. 0:00:23 57... 0:00:35 58. 0:00:25 58... 0:00:36 59. 0:00:26 59... 0:00:38 60. 0:00:27 60... 0:00:40 61. 0:00:28 61... 0:00:38 62. 0:00:16 62... 0:00:38,
Rated Blitz game,https://lichess.org/n4fMaDFM,2024.08.01,-,Kantz,rifavio,0-1,2024.08.01,00:06:55,1389,1501,,,C09,"French Defense: Tarrasch Variation, Open System, Main Line",180+2,Normal,"1. e4 1... e6 2. d4 2... d5 3. Nd2 3... c5 4. exd5 4... exd5 5. Ngf3 5... Nc6 6. Bb5 6...
Qb6 7. a4 7... Nf6 8.
Ne5 8... Be7 9. Nxc6 9... bxc6 10. Bd3 10... cxd4 11. O-O 11... O-O 12.
Re1 12... Re8 13. Nf3 13... Bg4 14. c3 14... dxc3 15. bxc3 15... Bc5 16.
Rxe8 16... Rxe8 17. Bg5 17... Bxf2 18. Kh1 18... Re1 19. Nxe1 19... Bxd1 20. Bxf6 20... gxf6 21. Rxd1 21... Bxe1 22. Rxe1 22... c5 23. Re8 23... Kg7 24. c4 24... dxc4 25. Be4 25... c3 26.
Bc2 26... Qb2 27. Re2 27... Qc1",1. 0:03:00 1... 0:03:00 2. 0:02:58 2... 0:02:30 3. 0:02:58 3... 0:02:30 4. 0:02:58 4... 0:02:31 5. 0:02:54 5... 0:02:29 6. 0:02:54 6... 0:02:30 7. 0:02:53 7... 0:02:26 8. 0:02:53 8... 0:02:23 9. 0:02:52 9... 0:02:25 10. 0:02:50 10... 0:02:26 11. 0:02:48 11... 0:02:26 12. 0:02:48 12... 0:02:27 13. 0:02:44 13... 0:02:27 14. 0:02:35 14... 0:02:27 15. 0:02:35 15... 0:02:25 16. 0:02:30 16... 0:02:24 17. 0:02:22 17... 0:02:21 18. 0:02:22 18... 0:02:14 19. 0:02:22 19... 0:02:14 20. 0:02:15 20... 0:01:51 21. 0:02:14 21... 0:01:51 22. 0:02:15 22... 0:01:23 23. 0:02:11 23... 0:01:24 24. 0:01:55 24... 0:01:21 25. 0:01:51 25... 0:01:09 26. 0:01:45 26... 0:01:09 27. 0:01:44 27... 0:01:06,
Rated Blitz game,https://lichess.org/UTYhh9i2,2024.08.01,-,ChessAficionado73,msh3l,1-0,2024.08.01,00:06:55,1825,1824,,,A04,Zukertort Opening: Kingside Fianchetto,180+2,Normal,"1. Nf3 1... g6 2. d4 2... Bg7 3. c4 3... d6 4. Nc3 4... Nd7 5. e4 5... e5 6. Be3 6... Ngf6 7. h3 7... h6 8. Be2 8... O-O 9. O-O 9...
a6 10. Qd2 10... Qe7 11. Bxh6 11... exd4 12. Nd5 12... Qd8 13. Bxg7 13... Kxg7 14. Bd3 14... c6 15. Nf4 15... c5 16.
Nd5 16... Ne5 17. Qe2 17... Rb8 18. a4 18... a5 19. b3 19... Nh5 20.
Nd2 20... Nf4 21. Nxf4",1. 0:03:00 1... 0:03:00 2. 0:03:02 2... 0:03:02 3. 0:03:03 3... 0:03:04 4. 0:03:04 4... 0:03:05 5. 0:03:05 5... 0:03:06 6. 0:03:04 6... 0:03:07 7. 0:03:05 7... 0:03:09 8. 0:02:37 8... 0:03:09 9. 0:02:38 9... 0:03:10 10. 0:02:39 10... 0:03:11 11. 0:02:37 11... 0:03:11 12. 0:02:38 12... 0:03:01 13. 0:02:38 13... 0:03:02 14. 0:02:34 14... 0:03:01 15. 0:02:30 15... 0:03:01 16. 0:02:29 16... 0:02:58 17. 0:02:05 17... 0:02:54 18. 0:02:04 18... 0:02:54 19. 0:02:04 19... 0:02:51 20. 0:01:37 20... 0:02:51 21. 0:01:28,
Rated Blitz game,https://lichess.org/RAtJWe4l,2024.08.01,-,roberobert,juanchokpo2017,0-1,2024.08.01,00:06:55,1336,1340,,,C62,Ruy Lopez: Steinitz Defense,180+2,Normal,"1. e4 1... e5 2. Nf3 2... Nc6 3. Bb5 3... d6 4. Bxc6 4... bxc6 5.
d4 5... Be7 6. dxe5 6... d5 7. exd5 7... cxd5 8. O-O 8... Bg4 9. h3 9... Bh5 10. Qd3 10...
Bg6 11. Qd2 11... c6 12. Nc3 12... Qb8 13. Re1 13... Nh6 14. Ng5 14... O-O 15. e6 15... fxe6 16. Rxe6 16... Nf5 17.
Qf4 17... Qxf4 18. Bxf4 18... Bxg5 19. Bxg5 19... Nd4 20. Rd6 20... Bxc2 21. Re1 21... Rfe8 22.
Rxe8 22... Rxe8 23. Rd7 23... a5 24. Ra7 24...
a4 25. Nxa4 25... Nb5 26. Rb7 26... Bxa4",1. 0:03:00 1... 0:03:00 2. 0:03:01 2... 0:03:01 3. 0:03:03 3... 0:03:03 4. 0:03:04 4... 0:03:04 5. 0:03:06 5... 0:02:59 6. 0:03:06 6... 0:02:56 7. 0:03:05 7... 0:02:58 8. 0:03:05 8... 0:02:57 9. 0:03:01 9... 0:02:58 10. 0:02:56 10... 0:02:53 11. 0:02:52 11... 0:02:45 12. 0:02:48 12... 0:02:45 13. 0:02:40 13... 0:02:42 14. 0:01:29 14... 0:02:39 15. 0:01:27 15... 0:02:35 16. 0:01:22 16... 0:02:34 17. 0:01:14 17... 0:02:11 18. 0:01:14 18... 0:02:08 19. 0:01:13 19... 0:02:07 20. 0:00:43 20... 0:01:57 21. 0:00:39 21... 0:01:51 22. 0:00:22 22... 0:01:53 23. 0:00:18 23... 0:01:43 24. 0:00:17 24... 0:01:43 25. 0:00:17 25... 0:01:37 26. 0:00:14 26... 0:01:38,
Rated Blitz game,https://lichess.org/aBA9Dvx3,2024.08.01,-,Delano_Paul,shagox,1-0,2024.08.01,00:06:55,1965,1869,,,B20,Sicilian Defense: Snyder Variation,180+2,Normal,"1. e4 1... c5 2. b3 2... Nf6 3. d3 3... e5 4. Nf3 4... Nc6 5. Bb2 5... d6 6. h3 6... Be6 7. c3 7... Be7 8. Be2 8... O-O 9. O-O 9... d5 10. Nbd2 10... d4 11.
cxd4 11... exd4 12. e5 12... Nd5 13. Ne4 13... Qc7 14. Rc1 14... b6 15.
Re1 15... Nxe5 16. Nxd4 16... Nf4 17. Bf1 17... Rfd8 18. Nxe6 18... Nxe6 19. b4 19... Nc6 20.
Qg4 20... Ned4 21. bxc5 21... bxc5 22. Nxc5 22... Bxc5 23. Rxc5 23... Qb6 24. Rxc6 24... Qxb2 25. Rc4 25... Ne6 26. a4 26... Rac8 27. Rxc8 27... Rxc8 28. Rxe6",1. 0:03:00 1... 0:03:00 2. 0:03:00 2... 0:03:00 3. 0:03:01 3... 0:03:01 4. 0:03:00 4... 0:03:01 5. 0:03:01 5... 0:03:02 6. 0:03:02 6... 0:03:01 7. 0:03:03 7... 0:03:01 8. 0:03:04 8... 0:03:02 9. 0:03:05 9... 0:02:56 10. 0:03:01 10... 0:02:53 11. 0:03:00 11... 0:02:54 12. 0:02:52 12... 0:02:54 13. 0:02:47 13... 0:02:49 14. 0:02:45 14... 0:02:50 15. 0:02:33 15... 0:02:41 16. 0:02:32 16... 0:02:12 17. 0:02:21 17... 0:02:07 18. 0:02:16 18... 0:02:09 19. 0:02:06 19... 0:01:41 20. 0:01:56 20... 0:01:27 21. 0:01:48 21... 0:01:23 22. 0:01:34 22... 0:01:19 23. 0:01:34 23... 0:01:20 24. 0:01:22 24... 0:01:16 25. 0:01:13 25... 0:01:02 26. 0:01:13 26... 0:00:58 27. 0:01:11 27... 0:01:00 28. 0:01:06,
Rated Blitz game,https://lichess.org/s7eL7G5l,2024.08.01,-,BocaNegraCaptain,Chiquita_Dave,1-0,2024.08.01,00:06:55,1490,1497,,,B10,Caro-Kann Defense: Two Knights Attack,180+2,Normal,"1. e4 1... c6 2. Nc3 2... d5 3. Nf3 3... dxe4 4. Nxe4 4... e6 5. Be2 5... Nf6 6. Ng3 6...
c5 7. d4 7... Nc6 8.
Bb5 8... Bd7 9. O-O 9... a6 10. Bd3 10... Nxd4 11. Nxd4 11... cxd4 12. Re1 12... Bc6 13. Bf4 13... Bd6 14. Bg5 14... Bxg3 15. fxg3 15... Qd5 16. Qd2 16... Nd7 17.
Be4 17... Qd6 18. Bf4 18... Qc5 19. Kh1 19... Bxe4 20. Rxe4 20... e5 21.
b4 21... Qc7 22. Qd3 22... O-O 23. h4 23... f6 24. Rf1 24... exf4 25.
Rxd4 25... Ne5 26. Qe4 26... Rad8 27. Qxf4 27... Rxd4 28. Qxd4 28... Rd8 29.
Qd5 29... Qf7 30. Qxd8 30... Qf8 31. Qd5 31... Nf7 32. Qxb7 32... Ne5 33. Qxa6 33... Nc4 34.
Qxc4 34... Kh8 35. c3",1. 0:03:00 1... 0:03:00 2. 0:02:58 2... 0:03:01 3. 0:02:59 3... 0:03:02 4. 0:02:59 4... 0:03:03 5. 0:02:53 5... 0:03:04 6. 0:02:43 6... 0:03:00 7. 0:02:24 7... 0:02:54 8. 0:02:19 8... 0:02:45 9. 0:02:05 9... 0:02:44 10. 0:01:58 10... 0:02:33 11. 0:01:58 11... 0:02:35 12. 0:01:38 12... 0:02:30 13. 0:01:28 13... 0:02:15 14. 0:01:17 14... 0:02:09 15. 0:01:10 15... 0:01:41 16. 0:00:43 16... 0:01:28 17. 0:00:41 17... 0:01:28 18. 0:00:32 18... 0:01:12 19. 0:00:22 19... 0:01:12 20. 0:00:22 20... 0:00:38 21. 0:00:20 21... 0:00:32 22. 0:00:14 22... 0:00:29 23. 0:00:14 23... 0:00:28 24. 0:00:13 24... 0:00:26 25. 0:00:07 25... 0:00:24 26. 0:00:04 26... 0:00:23 27. 0:00:04 27... 0:00:24 28. 0:00:06 28... 0:00:23 29. 0:00:05 29... 0:00:21 30. 0:00:05 30... 0:00:22 31. 0:00:05 31... 0:00:22 32. 0:00:05 32... 0:00:23 33. 0:00:06 33... 0:00:24 34. 0:00:06 34... 0:00:25 35. 0:00:07,
Rated Blitz game,https://lichess.org/l2Q6bSwM,2024.08.01,-,juicetintuna,black-9,0-1,2024.08.01,00:06:49,1822,1797,,,B11,"Caro-Kann Defense: Two Knights Attack, Mindeno Variation, Exchange Line",180+2,Normal,"1. e4 1... c6 2. Nf3 2... d5 3. Nc3 3... Bg4 4. h3 4... Bxf3 5. Qxf3 5... e6 6. exd5 6... cxd5 7. Bb5 7...
Nc6 8. O-O 8...
Nf6 9. Re1 9...
Be7 10. d3 10... O-O 11. Bxc6 11... bxc6 12. b3 12... Qc7 13. Bb2 13...
a6 14. Ne2 14... c5 15. Ng3 15... d4 16.
Ne4 16... Nd5 17. a4 17... f5 18. Nd2 18... Rf6 19. Nc4 19...
Raf8 20. Re2 20... Rg6 21. Rae1 21... Nf4 22.
Re5 22... Rxg2 23. Kh1 23... g5 24. Rxe6 24... Bf6 25. Re8 25... g4 26. Rxf8 26... Kxf8 27. hxg4 27... fxg4 28. Qa8 28... Kg7 29. Qe8 29... Rxf2 30. Bc1 30... Ne6 31. Qxe6 31... Qh2",1. 0:03:00 0. 0:03:00 1... 0:03:00 0. 0:03:01 2. 0:03:01 0. 0:03:02 2... 0:02:55 0. 0:03:02 3. 0:02:54 0. 0:03:03 3... 0:02:50 0. 0:03:04 4. 0:02:46 0. 0:03:04 4... 0:02:47 0. 0:03:04 5. 0:02:41 0. 0:03:05 5... 0:02:29 0. 0:03:06 6. 0:02:30 0. 0:03:06 6... 0:02:27 0. 0:02:59 7. 0:02:27 0. 0:02:55 7... 0:02:15 0. 0:02:54 8. 0:02:14 0. 0:02:54 8... 0:02:02 0. 0:02:53 9. 0:01:42 0. 0:02:52 9... 0:01:37 0. 0:02:52 10. 0:01:36 0. 0:02:50 10... 0:01:29 0. 0:02:22 11. 0:01:22 0. 0:02:22 11... 0:01:10 0. 0:02:20 12. 0:00:50 0. 0:02:06 12... 0:00:43 0. 0:01:59 13. 0:00:33 0. 0:01:43 13... 0:00:27 0. 0:01:43 14. 0:00:24 0. 0:01:43 14... 0:00:21 0. 0:01:40 15. 0:00:19 0. 0:01:23 15... 0:00:16 0. 0:01:04 16. 0:00:12 0. 0:01:02,
Rated Blitz game,https://lichess.org/MSVoURNd,2024.08.01,-,Cornelio777,tacotacotaco,1-0,2024.08.01,00:06:49,1956,1971,,,A05,Zukertort Opening,180+2,Normal,"1. Nf3 1... Nf6 2. g3 2... Nc6 3. d4 3... d5 4. Bg2 4... g6 5. O-O 5... Bg7 6. c3 6... O-O 7. Bf4 7... Bg4 8. Ne5 8... Nxe5 9. Bxe5 9...
Qd7 10. Re1 10... c6 11. Nd2 11... Rad8 12. Nf3 12... Ne4 13. Bxg7 13... Kxg7 14. Ne5 14... Qf5 15. f3 15... Bxf3 16.
exf3 16... Nd6 17. Qd3 17... Qc8 18. Qe2 18... f6 19. Nd3 19... Rf7 20.
b3 20... Re8 21. Qe6 21... Qc7 22. Re2 22... Nf5 23. Bh3 23... Nxg3 24.
hxg3 24... Qxg3 25. Bg2 25... h5 26. Qh3 26...
Qd6 27. Rae1 27... g5 28. Nc5 28... Kh6 29. Ne6 29... g4 30. Qh2 30...
g3 31. Qh4 31... Rg8 32. Qf4 32... Kh7 33. Qxd6 33... exd6 34. f4 34... h4 35. Bh3 35... Kg6 36. Kg2 36... Kh5 37.
f5 37... b6 38. Nf4 38... Kg5 39. Ne6 39... Kh5 40. Nf4 40... Kg5 41.
Nd3 41... c5 42. Re8 42... Rgg7 43. Rh8 43... c4 44. Nc1 44... b5 45.
Ree8 45... Kf4 46. Ne2 46... Kg5 47. Re3 47... a5 48. Rf3 48... b4 49. cxb4 49... axb4 50. bxc4 50... dxc4 51. Rf4 51... Rh7 52. Rxh7 52... Rxh7 53. d5 53... c3 54. Rxb4 54... Rc7 55.
Nc1 55... c2 56. Rb2 56... Rc5 57. Kf3 57... Rc3 58. Kg2 58... Kf4 59.
Rb4 59... Ke5 60. Rxh4 60... Rd3 61. Nxd3 61... Kxd5 62. Nc1 62... Ke5 63. Kxg3 63... d5 64.
Ra4 64... d4 65. Kf2 65... Ke4 66. Ke2 66... Kd5 67. Bg2 67... Kc5 68.
Bh3 68... d3 69. Nxd3 69... Kb5 70. Ra3 70... Kc4 71. Ra8 71... Kc3 72. Rc8 72... Kd4 73.
a4 73... c1=N 74. Nxc1 74... Ke4 75. a5 75...
Kd5 76. a6 76... Kd4 77. a7 77... Ke5 78. a8=Q 78... Kd4 79. Qa7 79... Ke4 80. Qe7 80... Kf4 81. Qb4 81... Kg5 82.
Bf1 82... Kh6 83. Rg8 83... Kh5 84. Qc4 84... Kh6 85. Qh4",1. 0:03:00 1... 0:03:00 2. 0:03:01 2... 0:02:51 3. 0:03:01 3... 0:02:52 4. 0:03:01 4... 0:02:16 5. 0:03:00 5... 0:02:17 6. 0:02:54 6... 0:02:18 7. 0:02:54 7... 0:02:06 8. 0:02:54 8... 0:02:07 9. 0:02:55 9... 0:02:02 10. 0:02:47 10... 0:02:02 11. 0:02:45 11... 0:02:00 12. 0:02:43 12... 0:01:54 13. 0:02:42 13... 0:01:55 14. 0:02:38 14... 0:01:43 15. 0:02:28 15... 0:01:32 16. 0:02:28 16... 0:01:33 17. 0:02:22 17... 0:01:25 18. 0:02:17 18... 0:01:21 19. 0:02:17 19... 0:01:16 20. 0:02:11 20... 0:01:14 21. 0:02:06 21... 0:01:10 22. 0:02:01 22... 0:01:09 23. 0:01:51 23... 0:01:01 24. 0:01:51 24... 0:01:03 25. 0:01:45 25... 0:01:02 26. 0:01:44 26... 0:00:48 27. 0:01:37 27... 0:00:31 28. 0:01:10 28... 0:00:26 29. 0:00:57 29... 0:00:27 30. 0:00:49 30... 0:00:25 31. 0:00:48 31... 0:00:25 32. 0:00:48 32... 0:00:25 33. 0:00:48 33... 0:00:27 34. 0:00:42 34... 0:00:27 35. 0:00:36 35... 0:00:25 36. 0:00:37 36... 0:00:24 37. 0:00:25 37... 0:00:20 38. 0:00:24 38... 0:00:21 39. 0:00:22 39... 0:00:22 40. 0:00:22 40... 0:00:23 41. 0:00:23 41... 0:00:21 42. 0:00:21 42... 0:00:22 43. 0:00:21 43... 0:00:19 44. 0:00:15 44... 0:00:19 45. 0:00:15 45... 0:00:17 46. 0:00:13 46... 0:00:18 47. 0:00:08 47... 0:00:17 48. 0:00:08 48... 0:00:12 49. 0:00:08 49... 0:00:13 50. 0:00:09 50... 0:00:13 51. 0:00:09 51... 0:00:09 52. 0:00:10 52... 0:00:10 53. 0:00:10 53... 0:00:11 54. 0:00:10 54... 0:00:10 55. 0:00:10 55... 0:00:11 56. 0:00:09 56... 0:00:10 57. 0:00:09 57... 0:00:09 58. 0:00:09 58... 0:00:10 59. 0:00:08 59... 0:00:10 60. 0:00:08 60... 0:00:08 61. 0:00:08 61... 0:00:08 62. 0:00:09 62... 0:00:09 63. 0:00:10 63... 0:00:10 64. 0:00:10 64... 0:00:12 65. 0:00:10 65... 0:00:11 66. 0:00:11 66... 0:00:11 67. 0:00:11 67... 0:00:12 68. 0:00:12 68... 0:00:13 69. 0:00:13 69... 0:00:15 70. 0:00:13 70... 0:00:16 71. 0:00:13 71... 0:00:16 72. 0:00:14 72... 0:00:16 73. 0:00:14 73... 0:00:16 74. 0:00:15 74... 0:00:17 75. 0:00:15 75... 0:00:17 76. 0:00:16 76... 0:00:15 77. 0:00:17 77... 0:00:15 78. 0:00:16 78... 0:00:17 79. 0:00:16 79... 0:00:17 80. 0:00:14 80... 0:00:18 81. 0:00:10 81... 0:00:18 82. 0:00:09 82... 0:00:19 83. 0:00:07 83... 0:00:19 84. 0:00:07 84... 0:00:20 85. 0:00:06,
Rated Blitz game,https://lichess.org/1Gg9ChrE,2024.08.01,-,luca7084,silverbird74,1-0,2024.08.01,00:06:49,1681,1573,,,A11,English Opening: Caro-Kann Defensive System,180+2,Normal,"1. c4 1... c6 2. Nc3 2... d5 3. cxd5 3... cxd5 4. g3 4... Nf6 5. Bg2 5... e6 6. Qb3 6...
Be7 7. e4 7... dxe4 8.
Nxe4 8... O-O 9. Nxf6 9... Bxf6 10. Ne2 10... Nc6 11. O-O 11... Rb8 12.
Bxc6",1. 0:03:00 1... 0:03:00 2. 0:03:01 2... 0:03:01 3. 0:03:01 3... 0:03:03 4. 0:03:02 4... 0:03:04 5. 0:03:02 5... 0:03:05 6. 0:02:54 6... 0:03:01 7. 0:02:46 7... 0:02:52 8. 0:02:46 8... 0:02:48 9. 0:02:46 9... 0:02:49 10. 0:02:37 10... 0:02:44 11. 0:02:30 11... 0:02:33 12. 0:02:27,
Rated Blitz game,https://lichess.org/3g71Hrpp,2024.08.01,-,GSutil,Afanasiy1990,1-0,2024.08.01,00:06:49,1155,1136,,,B20,Sicilian Defense: Snyder Variation,180+2,Normal,"1. e4 1... c5 2. b3 2... d6 3. Bb2 3... Nc6 4. Bb5 4... g6 5. Qe2 5... f6 6. Nc3 6...
Bg7 7. O-O-O 7... Nh6 8. Nf3 8... O-O 9. Nd5 9... Bg4 10. Bc4 10... Nd4 11. Nxf6 11... Kh8 12. Nxg4 12... Nxg4 13. Nxd4 13... Ne5 14. Ne6 14... Qa5 15. Nxg7 15... Kxg7 16. Kb1 16... Rf6 17.
d4 17... Nxc4 18. Qxc4 18... cxd4 19. Rxd4 19... Rxf2 20. Rd5 20... Kh6 21.
Rxa5 21... Raf8 22. h4 22... e6 23. h5 23... gxh5 24. e5 24... dxe5 25.
Qh4 25... b6 26. Qxh5 26... Kg7 27. Qxe5 27... Kg8 28. Qxe6 28... R8f7 29. Qe8 29... Rf8 30. Rg5",1. 0:03:00 1... 0:03:00 2. 0:03:02 2... 0:03:02 3. 0:03:03 3... 0:03:02 4. 0:03:04 4... 0:03:02 5. 0:03:02 5... 0:02:59 6. 0:03:02 6... 0:02:50 7. 0:03:03 7... 0:02:49 8. 0:02:58 8... 0:02:50 9. 0:02:59 9... 0:02:46 10. 0:02:50 10... 0:02:44 11. 0:02:41 11... 0:02:31 12. 0:02:36 12... 0:02:31 13. 0:02:29 13... 0:01:58 14. 0:02:25 14... 0:01:46 15. 0:02:22 15... 0:01:46 16. 0:02:16 16... 0:01:22 17. 0:02:16 17... 0:01:19 18. 0:02:14 18... 0:01:17 19. 0:02:13 19... 0:01:06 20. 0:02:13 20... 0:01:02 21. 0:02:15 21... 0:00:31 22. 0:02:08 22... 0:00:27 23. 0:02:08 23... 0:00:26 24. 0:02:09 24... 0:00:27 25. 0:02:10 25... 0:00:24 26. 0:02:11 26... 0:00:23 27. 0:02:12 27... 0:00:20 28. 0:02:13 28... 0:00:18 29. 0:02:13 29... 0:00:17 30. 0:02:13,
Rated Blitz game,https://lichess.org/Pob8J4mD,2024.08.01,-,timek96,Nimmy,1-0,2024.08.01,00:06:49,2028,1994,,,E60,"King's Indian Defense: Semi-Classical Variation, Hollywood Variation",180+2,Normal,"1. d4 1... d6 2. c4 2... Nf6 3. e3 3... g6 4. Nc3 4... Bg7 5. Nf3 5... Nc6 6. Be2 6... O-O 7. O-O 7... Re8 8. h3 8... e5 9. d5 9... Ne7 10. e4 10... Rf8 11.
Bg5 11... Ne8 12. Qd2 12... f6 13. Bh6 13... f5 14. Bxg7 14... Nxg7 15. exf5 15... Nexf5 16. Ng5 16... Nd4 17. Bd3 17... c5 18. Qe3 18... Ngf5 19. Qd2 19... Nh4 20.
Kh1 20... Qf6 21. Nce4 21... Qe7 22. f4 22... h6 23. fxe5 23... Qxg5 24. Nxg5 24... Nhf5 25. Bxf5 25... Nxf5 26. Kh2 26... hxg5 27. Qxg5 27... Kh7 28. e6 28... Re8 29.
g4 29... Ng7 30. Rf7 30... Bxe6 31. dxe6 31... Rxe6 32. Raf1 32... Re2 33. R1f2 33... Rae8 34. Qf6 34... R8e6 35. Qxg7",1. 0:03:00 1... 0:03:00 2. 0:03:00 2... 0:03:01 3. 0:03:01 3... 0:03:02 4. 0:03:03 4... 0:03:04 5. 0:03:03 5... 0:02:58 6. 0:02:48 6... 0:02:57 7. 0:02:44 7... 0:02:58 8. 0:02:44 8... 0:02:59 9. 0:02:44 9... 0:03:00 10. 0:02:46 10... 0:02:58 11. 0:02:47 11... 0:02:59 12. 0:02:46 12... 0:03:00 13. 0:02:47 13... 0:03:00 14. 0:02:46 14... 0:03:01 15. 0:02:43 15... 0:03:01 16. 0:02:44 16... 0:02:58 17. 0:02:34 17... 0:02:51 18. 0:02:06 18... 0:02:36 19. 0:01:58 19... 0:02:15 20. 0:01:30 20... 0:01:53 21. 0:01:24 21... 0:01:43 22. 0:01:18 22... 0:01:18 23. 0:00:47 23... 0:01:05 24. 0:00:47 24... 0:00:25 25. 0:00:38 25... 0:00:27 26. 0:00:31 26... 0:00:27 27. 0:00:30 27... 0:00:27 28. 0:00:28 28... 0:00:13 29. 0:00:27 29... 0:00:08 30. 0:00:24 30... 0:00:09 31. 0:00:19 31... 0:00:11 32. 0:00:18 32... 0:00:11 33. 0:00:19 33... 0:00:11 34. 0:00:14 34... 0:00:10 35. 0:00:12,
Rated Blitz game,https://lichess.org/uDdXSbj9,2024.08.01,-,volkovev84,kikilo76,0-1,2024.08.01,00:06:49,1584,1649,,,A42,Modern Defense: Kotov Variation,180+2,Normal,"1. d4 1... d6 2. c4 2... g6 3. Nc3 3... Bg7 4. e4 4... Nc6 5. Be3 5... Nf6 6. Bd3 6...
a6 7. Nge2 7... h6 8.
O-O 8... Nb4 9. a3 9... Nxd3 10. Qxd3 10... O-O 11. f4 11... Kh7 12.
e5 12... Ng4 13. Rf3 13... Nxe3 14. Qxe3 14... Bf5 15. Ng3 15... dxe5 16.
fxe5 16... e6 17. Nce4 17... Qe7 18. Raf1 18... Rad8 19. Nxf5 19... exf5 20. Nd2 20... c6 21. Rf4 21... Qe6 22. R1f3 22... f6 23. exf6 23... Qxe3 24. Rxe3 24... Bxf6 25. Nb3 25... a5 26. a4 26... Rxd4 27. Rxd4 27... Bxd4 28. Nxd4 28... h5 29. Re7 29... Kh6 30.
Rxb7 30... Rd8 31. Nf3 31... Rd1 32. Kf2 32... Rc1 33. b3 33... Rc2 34.
Kg3 34... g5 35. Rb6 35... f4 36. Kh3 36... g4 37. Kh4 37... gxf3 38.
Rxc6 38... Kg7 39. Kg5 39... Rxg2 40. Kxf4 40... f2 41. Kf3 41... f1=Q",1. 0:03:00 1... 0:03:00 2. 0:03:02 2... 0:03:01 3. 0:03:03 3... 0:03:02 4. 0:03:05 4... 0:03:00 5. 0:03:05 5... 0:02:59 6. 0:03:04 6... 0:02:55 7. 0:03:05 7... 0:02:54 8. 0:02:58 8... 0:02:54 9. 0:02:51 9... 0:02:54 10. 0:02:53 10... 0:02:55 11. 0:02:46 11... 0:02:57 12. 0:02:40 12... 0:02:57 13. 0:02:35 13... 0:02:47 14. 0:02:34 14... 0:02:49 15. 0:02:33 15... 0:02:47 16. 0:02:32 16... 0:02:48 17. 0:02:26 17... 0:02:33 18. 0:02:09 18... 0:02:30 19. 0:01:53 19... 0:02:29 20. 0:01:36 20... 0:02:30 21. 0:01:33 21... 0:02:31 22. 0:01:15 22... 0:02:32 23. 0:01:01 23... 0:02:31 24. 0:01:02 24... 0:02:33 25. 0:00:57 25... 0:02:30 26. 0:00:56 26... 0:02:26 27. 0:00:52 27... 0:02:21 28. 0:00:53 28... 0:02:19 29. 0:00:54 29... 0:02:18 30. 0:00:52 30... 0:02:20 31. 0:00:42 31... 0:02:22 32. 0:00:39 32... 0:02:18 33. 0:00:39 33... 0:02:13 34. 0:00:36 34... 0:02:11 35. 0:00:27 35... 0:02:09 36. 0:00:24 36... 0:02:06 37. 0:00:25 37... 0:02:07 38. 0:00:26 38... 0:01:58 39. 0:00:22 39... 0:01:54 40. 0:00:23 40... 0:01:55 41. 0:00:21 41... 0:01:54,
Rated Blitz game,https://lichess.org/q7rSNQ5f,2024.08.01,-,slickmate,umniysadoi,1-0,2024.08.01,00:06:49,1855,1850,,,D00,Blackmar-Diemer Gambit Declined: Vienna Defense,180+2,Normal,"1. d4 1... d5 2. e4 2... dxe4 3. Nc3 3... Nf6 4. f3 4... Bf5 5. g4 5... Bg6 6. g5 6...
Nd5 7. Nxe4 7... e6 8.
h4 8... h6 9. h5 9...
Bh7 10. g6 10... fxg6 11. Bd3 11... g5 12. Bd2 12... Nc6 13. c3 13...
Bd6 14. Ne2 14... Qe7 15. Qc2 15... O-O-O 16. Nxd6 16... Qxd6 17. Bxh7 17... Nf4 18. Nxf4 18... gxf4 19. O-O-O 19... e5 20.
Bf5 20... Kb8 21. dxe5 21... Qxe5 22. Kb1 22... Rhf8 23. Be4 23... Na5 24. Bc1 24... Nc4 25.
Qh2 25... Qb5 26. b3 26... a5 27. Bxf4 27... Rxf4 28. Qxf4 28... Rxd1 29. Rxd1 29... a4 30. Bc2 30... Na3 31. Kc1 31... Nxc2 32. Kxc2 32... axb3 33. axb3 33... Qxh5 34. Rd8 34... Ka7 35. Qa4 35... Kb6 36. Qb4 36... Kc6 37. Qe4 37... Kb6 38. Qd4 38... Kc6 39.
b4 39... Qf5 40. Qd3 40... Qf7 41. b5 41... Kb6 42. Qd4 42... Kxb5 43. Qd5 43... Qxd5 44. Rxd5",1. 0:03:00 1... 0:03:00 2. 0:03:00 2... 0:02:59 3. 0:03:02 3... 0:02:59 4. 0:03:03 4... 0:02:58 5. 0:03:03 5... 0:02:58 6. 0:03:04 6... 0:02:58 7. 0:03:05 7... 0:02:52 8. 0:03:03 8... 0:02:53 9. 0:03:02 9... 0:02:53 10. 0:03:01 10... 0:02:54 11. 0:02:41 11... 0:02:52 12. 0:02:15 12... 0:02:50 13. 0:02:16 13... 0:02:46 14. 0:02:08 14... 0:02:34 15. 0:02:08 15... 0:02:27 16. 0:02:06 16... 0:02:23 17. 0:02:07 17... 0:02:22 18. 0:02:03 18... 0:02:24 19. 0:02:01 19... 0:02:25 20. 0:01:55 20... 0:02:26 21. 0:01:45 21... 0:02:25 22. 0:01:43 22... 0:02:22 23. 0:01:44 23... 0:02:20 24. 0:01:37 24... 0:02:18 25. 0:01:21 25... 0:02:08 26. 0:01:19 26... 0:01:59 27. 0:01:17 27... 0:01:54 28. 0:01:15 28... 0:01:54 29. 0:01:14 29... 0:01:56 30. 0:00:51 30... 0:01:37 31. 0:00:51 31... 0:01:20 32. 0:00:52 32... 0:01:21 33. 0:00:53 33... 0:01:20 34. 0:00:47 34... 0:01:21 35. 0:00:48 35... 0:01:22 36. 0:00:47 36... 0:01:23 37. 0:00:45 37... 0:01:24 38. 0:00:43 38... 0:01:24 39. 0:00:37 39... 0:01:20 40. 0:00:32 40... 0:01:15 41. 0:00:30 41... 0:01:10 42. 0:00:29 42... 0:01:10 43. 0:00:30 43... 0:01:11 44. 0:00:30,
Rated Blitz game,https://lichess.org/bD0v05QX,2024.08.01,-,Checkravuh,PsychoDaddy,0-1,2024.08.01,00:06:49,2030,2117,,,E06,Catalan Opening: Closed,180+2,Time forfeit,"1. Nf3 1... Nf6 2. d4 2... d5 3. g3 3... e6 4. Bg2 4... Be7 5. c4 5... O-O 6. Nc3 6... c5 7. e3 7... cxd4 8.
exd4 8... Nc6 9. c5 9... b6 10. b4 10... bxc5 11. bxc5 11... Ba6 12.
Bf1 12... Qc8 13. Bd3 13... Rb8 14. O-O 14... Nb4 15. Bxa6 15... Qxa6 16. Ne5 16... Nc6 17. Bf4 17... Nxe5 18. Bxe5 18... Rb2 19. Rc1 19... Nd7 20. Bf4 20... Nb8 21.
Bxb8 21... Rfxb8 22. c6 22... Bd6 23. Re1 23... Rc8 24. Na4 24... Rxa2 25. Nc5 25... Bxc5 26.
dxc5 26... Qxc6 27. Qb3 27... Ra5 28. Rc2 28... Rxc5 29. Rb2 29... g6 30. Qa3 30... Rc1 31.
Rb1 31... Rxe1 32. Rxe1 32... Qc3",1. 0:03:00 1... 0:03:00 2. 0:03:00 2... 0:02:59 3. 0:03:00 3... 0:02:59 4. 0:02:53 4... 0:02:59 5. 0:02:50 5... 0:03:01 6. 0:02:50 6... 0:03:00 7. 0:02:50 7... 0:02:59 8. 0:02:50 8... 0:02:56 9. 0:02:50 9... 0:02:57 10. 0:02:48 10... 0:02:53 11. 0:02:48 11... 0:02:53 12. 0:02:36 12... 0:02:48 13. 0:02:33 13... 0:02:45 14. 0:02:32 14... 0:02:45 15. 0:02:30 15... 0:02:45 16. 0:02:24 16... 0:02:33 17. 0:02:03 17... 0:02:23 18. 0:01:59 18... 0:02:23 19. 0:01:50 19... 0:02:03 20. 0:01:37 20... 0:02:00 21. 0:01:22 21... 0:01:59 22. 0:01:23 22... 0:01:49 23. 0:01:11 23... 0:01:30 24. 0:00:51 24... 0:01:20 25. 0:00:30 25... 0:01:17 26. 0:00:27 26... 0:01:11 27. 0:00:19 27... 0:01:06 28. 0:00:08 28... 0:01:02 29. 0:00:06 29... 0:00:55 30. 0:00:04 30... 0:00:50 31. 0:00:05 31... 0:00:48 32. 0:00:04 32... 0:00:40,
Rated Blitz game,https://lichess.org/nkT6EX8x,2024.08.01,-,dfdez,Macedo,0-1,2024.08.01,00:06:49,2281,2192,,,C67,"Ruy Lopez: Berlin Defense, Rio Gambit Accepted",180+2,Time forfeit,"1. e4 1... e5 2. Nf3 2... Nc6 3. Bb5 3... Nf6 4. O-O 4... Nxe4 5. Re1 5... Nd6 6. Nxe5 6...
Be7 7. Bd3 7...
Nxe5 8. Rxe5 8... O-O 9. Nc3 9... g6 10. b3 10... Bf6 11. Re3 11... b5 12. Ba3 12... a5 13. Nxb5 13...
Nxb5 14. Bxb5 14... Bxa1 15. Qxa1 15... d6 16. Bb2 16...
f6 17. Bc6 17... Ra6 18. Bd5 18... Kg7 19.
Qe1 19... Bd7 20. Re7 20... Kh8 21. Qe3 21...
c6 22. Bc4 22... Ra8 23. g4 23... d5 24. g5 24... Kg8 25.
gxf6 25... Rf7 26. Rxf7 26... Kxf7 27. Qh6 27... Qg8 28.
Bd3 28... Re8 29. h4 29... Bf5",1. 0:03:00 0. 0:03:00 1... 0:02:57 0. 0:03:01 2. 0:02:58 0. 0:03:02 2... 0:02:59 0. 0:03:03 3. 0:03:00 0. 0:03:04 3... 0:03:01 0. 0:03:04 4. 0:02:59 0. 0:03:01 4... 0:02:59 0. 0:02:40 5. 0:02:59 0. 0:02:34 5... 0:02:54 0. 0:02:21 6. 0:02:53 0. 0:02:16 6... 0:02:33 0. 0:01:59 7. 0:02:14 0. 0:01:50 7... 0:01:59 0. 0:01:49 8. 0:01:53 0. 0:01:39 8... 0:01:49 0. 0:01:24 9. 0:01:45 0. 0:01:10 9... 0:01:40 0. 0:01:09 10. 0:01:01 0. 0:00:40 10... 0:00:54 0. 0:00:34 11. 0:00:45 0. 0:00:23 11... 0:00:41 0. 0:00:19 12. 0:00:16 0. 0:00:19 12... 0:00:11 2. 0:00:13 13. 0:00:06 2. 0:00:14 13... 0:00:05 2. 0:00:13 14. 0:00:05 1. 0:00:08 14... 0:00:04 3. 0:00:07 15. 0:00:04 2. 0:00:07,
Rated Blitz game,https://lichess.org/m4KpHpE5,2024.08.01,-,Lunestar,DawsonSzynszyl,1-0,2024.08.01,00:06:49,1398,1363,,,C01,French Defense: Exchange Variation,180+2,Normal,"1. e4 1... e6 2. d4 2... d5 3. exd5 3... exd5 4. Nf3 4... Nf6 5. Bd3 5... c5 6. c3 6... Nc6 7. O-O 7... Qb6 8.
Re1 8... Be7 9. Ne5 9... Nxe5 10. dxe5 10... Nd7 11. Qg4 11... O-O 12.
e6 12... fxe6 13. Rxe6 13... Nf6 14. Rxb6 14... Nxg4 15. Rb5 15... Nxf2 16.
Bc2 16... a6 17. Rb3 17... b5 18. Be3 18... Ng4 19. c4 19... dxc4 20.
Rc3 20... Nxe3 21. Rxe3 21... Bb7 22. Rxe7 22... Bc6 23. Nc3 23... Rae8 24. Rxe8 24... Rxe8 25. Rd1 25... b4 26. Nd5 26... Bxd5 27. Rxd5 27... Re1 28. Kf2 28... Rc1 29. Bf5 29... c3 30.
bxc3 30... bxc3 31. Rxc5 31... Ra1 32. Rxc3 32... Rxa2 33. Kg3 33... a5 34. Rc7 34... a4 35.
Be6 35... Kf8 36. Bxa2 36... Ke8 37. Rc4",1. 0:03:00 1... 0:03:00 2. 0:02:59 2... 0:03:02 3. 0:03:00 3... 0:03:04 4. 0:03:01 4... 0:03:05 5. 0:03:01 5... 0:03:07 6. 0:03:01 6... 0:03:08 7. 0:02:59 7... 0:03:08 8. 0:02:53 8... 0:03:09 9. 0:02:53 9... 0:02:57 10. 0:02:55 10... 0:02:43 11. 0:02:27 11... 0:01:54 12. 0:02:13 12... 0:01:39 13. 0:02:10 13... 0:01:23 14. 0:02:08 14... 0:01:23 15. 0:01:41 15... 0:01:11 16. 0:01:34 16... 0:00:49 17. 0:01:29 17... 0:00:44 18. 0:01:25 18... 0:00:24 19. 0:01:19 19... 0:00:15 20. 0:01:15 20... 0:00:11 21. 0:01:15 21... 0:00:09 22. 0:01:15 22... 0:00:03 23. 0:01:12 23... 0:00:03 24. 0:01:03 24... 0:00:05 25. 0:00:58 25... 0:00:05 26. 0:00:51 26... 0:00:04 27. 0:00:51 27... 0:00:05 28. 0:00:51 28... 0:00:05 29. 0:00:45 29... 0:00:05 30. 0:00:38 30... 0:00:07 31. 0:00:37 31... 0:00:06 32. 0:00:37 32... 0:00:08 33. 0:00:37 33... 0:00:09 34. 0:00:34 34... 0:00:09 35. 0:00:33 35... 0:00:09 36. 0:00:33 36... 0:00:09 37. 0:00:33,
Rated Blitz game,https://lichess.org/a9CtsbbA,2024.08.01,-,amer28_8,focalk,0-1,2024.08.01,00:06:49,1347,1336,,,B03,Alekhine Defense,180+2,Normal,"1. e4 1... Nf6 2. e5 2... Nd5 3. d4 3... d6 4. c4 4... Nb6 5. Nf3 5... Bg4 6. exd6 6... cxd6 7. Be2 7... g6 8. Nc3 8... Bg7 9. Qd3 9...
O-O 10. Be3 10... a6 11. O-O-O 11... Nc6 12. Qd2 12... Re8 13. h3 13...
Bf5 14. g4 14... Bd7 15. Bh6 15... Bh8 16. h4 16... Bxg4 17. h5 17... Bxh5 18. Ng5 18... Bxe2 19. Qxe2 19... Nxd4 20. Qe4 20... Nf5 21. Nxf7 21... Kxf7 22. Bg5 22... h5 23. Rxh5 23... Bxc3 24. Rh8 24... Rxh8",1. 0:03:00 1... 0:03:00 2. 0:03:01 2... 0:03:00 3. 0:03:02 3... 0:02:59 4. 0:03:03 4... 0:02:59 5. 0:03:00 5... 0:02:59 6. 0:02:59 6... 0:02:59 7. 0:03:00 7... 0:03:00 8. 0:02:59 8... 0:03:01 9. 0:02:54 9... 0:02:58 10. 0:02:53 10... 0:02:46 11. 0:02:53 11... 0:02:33 12. 0:02:39 12... 0:02:06 13. 0:02:39 13... 0:02:03 14. 0:02:40 14... 0:01:59 15. 0:02:41 15... 0:01:57 16. 0:02:40 16... 0:01:54 17. 0:02:40 17... 0:01:54 18. 0:02:39 18... 0:01:47 19. 0:02:40 19... 0:01:42 20. 0:02:25 20... 0:01:07 21. 0:02:16 21... 0:00:58 22. 0:02:10 22... 0:00:27 23. 0:02:05 23... 0:00:17 24. 0:02:03 24... 0:00:16,
Rated Blitz game,https://lichess.org/usxNYR0E,2024.08.01,-,AnouarYang,AlanNeumann,0-1,2024.08.01,00:06:49,1941,1944,,,C50,"Italian Game: Giuoco Pianissimo, Italian Four Knights Variation",180+2,Normal,"1. e4 1... e5 2. Bc4 2... Nc6 3. Nc3 3... Nf6 4. d3 4... Bc5 5. Nf3 5... d6 6. Be3 6...
Bb6 7. O-O 7... h6 8.
h3 8... g5 9. a3 9...
g4 10. hxg4 10... Bxg4 11. Bxb6 11... axb6 12. Ne2 12... Bxf3 13. gxf3 13... Nh5 14. f4 14... Rg8 15. Ng3 15... Nxg3 16.
fxg3 16... Rxg3 17. Kf2 17... Qh4 18. Ke2 18... Nd4 19. Kd2 19... Rg2 20. Kc3 20... Rxc2 21. Kb4 21... Rxb2 22. Kc3 22... Rc2 23. Kb4 23... c5",1. 0:03:00 1... 0:03:00 2. 0:03:01 2... 0:03:01 3. 0:03:03 3... 0:03:03 4. 0:03:05 4... 0:03:04 5. 0:03:06 5... 0:03:05 6. 0:03:08 6... 0:03:05 7. 0:03:09 7... 0:03:06 8. 0:03:10 8... 0:03:07 9. 0:03:11 9... 0:03:07 10. 0:03:11 10... 0:03:09 11. 0:03:01 11... 0:03:10 12. 0:02:27 12... 0:03:09 13. 0:02:29 13... 0:03:10 14. 0:02:20 14... 0:03:10 15. 0:02:16 15... 0:03:10 16. 0:02:17 16... 0:03:12 17. 0:02:19 17... 0:03:14 18. 0:02:16 18... 0:03:15 19. 0:02:15 19... 0:03:15 20. 0:02:16 20... 0:03:15 21. 0:02:15 21... 0:03:12 22. 0:02:13 22... 0:03:13 23. 0:02:13 23... 0:03:13,
Rated Blitz game,https://lichess.org/TEHtdJhI,2024.08.01,-,karamel6,O_Gardon,1-0,2024.08.01,00:06:49,1659,1690,,,A30,English Opening: Symmetrical Variation,180+2,Normal,"1. c4 1... c5 2. g3 2... Nc6 3. Bg2 3... Nf6 4. Nc3 4... d6 5. Nf3 5... g6 6. O-O 6... Bg7 7. e3 7... O-O 8. d4 8... cxd4 9. Nxd4 9... Nxd4 10. exd4 10...
a6 11. b3 11...
Rb8 12. Be3 12... Bg4 13. Qd2 13... Qd7 14.
Bh6 14... Bh3 15. Bxg7 15...
Kxg7 16. Ne4 16... Nxe4 17. Bxe4 17... Bxf1 18. Rxf1 18... Rbc8 19. f4 19... Rfd8 20. f5 20... b5 21. Qf4 21... bxc4 22. fxg6 22... hxg6 23. Qxf7 23... Kh8 24. Qxg6 24... e6",1. 0:03:00 0. 0:03:00 1... 0:02:58 0. 0:03:00 2. 0:02:59 0. 0:02:49 2... 0:03:01 0. 0:02:49 3. 0:03:02 0. 0:02:46 3... 0:03:01 0. 0:02:48 4. 0:02:59 0. 0:02:48 4... 0:02:57 0. 0:02:49 5. 0:02:53 0. 0:02:46 5... 0:02:44 0. 0:02:46 6. 0:02:45 0. 0:02:47 6... 0:02:38 0. 0:02:39 7. 0:02:39 0. 0:02:36 7... 0:02:34 0. 0:02:33 8. 0:02:27 0. 0:02:33 8... 0:01:47 0. 0:02:20 9. 0:01:42 0. 0:02:20 9... 0:01:42 0. 0:01:55 10. 0:01:25 0. 0:01:53 10... 0:01:25 0. 0:01:47 11. 0:01:14 0. 0:01:44 11... 0:01:14 0. 0:01:45 12. 0:01:14 0. 0:01:42 12... 0:01:10 0. 0:01:34,
Rated Blitz game,https://lichess.org/Voti1SKX,2024.08.01,-,TonyelToro,Valen_Dreth,1-0,2024.08.01,00:07:12,1905,1885,,,E71,King's Indian Defense: Makogonov Variation,180+2,Time forfeit,"1. c4 1... Nf6 2. d4 2... g6 3. Nc3 3... Bg7 4. e4 4... d6 5. h3 5... O-O 6. Nf3 6...
e5 7. d5 7... Nbd7 8.
Bg5 8... a5 9. Qd2 9... Nc5 10. Bd3 10... Bd7 11. Bc2 11... Qe8 12.
Bh6 12... Nh5 13. Bxg7 13... Kxg7 14. Ne2",1. 0:03:00 1... 0:03:00 2. 0:03:00 2... 0:03:01 3. 0:02:58 3... 0:03:02 4. 0:02:55 4... 0:03:04 5. 0:02:54 5... 0:03:05 6. 0:02:54 6... 0:03:06 7. 0:02:54 7... 0:03:06 8. 0:02:49 8... 0:02:58 9. 0:02:48 9... 0:02:57 10. 0:02:39 10... 0:02:55 11. 0:02:36 11... 0:02:51 12. 0:02:35 12... 0:02:46 13. 0:02:22 13... 0:02:48 14. 0:01:58,
Rated Blitz game,https://lichess.org/U7Ajn6f1,2024.08.01,-,LuisEnrique12,Herege777,1/2-1/2,2024.08.01,00:07:15,1319,1308,,,C47,Four Knights Game: Italian Variation,180+2,Normal,"1. e4 1... e5 2. Nf3 2... Nc6 3. Bc4 3... Nf6 4. Nc3 4... Nxe4 5.
Nxe4 5... d5 6. Bb5 6... dxe4 7. Bxc6 7... bxc6 8. Nxe5 8... Bb7 9.
Qh5 9... g6 10. Qg4 10... Bg7 11. Qxe4 11... O-O 12. Nxc6 12... Qd6 13.
Ne7 13... Qxe7 14. Qxe7 14... Rfe8 15. Qxe8 15... Rxe8 16. Kf1 16... a6 17. c3 17... c5 18. d4 18... cxd4 19. cxd4 19... Rd8 20. Bg5 20... Rxd4 21. Rc1 21... Rd7 22.
Ke2 22... Bxb2 23. Rb1 23... Bc3 24. Rhc1 24... Be5 25. Bh6 25... f6 26.
g3 26... Kf7 27. f4 27... Bd4 28. Rd1 28... Re7 29. Kd3 29... Bf2 30.
Rd2 30... Be4 31. Kc4 31... Bxb1 32. Rxf2 32... Bxa2 33. Rxa2 33... Rc7 34. Kd5 34... f5 35. Rxa6 35... Rd7 36. Kc6 36... Re7 37. Kd5 37... Rd7 38. Kc5 38... Rc7 39.
Kb5 39... Rb7 40. Ka5 40... Re7 41. Bg5 41... Re2 42. Ra7 42... Kg8 43.
Ra8 43... Kf7 44. Ra7 44... Kg8 45. Kb6 45... Rxh2 46. Ra8 46... Kf7 47. Ra7 47... Kg8 48.
Kc6 48... h6 49. Bf6 49... Rg2 50. Rg7 50... Kf8 51. Rxg6 51... Rc2 52. Kd7 52... Kf7 53. Rxh6 53... Rd2 54. Kc6 54... Rc2 55. Kd5 55... Rd2 56. Kc4 56... Rc2 57.
Kd3 57... Rc6 58. Rh7 58... Kg6 59. Rg7 59... Kxf6 60. Rh7 60... Rc8 61.
Rh6 61... Kg7 62. Rd6 62... Ra8 63. Rd7 63... Kg6 64. Rd6 64... Kh5 65.
g4 65... Kxg4 66. Ke3 66... Ra3 67. Kf2 67... Kxf4 68. Rd4 68... Ke5 69.
Rh4 69... f4 70. Ke2 70... Ra2 71. Kf3 71... Ra3 72. Ke2 72... Re3 73.
Kf2 73... Ke4 74. Rg4 74... Ra3 75. Rh4 75... Rg3 76. Rh8 76... Rf3 77.
Kg2 77... Rg3 78. Kf2 78... Ra3 79. Re8 79... Kf5 80. Rf8 80... Kg4 81.
Rg8 81... Kf5 82. Rf8 82... Ke4 83. Re8 83... Kd4 84. Rf8 84... Ra2 85. Kf3 85... Ra3 86.
Kxf4 86... Ra4 87. Rd8 87... Kc3 88. Ke5 88... Kb3 89. Rd3 89... Kb4 90. Rd4 90... Kb3 91.
Rd3 91... Kb4 92. Rh3 92... Ra5 93. Kd4 93... Ra4 94. Kd5 94... Ra5 95.
Kc6 95... Rc5 96. Kd6 96... Kb5 97. Rb3 97... Kc4 98. Rh3 98... Rd5 99.
Ke6 99... Rc5 100. Rh4 100... Kb5 101. Kd7 101... Rd5 102. Ke6 102... Rc5 103. Kd6 103... Rc6 104. Kd7 104... Rc5 105. Rh8 105... Rd5 106. Kc7 106... Rc5 107. Kb8 107... Kc4 108. Rh4 108... Kb5 109. Rh1 109... Rc4 110. Rh5 110... Rc5 111. Rh1 111... Rc4 112. Rb1 112... Rb4 113. Rh1 113... Rc4",1. 0:03:00 1... 0:03:00 2. 0:03:01 2... 0:03:01 3. 0:03:02 3... 0:03:03 4. 0:03:03 4... 0:03:01 5. 0:03:03 5... 0:03:03 6. 0:02:57 6... 0:03:03 7. 0:02:57 7... 0:03:00 8. 0:02:59 8... 0:02:49 9. 0:02:59 9... 0:02:34 10. 0:02:49 10... 0:02:23 11. 0:02:41 11... 0:02:19 12. 0:02:39 12... 0:01:51 13. 0:02:33 13... 0:01:46 14. 0:02:32 14... 0:01:47 15. 0:02:31 15... 0:01:48 16. 0:02:33 16... 0:01:37 17. 0:02:33 17... 0:01:36 18. 0:02:33 18... 0:01:36 19. 0:02:34 19... 0:01:37 20. 0:02:29 20... 0:01:36 21. 0:02:29 21... 0:01:28 22. 0:02:20 22... 0:01:26 23. 0:02:17 23... 0:01:26 24. 0:02:15 24... 0:01:22 25. 0:02:11 25... 0:01:12 26. 0:02:00 26... 0:01:06 27. 0:02:01 27... 0:00:57 28. 0:01:55 28... 0:00:56 29. 0:01:56 29... 0:00:42 30. 0:01:33 30... 0:00:40 31. 0:01:30 31... 0:00:40 32. 0:01:31 32... 0:00:39 33. 0:01:32 33... 0:00:39 34. 0:01:31 34... 0:00:37 35. 0:01:29 35... 0:00:38 36. 0:01:30 36... 0:00:38 37. 0:01:25 37... 0:00:39 38. 0:01:26 38... 0:00:39 39. 0:01:26 39... 0:00:39 40. 0:01:25 40... 0:00:39 41. 0:01:26 41... 0:00:37 42. 0:01:26 42... 0:00:37 43. 0:01:23 43... 0:00:37 44. 0:01:20 44... 0:00:38 45. 0:01:18 45... 0:00:38 46. 0:01:16 46... 0:00:38 47. 0:01:15 47... 0:00:39 48. 0:01:12 48... 0:00:39 49. 0:01:10 49... 0:00:34 50. 0:01:10 50... 0:00:32 51. 0:01:11 51... 0:00:32 52. 0:01:06 52... 0:00:33 53. 0:01:04 53... 0:00:31 54. 0:01:04 54... 0:00:32 55. 0:01:05 55... 0:00:32 56. 0:01:06 56... 0:00:33 57. 0:01:07 57... 0:00:34 58. 0:00:59 58... 0:00:26 59. 0:00:47 59... 0:00:27 60. 0:00:45 60... 0:00:22 61. 0:00:43 61... 0:00:22 62. 0:00:43 62... 0:00:22 63. 0:00:42 63... 0:00:22 64. 0:00:43 64... 0:00:23 65. 0:00:40 65... 0:00:23 66. 0:00:39 66... 0:00:23 67. 0:00:38 67... 0:00:25 68. 0:00:39 68... 0:00:25 69. 0:00:38 69... 0:00:25 70. 0:00:38 70... 0:00:24 71. 0:00:39 71... 0:00:24 72. 0:00:41 72... 0:00:24 73. 0:00:41 73... 0:00:25 74. 0:00:39 74... 0:00:23 75. 0:00:38 75... 0:00:22 76. 0:00:35 76... 0:00:23 77. 0:00:35 77... 0:00:23 78. 0:00:37 78... 0:00:22 79. 0:00:32 79... 0:00:23 80. 0:00:33 80... 0:00:25 81. 0:00:35 81... 0:00:26 82. 0:00:36 82... 0:00:27 83. 0:00:37 83... 0:00:23 84. 0:00:34 84... 0:00:21 85. 0:00:35 85... 0:00:10 86. 0:00:35 86... 0:00:11 87. 0:00:34 87... 0:00:12 88. 0:00:34 88... 0:00:13 89. 0:00:33 89... 0:00:14 90. 0:00:34 90... 0:00:15 91. 0:00:35 91... 0:00:16 92. 0:00:33 92... 0:00:16 93. 0:00:33 93... 0:00:17 94. 0:00:33 94... 0:00:18 95. 0:00:33 95... 0:00:19 96. 0:00:33 96... 0:00:19 97. 0:00:33 97... 0:00:19 98. 0:00:32 98... 0:00:19 99. 0:00:33 99... 0:00:20 100. 0:00:31 100... 0:00:21 101. 0:00:27 101... 0:00:22 102. 0:00:28 102... 0:00:23 103. 0:00:27 103... 0:00:23 104. 0:00:27 104... 0:00:24 105. 0:00:27 105... 0:00:24 106. 0:00:28 106... 0:00:25 107. 0:00:24 107... 0:00:24 108. 0:00:25 108... 0:00:25 109. 0:00:24 109... 0:00:24 110. 0:00:23 110... 0:00:25 111. 0:00:25 111... 0:00:26 112. 0:00:24 112... 0:00:28 113. 0:00:25 113... 0:00:29,
Rated Blitz game,https://lichess.org/kpxCgCOF,2024.08.01,-,ahmed_ta3eb,rendykwang,0-1,2024.08.01,00:07:15,1973,2003,,,A02,Bird Opening,180+2,Normal,"1. f4 1... e6 2. Nf3 2... f5 3. Nc3 3... Nf6 4. h3 4... b6 5. d3 5... Bb7 6. Bd2 6...
d5 7. e3 7... Nbd7 8.
Be2 8... c5 9. O-O 9... Be7 10. Ne5 10... O-O 11. Bf3 11... a5 12.
d4 12... Ne4 13. Bxe4 13... dxe4 14. Ne2 14... Nxe5 15. dxe5 15... Ba6 16.
Rf2 16... Qc7 17. b3 17... Rad8 18. Qe1 18... Bh4 19. g3 19... Bxe2 20.
gxh4 20... Bf3 21. Kh2 21... Qe7 22. Rxf3 22... exf3 23. Kg3 23... Rd7 24.
c4 24... Rfd8 25. Bc3 25... h6 26. Kxf3 26... Rd3 27. Rc1 27... Qb7 28.
Ke2 28... Qe4 29. Qg3 29... a4 30. Rg1 30... R8d7 31. Bd4 31... cxd4 32.
Qg6 32... Qxe3 33. Kf1 33... Qf3 34. Ke1 34... Rd1",1. 0:03:00 1... 0:03:00 2. 0:03:01 2... 0:02:58 3. 0:03:01 3... 0:02:59 4. 0:03:01 4... 0:02:52 5. 0:03:03 5... 0:02:52 6. 0:03:02 6... 0:02:50 7. 0:03:03 7... 0:02:50 8. 0:03:03 8... 0:02:45 9. 0:03:03 9... 0:02:43 10. 0:02:58 10... 0:02:42 11. 0:02:55 11... 0:02:41 12. 0:02:56 12... 0:02:32 13. 0:02:49 13... 0:02:22 14. 0:02:45 14... 0:02:20 15. 0:02:43 15... 0:02:20 16. 0:02:40 16... 0:02:20 17. 0:02:33 17... 0:02:20 18. 0:02:28 18... 0:01:58 19. 0:02:28 19... 0:01:58 20. 0:02:25 20... 0:01:51 21. 0:01:51 21... 0:01:49 22. 0:01:47 22... 0:01:48 23. 0:01:46 23... 0:01:32 24. 0:01:41 24... 0:01:30 25. 0:01:37 25... 0:01:23 26. 0:01:38 26... 0:01:14 27. 0:01:14 27... 0:01:14 28. 0:01:11 28... 0:01:12 29. 0:01:11 29... 0:00:52 30. 0:01:09 30... 0:00:51 31. 0:01:03 31... 0:00:45 32. 0:00:59 32... 0:00:44 33. 0:00:58 33... 0:00:39 34. 0:00:57 34... 0:00:38,
Rated Blitz game,https://lichess.org/KJlhkin1,2024.08.01,-,kbot1425,ningjiang,1-0,2024.08.01,00:07:15,2085,2071,,,C44,Ponziani Opening,180+2,Normal,"1. e4 1... e5 2. Nf3 2... Nc6 3. c3 3... d5 4. exd5 4... Qxd5 5. d4 5... e4 6. Nfd2 6...
Nh6 7. Bc4 7... Qg5 8.
g3 8... Qg6 9. d5 9...
Ne5 10. Bb5 10... c6 11. dxc6 11... bxc6 12. Be2 12... Bc5 13. O-O 13... Bh3 14. Nb3 14... Rd8 15. N1d2 15... Bb6 16.
Bh5 16... Qf5 17. Qe2 17... Bxf1 18. Nxf1 18... O-O 19. Bxh6 19... gxh6 20. Ne3 20... Qh3 21. Ng4 21... Qxh5 22. Nf6 22... Kh8 23. Nxh5 23... Nf3 24. Kg2 24... f5 25.
Nf4 25... a5 26. Ne6 26... a4 27. Nxf8 27... Rxf8 28. Nd4 28... Bxd4 29.
cxd4 29... Nxd4 30. Qc4 30... Rd8 31. Qxa4 31... Nb5 32. Qc4 32... Nd4 33. Rd1",1. 0:03:00 1... 0:03:00 2. 0:02:52 2... 0:03:00 3. 0:02:49 3... 0:03:00 4. 0:02:21 4... 0:03:02 5. 0:02:19 5... 0:03:03 6. 0:02:18 6... 0:02:13 7. 0:02:08 7... 0:02:14 8. 0:01:22 8... 0:02:09 9. 0:01:17 9... 0:02:08 10. 0:01:16 10... 0:02:06 11. 0:01:17 11... 0:02:08 12. 0:01:17 12... 0:02:06 13. 0:01:15 13... 0:02:06 14. 0:00:42 14... 0:02:05 15. 0:00:36 15... 0:02:04 16. 0:00:27 16... 0:01:54 17. 0:00:25 17... 0:01:41 18. 0:00:25 18... 0:01:34 19. 0:00:25 19... 0:01:33 20. 0:00:21 20... 0:01:31 21. 0:00:10 21... 0:01:27 22. 0:00:11 22... 0:01:27 23. 0:00:13 23... 0:01:25 24. 0:00:13 24... 0:01:26 25. 0:00:14 25... 0:01:25 26. 0:00:15 26... 0:01:26 27. 0:00:06 27... 0:01:27 28. 0:00:06 28... 0:01:27 29. 0:00:08 29... 0:01:28 30. 0:00:09 30... 0:01:28 31. 0:00:09 31... 0:01:25 32. 0:00:08 32... 0:01:24 33. 0:00:09,
Rated Blitz game,https://lichess.org/Nkj8F2Ci,2024.08.01,-,Tybyr,brifry,0-1,2024.08.01,00:07:15,1852,1848,,,C43,"Russian Game: Modern Attack, Center Variation",180+2,Normal,"1. e4 1... e5 2. Nf3 2... Nf6 3. d4 3... Nxe4 4. Bd3 4... d5 5. Nxe5 5... Nc6 6. Nxc6 6...
bxc6 7. O-O 7... Be7 8. Qh5 8... Nf6 9. Qf3 9... Bg4 10. Qg3 10... Bd6 11. Bf4 11... O-O 12.
Nd2 12... Bxf4 13. Qxf4 13... Qd6 14. Qg5 14... Rfe8 15. Nf3 15... Bxf3 16. gxf3 16... Qb4 17.
Kh1 17... Qxd4 18. Rg1 18... Nd7 19. Qh4 19... Qf6 20. Qxh7 20... Kf8 21. Rae1 21... Qxf3",1. 0:03:00 1... 0:03:00 2. 0:03:00 2... 0:03:01 3. 0:03:00 3... 0:03:01 4. 0:03:00 4... 0:03:01 5. 0:03:01 5... 0:02:58 6. 0:02:57 6... 0:03:00 7. 0:02:55 7... 0:03:00 8. 0:02:39 8... 0:02:55 9. 0:02:35 9... 0:02:54 10. 0:02:34 10... 0:02:47 11. 0:02:24 11... 0:02:42 12. 0:02:15 12... 0:02:41 13. 0:02:16 13... 0:02:41 14. 0:02:05 14... 0:02:22 15. 0:01:52 15... 0:02:21 16. 0:01:53 16... 0:02:05 17. 0:01:45 17... 0:02:04 18. 0:01:43 18... 0:01:57 19. 0:01:22 19... 0:01:54 20. 0:01:11 20... 0:01:49 21. 0:00:56 21... 0:01:47,
Rated Blitz game,https://lichess.org/dRepTx7l,2024.08.01,-,ALAGMY41,LuisACD1,0-1,2024.08.01,00:07:15,1781,1689,,,B01,Scandinavian Defense: Main Line,180+2,Normal,"1. e4 1... d5 2. exd5 2... Qxd5 3. Nc3 3... Qa5 4. Bc4 4... Bf5 5. d3 5... e6 6. Bd2 6... c6 7. Nge2 7... Nd7 8.
O-O 8... Ngf6 9. Ne4 9... Qc7 10. N2g3 10... Bg6 11. Nxf6 11... Nxf6 12. Bg5 12... Be7 13. f4 13... O-O 14. f5 14...
exf5 15. Nxf5 15... Bh5 16. Qd2 16... Bc5 17.
d4 17... Rad8 18. c3 18... b5 19. Bb3 19... Ng4 20. Bxd8 20... Qxh2",1. 0:03:00 1... 0:03:00 2. 0:03:01 2... 0:03:02 3. 0:03:02 3... 0:03:03 4. 0:03:03 4... 0:03:02 5. 0:03:04 5... 0:03:03 6. 0:03:05 6... 0:03:04 7. 0:03:03 7... 0:03:05 8. 0:03:04 8... 0:03:06 9. 0:03:04 9... 0:03:05 10. 0:03:04 10... 0:03:01 11. 0:03:01 11... 0:03:02 12. 0:03:02 12... 0:03:02 13. 0:03:02 13... 0:03:01 14. 0:03:03 14... 0:02:56 15. 0:03:04 15... 0:02:39 16. 0:03:02 16... 0:02:27 17. 0:02:50 17... 0:02:13 18. 0:02:49 18... 0:02:10 19. 0:02:49 19... 0:02:08 20. 0:02:43 20... 0:02:05,
Rated Blitz game,https://lichess.org/oGIAh1rk,2024.08.01,-,K_Calazans,PurriPty,0-1,2024.08.01,00:07:15,1631,1609,,,C42,Russian Game: Italian Variation,180+2,Normal,"1. e4 1... e5 2. Nf3 2... Nf6 3. Bc4 3... Nxe4 4. Qe2 4...
d5 5. Bb5 5... c6 6. Ba4 6... Nc5 7. Qxe5 7... Be6 8. Bb3 8...
Nxb3 9. axb3 9... Nd7 10.
Qe2 10... a6 11. Nc3 11... Bd6 12. O-O 12...
O-O 13. d4 13... Bg4 14. Bg5 14... Bxf3 15. Qxf3 15... Qxg5 16. Ne2",1. 0:03:00 0. 0:03:00 1... 0:03:01 0. 0:03:00 2. 0:03:01 0. 0:03:00 2... 0:03:02 0. 0:03:01 3. 0:02:58 0. 0:03:00 3... 0:02:58 0. 0:02:51 4. 0:02:57 0. 0:02:49 4... 0:02:54 0. 0:02:48 5. 0:02:54 1. 0:02:49 5... 0:02:55 1. 0:02:46 6. 0:02:53 2. 0:02:46 6... 0:02:52 1. 0:02:44 7. 0:02:50 1. 0:02:42 7... 0:02:50 1. 0:02:24 8. 0:02:46 1. 0:02:24 8... 0:02:42,
Rated Blitz game,https://lichess.org/v5fFsdtJ,2024.08.01,-,msliwka,Iamthebestyoucatbe,1-0,2024.08.01,00:07:15,1194,1225,,,B01,Scandinavian Defense: Main Line,180+2,Normal,"1. e4 1... d5 2. exd5 2... Qxd5 3. Nc3 3... Qa5 4. Nf3 4... Nf6 5. a3 5... Bf5 6. d4 6... e6 7. Bd3 7... Bg6 8. Ne5 8... Bd6 9. Bd2 9...
c6 10. Ne4 10... Qd8 11. Nxg6 11... hxg6 12. Nxf6 12... gxf6 13. Qf3 13... f5 14. b4 14... Nd7 15. c4 15... Qc7 16.
g3 16... O-O-O 17. c5 17... Be7 18. b5 18... cxb5 19. Bxb5 19... a6 20.
Bxd7 20... Rxd7 21. O-O 21... g5 22. Ra2 22...
Qc6 23. Qxc6 23... bxc6 24. Rb2 24... Rb7 25.
Rxb7 25... Kxb7 26. Kg2 26... Bf6 27. Bc3 27... a5 28. a4 28... e5 29. dxe5 29... Be7 30.
Bd4 30... Rb8 31. Rb1 31... Kc7 32. Rxb8 32... Kxb8 33. h4 33... g4 34. h5 34... Bg5 35. f4 35...
Bh6 36. Bc3 36... Kc7 37. Bxa5 37... Kd7 38. Bb6 38... Ke6 39. a5 39...
Kd7 40. a6 40... Kc8 41. a7 41... Kb7 42. Kf2 42... Ka8 43. Ke3 43... Kb7 44. Kd3 44... Ka8 45. Kd4 45... Kb7 46.
e6 46... fxe6 47. Ke5 47... Bg7 48. Kxe6 48... Bd4 49. Kxf5 49... Bxc5 50. Bxc5 50... Ka8 51. h6 51... Kb7 52. h7 52...
Ka8 53. h8=Q 53... Kb7 54. Qg7 54... Ka6 55.
a8=Q 55... Kb5 56. Qb2 56... Kxc5 57. Qa5 57... Kd6 58. Qd4 58... Ke7 59. Qc7 59... Kf8 60.
Qdd8",1. 0:03:00 1... 0:03:00 2. 0:02:56 2... 0:03:02 3. 0:02:57 3... 0:03:03 4. 0:02:57 4... 0:03:03 5. 0:02:54 5... 0:03:03 6. 0:02:53 6... 0:03:03 7. 0:02:52 7... 0:03:01 8. 0:02:51 8... 0:03:00 9. 0:02:36 9... 0:03:00 10. 0:02:28 10... 0:02:53 11. 0:02:22 11... 0:02:53 12. 0:02:20 12... 0:02:53 13. 0:02:14 13... 0:02:53 14. 0:02:07 14... 0:02:54 15. 0:02:01 15... 0:02:53 16. 0:01:55 16... 0:02:47 17. 0:01:53 17... 0:02:44 18. 0:01:49 18... 0:02:41 19. 0:01:47 19... 0:02:41 20. 0:01:47 20... 0:02:41 21. 0:01:42 21... 0:02:20 22. 0:01:07 22... 0:02:17 23. 0:01:05 23... 0:02:19 24. 0:00:56 24... 0:02:20 25. 0:00:57 25... 0:02:22 26. 0:00:50 26... 0:02:22 27. 0:00:49 27... 0:02:21 28. 0:00:45 28... 0:02:18 29. 0:00:43 29... 0:02:17 30. 0:00:35 30... 0:02:16 31. 0:00:33 31... 0:02:17 32. 0:00:33 32... 0:02:19 33. 0:00:31 33... 0:02:17 34. 0:00:29 34... 0:02:17 35. 0:00:27 35... 0:02:17 36. 0:00:22 36... 0:02:18 37. 0:00:22 37... 0:02:19 38. 0:00:22 38... 0:02:17 39. 0:00:22 39... 0:02:16 40. 0:00:24 40... 0:02:18 41. 0:00:24 41... 0:02:19 42. 0:00:21 42... 0:02:18 43. 0:00:21 43... 0:02:18 44. 0:00:21 44... 0:02:19 45. 0:00:20 45... 0:02:20 46. 0:00:21 46... 0:02:18 47. 0:00:23 47... 0:02:14 48. 0:00:23 48... 0:02:13 49. 0:00:20 49... 0:02:12 50. 0:00:21 50... 0:02:10 51. 0:00:21 51... 0:02:09 52. 0:00:21 52... 0:02:08 53. 0:00:21 53... 0:02:10 54. 0:00:19 54... 0:02:10 55. 0:00:18 55... 0:02:11 56. 0:00:18 56... 0:02:12 57. 0:00:18 57... 0:02:13 58. 0:00:17 58... 0:02:13 59. 0:00:17 59... 0:02:12 60. 0:00:15,
Rated Blitz game,https://lichess.org/8LkaPvWB,2024.08.01,-,snownite,vadim711,0-1,2024.08.01,00:07:15,1500,1595,,,D10,Slav Defense: Exchange Variation,180+2,Normal,"1. d4 1... c6 2. c4 2... d5 3. cxd5 3... cxd5 4. e3 4... Nc6 5. a3 5... Bf5 6. Qd3 6...
Bxd3 7. Nd2 7... Bxf1 8. Kxf1 8... Nxd4 9. Rb1 9... Nc2 10. Ra1 10...
Nxa1 11. g4 11... Nb3 12. h4 12... Nxc1 13. Rh3 13... Qa5 14. Rf3 14... Qxd2 15. Rxf7 15... Kxf7 16. Nf3 16... Qe2 17.
Kg2 17... Nd3 18. Kg3 18... Qxf2 19. Kh3 19... Qxf3 20. Kh2 20... Nf2 21.
Kg1 21... Nh3 22. Kh2 22... Nf4 23. Kg1 23... Qg2",1. 0:03:00 1... 0:03:00 2. 0:02:59 2... 0:03:01 3. 0:02:59 3... 0:03:03 4. 0:02:55 4... 0:02:55 5. 0:02:42 5... 0:02:55 6. 0:02:35 6... 0:02:55 7. 0:02:33 7... 0:02:55 8. 0:02:32 8... 0:02:54 9. 0:02:25 9... 0:02:52 10. 0:02:27 10... 0:02:53 11. 0:02:22 11... 0:02:53 12. 0:02:17 12... 0:02:54 13. 0:02:12 13... 0:02:55 14. 0:02:13 14... 0:02:56 15. 0:02:09 15... 0:02:56 16. 0:02:05 16... 0:02:56 17. 0:02:04 17... 0:02:57 18. 0:02:03 18... 0:02:57 19. 0:02:01 19... 0:02:55 20. 0:02:00 20... 0:02:49 21. 0:01:56 21... 0:02:49 22. 0:01:51 22... 0:02:46 23. 0:01:51 23... 0:02:45,
Rated Blitz game,https://lichess.org/RQqIAwB8,2024.08.01,-,andersonaap,Ahmed_gronbasa1,0-1,2024.08.01,00:07:15,1855,1881,,,B52,"Sicilian Defense: Moscow Variation, Main Line",180+2,Normal,"1. e4 1... c5 2. Nf3 2... d6 3. Bb5 3... Bd7 4. Bxd7 4... Qxd7 5.
c3 5... Nc6 6. O-O 6... Nf6 7. Re1 7... e5 8. d4 8... cxd4 9.
cxd4 9... Nxd4 10. Nxd4 10... exd4 11. Qxd4 11... Be7 12. Nc3 12... O-O 13. e5 13... dxe5 14.
Qxe5 14... Bd6 15. Qb5 15... Rfe8 16. Bg5 16... Rxe1 17. Rxe1 17... Qxb5 18. Nxb5 18... Bc5 19. Be3 19... Bxe3 20. Rxe3 20... a6 21. Nd6 21... Rd8",1. 0:03:00 1... 0:03:00 2. 0:02:59 2... 0:03:01 3. 0:02:58 3... 0:03:02 4. 0:02:59 4... 0:03:02 5. 0:02:58 5... 0:03:04 6. 0:02:59 6... 0:03:05 7. 0:02:56 7... 0:03:06 8. 0:02:49 8... 0:03:07 9. 0:02:49 9... 0:03:08 10. 0:02:50 10... 0:03:10 11. 0:02:51 11... 0:03:12 12. 0:02:13 12... 0:03:12 13. 0:02:10 13... 0:03:13 14. 0:02:11 14... 0:03:03 15. 0:02:00 15... 0:02:59 16. 0:01:55 16... 0:01:16 17. 0:01:54 17... 0:01:18 18. 0:01:54 18... 0:01:00 19. 0:01:31 19... 0:00:59 20. 0:01:32 20... 0:00:58 21. 0:01:31 21... 0:00:56,
Rated Blitz game,https://lichess.org/TJf9tecn,2024.08.01,-,atthetop90,elanmk,1-0,2024.08.01,00:07:34,1477,1482,,,D30,Queen's Gambit Declined,180+2,Normal,"1. d4 1... d5 2. c4 2... e6 3. c5 3... b6 4. b4 4... bxc5 5. bxc5 5... Nf6 6. Bg5 6...
Be7 7. Nf3 7... h6 8.
Bh4 8... Nc6 9. Bg3 9... Ne4 10. Bf4 10... Bf6 11. Na3 11... Nxd4 12.
Nxd4 12... c6 13. Nxc6 13... Qd7 14. Nd4 14... e5 15. c6 15... Qc7 16.
Ndb5 16... Qa5 17. Bd2 17... Qxb5",1. 0:03:00 1... 0:03:00 2. 0:02:59 2... 0:03:01 3. 0:02:58 3... 0:02:55 4. 0:02:57 4... 0:02:39 5. 0:02:58 5... 0:02:28 6. 0:02:57 6... 0:02:21 7. 0:02:53 7... 0:02:21 8. 0:02:52 8... 0:02:14 9. 0:02:51 9... 0:02:11 10. 0:02:45 10... 0:02:02 11. 0:02:40 11... 0:02:00 12. 0:02:37 12... 0:02:00 13. 0:02:35 13... 0:01:47 14. 0:02:33 14... 0:01:45 15. 0:02:27 15... 0:01:44 16. 0:02:08 16... 0:01:42 17. 0:02:09 17... 0:01:30,
Rated Blitz game,https://lichess.org/8Z1oI9ze,2024.08.01,-,bodjajmustapha,yildizosman,1-0,2024.08.01,00:07:34,1420,1433,,,B40,Sicilian Defense: French Variation,180+2,Normal,"1. e4 1... e6 2. Nf3 2... c5 3. Nc3 3... Qb6 4. d3 4... Nf6 5. Be3 5... Qxb2 6. Bd2 6...
Ng4 7. Rb1 7... Qa3 8.
Rb3 8... Qa5 9. Nb5 9... Qd8 10. Ng1 10... Nxf2 11. Kxf2 11... a5 12.
Bf4 12... Na6 13. Nf3 13... Qb6 14. Nc7 14... Nxc7 15. Rxb6 15... c4 16.
Bxc7 16... Bc5 17. d4 17... Bxb6 18. Bxb6 18... O-O 19. Bxc4 19... d5 20.
exd5 20... exd5 21. Bb3 21... Bg4 22. Bc5 22... Rfe8 23. Bxd5 23... Rad8 24. Bxb7 24... Rd7 25.
Bc6 25... Bxf3 26. gxf3",1. 0:03:00 1... 0:03:00 2. 0:03:00 2... 0:03:02 3. 0:02:59 3... 0:03:03 4. 0:02:58 4... 0:03:04 5. 0:02:59 5... 0:03:04 6. 0:02:46 6... 0:02:56 7. 0:02:43 7... 0:02:56 8. 0:02:37 8... 0:02:53 9. 0:02:29 9... 0:02:50 10. 0:02:07 10... 0:02:42 11. 0:02:07 11... 0:02:39 12. 0:01:58 12... 0:02:39 13. 0:01:43 13... 0:02:40 14. 0:01:35 14... 0:02:38 15. 0:01:34 15... 0:02:29 16. 0:01:33 16... 0:02:29 17. 0:01:31 17... 0:02:31 18. 0:01:32 18... 0:02:32 19. 0:01:26 19... 0:02:32 20. 0:01:26 20... 0:02:33 21. 0:01:27 21... 0:02:35 22. 0:01:25 22... 0:02:35 23. 0:01:21 23... 0:02:36 24. 0:01:16 24... 0:02:35 25. 0:01:16 25... 0:02:32 26. 0:01:13,
Rated Blitz game,https://lichess.org/wNRAbjpk,2024.08.01,-,BLAISEMD,zoki20022002,1-0,2024.08.01,00:07:34,2063,1987,,,B13,"Caro-Kann Defense: Panov Attack, Modern Defense",180+2,Normal,"1. e4 1... c6 2. d4 2... d5 3. exd5 3... cxd5 4. c4 4... Nf6 5. Nc3 5... Nc6 6. Be3 6...
e6 7. a3 7... Be7 8.
Nf3 8... O-O 9. c5 9... b6 10. b4 10... a5 11. b5 11... Nb8 12.
c6 12... Bd6 13. Be2 13... Qc7 14. O-O 14... h6 15. Qd2 15... Nxc6 16.
bxc6 16... Qxc6 17. Rfc1 17... Qd7 18. Bb5 18... Qe7 19. Ne5 19... Rd8 20. Nc6 20... Qf8 21.
Nxd8 21... Qxd8 22. Na4 22... Ng4 23. h3 23...
Qh4 24. hxg4 24... Qh2 25. Kf1 25... Qh1 26.
Ke2 26... Qxg2 27. Rg1 27... Qh3 28. f3 28... e5 29. dxe5 29... Bxe5 30. Bf4 30... Bxf4 31. Qxf4 31... Bb7 32. Qg3 32... Re8 33. Kf2",1. 0:03:00 1... 0:03:00 2. 0:03:00 2... 0:03:02 3. 0:03:02 3... 0:03:04 4. 0:03:04 4... 0:03:04 5. 0:03:05 5... 0:03:04 6. 0:03:06 6... 0:03:01 7. 0:03:07 7... 0:03:01 8. 0:03:07 8... 0:03:01 9. 0:03:08 9... 0:02:58 10. 0:03:08 10... 0:02:58 11. 0:03:09 11... 0:02:47 12. 0:03:10 12... 0:02:47 13. 0:02:54 13... 0:02:48 14. 0:02:51 14... 0:02:46 15. 0:02:50 15... 0:02:37 16. 0:02:49 16... 0:02:38 17. 0:02:48 17... 0:02:34 18. 0:02:46 18... 0:02:33 19. 0:02:44 19... 0:02:21 20. 0:02:42 20... 0:02:15 21. 0:02:42 21... 0:02:17 22. 0:02:36 22... 0:02:10 23. 0:02:31 23... 0:02:06 24. 0:02:24 24... 0:02:02 25. 0:02:24 25... 0:02:00 26. 0:02:25 26... 0:02:02 27. 0:02:20 27... 0:02:00 28. 0:01:46 28... 0:01:57 29. 0:01:35 29... 0:01:58 30. 0:01:34 30... 0:01:53 31. 0:01:34 31... 0:01:53 32. 0:01:31 32... 0:01:52 33. 0:01:28,
Rated Blitz game,https://lichess.org/xtCg8mbV,2024.08.01,-,zubrikov,bispomau123,1-0,2024.08.01,00:07:34,2393,2235,,,D02,Queen's Pawn Game: Symmetrical Variation,180+2,Time forfeit,"1. Nf3 1... d5 2. d4 2... Nf6 3. c4 3... e6 4. g3 4... Ne4 5. Bg2 5... Bb4 6. Nbd2 6... f5 7. O-O 7... c6 8. e3 8... Nd7 9. a3 9...
Ba5 10. b4 10... Bc7 11. Qc2 11... O-O 12. b5 12... cxb5 13. cxb5 13... Bd6 14. Bb2 14... Qf6 15. a4 15... Qh6 16.
Ba3 16... Bxa3 17. Rxa3 17... Qf6 18. Ne1 18... Nxd2 19. Qxd2 19... Nb6 20. Qb4 20... Nc4 21.
Rc3 21... Bd7 22. Nf3 22... Rfc8 23. Rfc1 23... g5 24. Bf1 24... g4 25.
Ne1",1. 0:03:00 1... 0:03:00 2. 0:03:01 2... 0:03:00 3. 0:03:02 3... 0:03:01 4. 0:03:02 4... 0:02:57 5. 0:03:01 5... 0:02:55 6. 0:02:57 6... 0:02:46 7. 0:02:58 7... 0:02:25 8. 0:02:54 8... 0:02:21 9. 0:02:55 9... 0:02:20 10. 0:02:53 10... 0:02:20 11. 0:02:50 11... 0:02:17 12. 0:02:47 12... 0:01:55 13. 0:02:48 13... 0:01:53 14. 0:02:44 14... 0:01:51 15. 0:02:29 15... 0:01:33 16. 0:02:25 16... 0:01:29 17. 0:02:26 17... 0:00:46 18. 0:01:58 18... 0:00:40 19. 0:01:58 19... 0:00:40 20. 0:01:51 20... 0:00:35 21. 0:01:52 21... 0:00:30 22. 0:01:43 22... 0:00:25 23. 0:01:43 23... 0:00:15 24. 0:01:25 24... 0:00:11 25. 0:01:21,
Rated Blitz game,https://lichess.org/0nv0q7Bt,2024.08.01,-,Kamikazeee,thesonofsaul,0-1,2024.08.01,00:07:34,1620,1679,,,A00,Van't Kruijs Opening,180+2,Time forfeit,"1. e3 1... c5 2. f4 2... Nf6 3. Nf3 3... g6 4. h3 4... Bg7 5. g4 5... b6 6. Bg2 6...
Bb7 7. d3 7... Nc6 8.
Nc3 8... d5 9. Bd2 9... Qc7 10. Qe2 10... O-O-O 11. O-O 11... e5 12.
a4 12... exf4 13. exf4 13... Rde8 14. Qd1 14... d4 15. Nb5 15... Qb8 16.
c3 16... dxc3 17. bxc3 17... a6 18. Na3 18... Nd5 19. Nc4 19... Nxc3 20.
Bxc3 20... Bxc3 21. Rb1 21... Bd4 22. Kh2 22... f5 23. Nxb6 23... Kc7 24. Qb3 24... Nb4 25.
Nxd4 25... Kxb6 26. Bxb7 26... Qxb7 27. Nc2 27... Re2 28. Kg3 28... fxg4 29. Rf2 29... Rxf2 30.
Kxf2 30... Qf3 31. Kg1 31... gxh3 32. Qe6 32... Kb7 33. Qd7 33... Ka8 34. Ne3 34... Qxe3 35. Kf1 35... Qf3 36. Ke1 36... h2 37. Qh3 37...
h1=Q",1. 0:03:00 1... 0:03:00 2. 0:02:58 2... 0:02:59 3. 0:02:58 3... 0:03:00 4. 0:02:56 4... 0:03:00 5. 0:02:57 5... 0:02:58 6. 0:02:53 6... 0:02:59 7. 0:02:51 7... 0:02:59 8. 0:02:51 8... 0:02:55 9. 0:02:51 9... 0:02:35 10. 0:02:51 10... 0:02:34 11. 0:02:49 11... 0:02:35 12. 0:02:39 12... 0:02:26 13. 0:02:37 13... 0:02:24 14. 0:02:28 14... 0:02:10 15. 0:02:25 15... 0:01:46 16. 0:02:18 16... 0:01:45 17. 0:02:16 17... 0:01:45 18. 0:02:11 18... 0:01:44 19. 0:02:10 19... 0:01:21 20. 0:02:10 20... 0:01:22 21. 0:02:11 21... 0:01:20 22. 0:02:11 22... 0:01:13 23. 0:02:10 23... 0:01:11 24. 0:01:49 24... 0:01:09 25. 0:01:27 25... 0:01:09 26. 0:01:06 26... 0:01:01 27. 0:01:04 27... 0:01:01 28. 0:00:48 28... 0:00:55 29. 0:00:38 29... 0:00:52 30. 0:00:38 30... 0:00:53 31. 0:00:36 31... 0:00:47 32. 0:00:34 32... 0:00:45 33. 0:00:19 33... 0:00:42 34. 0:00:10 34... 0:00:40 35. 0:00:05 35... 0:00:41 36. 0:00:06 36... 0:00:41 37. 0:00:02 37... 0:00:39,
Rated Blitz game,https://lichess.org/vUPkg1U9,2024.08.01,-,JEMEV,bryanr3y,1-0,2024.08.01,00:07:34,1010,926,,,B06,Modern Defense,180+2,Time forfeit,"1. e4 1... g6 2. e5 2... d6 3. e6 3... Bxe6 4. d4 4... Nf6 5. Nf3 5... Bg7 6. Bb5 6...
Nc6 7. Bxc6 7... bxc6 8. Ng5 8... Bg4 9. Qd3 9... Bf5 10. Qc4 10... d5 11. Qxc6 11... Kf8 12. O-O 12... Bh6 13. Nc3 13... Bxg5 14. Bxg5 14... Bxc2 15. Bh6 15... Kg8 16. Rae1 16... Bd3 17.
Nxd5 17... Nxd5 18. Re5 18... Bxf1 19. Rxd5 19... Qc8 20. Kxf1",1. 0:03:00 1... 0:03:00 2. 0:03:01 2... 0:02:36 3. 0:03:00 3... 0:02:37 4. 0:03:02 4... 0:02:33 5. 0:03:00 5... 0:02:14 6. 0:02:53 6... 0:02:13 7. 0:02:52 7... 0:02:14 8. 0:02:52 8... 0:02:08 9. 0:02:48 9... 0:02:08 10. 0:02:46 10... 0:02:06 11. 0:02:43 11... 0:01:57 12. 0:02:38 12... 0:01:51 13. 0:02:36 13... 0:01:52 14. 0:02:35 14... 0:01:42 15. 0:02:34 15... 0:01:42 16. 0:02:28 16... 0:01:13 17. 0:02:26 17... 0:01:11 18. 0:01:53 18... 0:00:35 19. 0:01:44 19... 0:00:03 20. 0:01:43,
Rated Blitz game,https://lichess.org/TGtM7Jn0,2024.08.01,-,Bryce_Brown,emran_sawas,0-1,2024.08.01,00:07:34,1469,1473,,,B06,Modern Defense,180+2,Normal,"1. e4 1... g6 2. Nf3 2... Bg7 3. Bc4 3... Nf6 4. e5 4... Ng4 5. h3 5... Nxe5 6. Nxe5 6...
Bxe5 7. Qf3 7... O-O 8. O-O 8... Nc6 9. d3 9... b6 10. Bh6 10... Bg7 11. Bxg7 11... Kxg7 12. Nc3 12... Bb7 13. Bd5 13... e6 14. Be4 14...
d5 15. Bxd5 15... exd5 16. Nxd5 16... Nb4 17. c4 17... Nxd5 18. cxd5 18... Qxd5 19. Qxd5 19... Bxd5 20. Rac1 20... c6 21.
b3 21... Rfd8 22. Rfe1 22... Kf8 23. Re5 23... Re8 24. Rg5 24... a5 25.
d4 25... a4 26. Rc3 26... axb3 27. axb3 27... Ra3 28. Rgg3 28... Re4 29.
Rgd3 29... Re2 30. Kf1 30... Rb2 31. b4 31... Rxb4 32. Rxa3 32... Bc4 33.
Ke2 33... Rb2 34. Ke3 34... Bxd3 35. Rxd3 35... b5 36. Rc3 36... b4 37.
Rxc6 37... b3 38. Rb6 38... Rb1 39. Kd2 39... Rb2 40. Ke3 40... Rb1 41.
d5 41... b2 42. d6 42... Re1 43. Kf3 43... b1=Q 44. Rxb1 44... Rxb1 45. Ke4 45... Rb5 46. Kd4 46... Ke8 47. f4 47...
Kd7 48. g4 48... Kxd6",1. 0:03:00 1... 0:03:00 2. 0:03:00 2... 0:03:02 3. 0:03:00 3... 0:03:01 4. 0:02:58 4... 0:03:02 5. 0:02:59 5... 0:03:02 6. 0:02:53 6... 0:03:04 7. 0:02:54 7... 0:03:04 8. 0:02:54 8... 0:03:02 9. 0:02:54 9... 0:03:03 10. 0:02:55 10... 0:03:03 11. 0:02:50 11... 0:03:05 12. 0:02:49 12... 0:03:06 13. 0:02:48 13... 0:03:05 14. 0:02:44 14... 0:03:04 15. 0:02:41 15... 0:03:01 16. 0:02:42 16... 0:02:56 17. 0:02:41 17... 0:02:52 18. 0:02:41 18... 0:02:52 19. 0:02:42 19... 0:02:53 20. 0:02:42 20... 0:02:53 21. 0:02:40 21... 0:02:52 22. 0:02:38 22... 0:02:46 23. 0:02:38 23... 0:02:45 24. 0:02:37 24... 0:02:41 25. 0:02:27 25... 0:02:42 26. 0:02:20 26... 0:02:42 27. 0:02:21 27... 0:02:43 28. 0:02:19 28... 0:02:42 29. 0:02:16 29... 0:02:33 30. 0:02:15 30... 0:02:31 31. 0:02:14 31... 0:02:29 32. 0:02:15 32... 0:02:17 33. 0:02:07 33... 0:02:13 34. 0:02:06 34... 0:02:11 35. 0:02:08 35... 0:02:02 36. 0:02:07 36... 0:01:58 37. 0:02:07 37... 0:01:58 38. 0:02:06 38... 0:01:56 39. 0:02:06 39... 0:01:55 40. 0:02:06 40... 0:01:55 41. 0:02:06 41... 0:01:56 42. 0:02:08 42... 0:01:57 43. 0:02:05 43... 0:01:57 44. 0:02:03 44... 0:01:59 45. 0:02:04 45... 0:01:58 46. 0:02:04 46... 0:01:59 47. 0:02:05 47... 0:02:00 48. 0:02:07 48... 0:02:01,
Rated Blitz game,https://lichess.org/m6adyqVM,2024.08.01,-,Alexis2911,JDC58,1-0,2024.08.01,00:07:34,1362,1280,,,C47,Four Knights Game,180+2,Normal,"1. e4 1... Nf6 2. Nc3 2... e5 3. Nf3 3... Nc6 4. d3 4... Bb4 5. Bd2 5... O-O 6. Be2 6...
Nd4 7. Nxd4 7... exd4 8. Nd5 8... Bxd2 9. Qxd2 9... d6 10. O-O 10...
Be6 11. Nf4 11... d5 12. e5 12... Ng4 13. Nxe6 13... fxe6 14. Bxg4 14... Qh4 15. Bxe6 15... Kh8 16. Bxd5 16... Rad8 17. Bxb7 17... Qf4 18. Qxf4 18... Rxf4 19. e6 19... Re8 20. Rfe1 20... g5 21. Bc6 21... Re7 22.
g3 22... Rf6 23. Bd5 23... c6 24. Bxc6 24... Rfxe6 25. Rxe6 25... Rxe6 26. Be4 26... Rb6 27. b3 27... a5 28. a4 28...
Rb8 29. Rc1 29... h5 30. c3 30... Rxb3 31. cxd4 31... Ra3 32. Rc4 32... Kg7 33. d5 33... Kf6 34. d6 34... Ke6 35.
Rd4 35... Kd7 36. Bf5 36... Kd8 37. d7 37... Ra1 38. Kg2 38... Re1 39.
Rc4 39... Re5 40. Rc8 40... Ke7 41. d8=Q 41... Kf7 42. Qd7 42... Re7 43.
Qd5 43... Kf6 44. Qd6 44... Kf7 45. Qg6",1. 0:03:00 1... 0:03:00 2. 0:02:57 2... 0:03:01 3. 0:02:57 3... 0:03:01 4. 0:02:58 4... 0:02:58 5. 0:02:58 5... 0:02:58 6. 0:02:54 6... 0:02:56 7. 0:02:51 7... 0:02:56 8. 0:02:51 8... 0:02:56 9. 0:02:52 9... 0:02:53 10. 0:02:50 10... 0:02:42 11. 0:02:47 11... 0:02:39 12. 0:02:43 12... 0:02:33 13. 0:02:40 13... 0:02:30 14. 0:02:40 14... 0:02:17 15. 0:02:33 15... 0:02:17 16. 0:02:33 16... 0:02:14 17. 0:02:32 17... 0:02:08 18. 0:02:31 18... 0:02:08 19. 0:02:27 19... 0:02:08 20. 0:02:22 20... 0:02:03 21. 0:02:21 21... 0:02:02 22. 0:02:13 22... 0:02:02 23. 0:02:13 23... 0:01:57 24. 0:02:11 24... 0:01:57 25. 0:02:10 25... 0:01:57 26. 0:02:11 26... 0:01:53 27. 0:02:09 27... 0:01:54 28. 0:02:09 28... 0:01:49 29. 0:02:09 29... 0:01:48 30. 0:02:07 30... 0:01:38 31. 0:01:59 31... 0:01:37 32. 0:01:59 32... 0:01:36 33. 0:01:59 33... 0:01:37 34. 0:01:57 34... 0:01:37 35. 0:01:58 35... 0:01:38 36. 0:01:56 36... 0:01:38 37. 0:01:54 37... 0:01:38 38. 0:01:54 38... 0:01:31 39. 0:01:46 39... 0:01:24 40. 0:01:45 40... 0:01:20 41. 0:01:45 41... 0:01:19 42. 0:01:42 42... 0:01:19 43. 0:01:40 43... 0:01:18 44. 0:01:32 44... 0:01:18 45. 0:01:25,
Rated Blitz game,https://lichess.org/kiafxBlx,2024.08.01,-,thore_kore,BilldenataS,1-0,2024.08.01,00:07:34,1908,1874,,,B07,Czech Defense,180+2,Time forfeit,"1. d4 1... Nf6 2. Nc3 2... d6 3. e4 3... c6 4. Bg5 4... Nbd7 5. e5 5... dxe5 6. dxe5 6... Nxe5 7. Qxd8 7... Kxd8 8.
O-O-O 8... Bd7 9. f4 9... Ng6 10. Bxf6 10... gxf6 11. Bc4 11... e6 12.
Ne4 12... Be7 13. g3 13... Kc7 14. Nf3 14... b5 15. Bb3 15... a5 16.
a3 16... a4 17. Ba2 17... h6 18. h4 18... f5 19. Ned2 19... Nf8 20.
Ne5 20... Be8 21. Ndf3 21... f6 22. Nd3 22... Rg8 23. Rhg1 23... Rd8 24.
Rde1 24... Bf7 25. Nb4 25... c5 26. Nd3 26... Kc6 27. Nd2 27... c4 28.
Nb4 28... Kb6 29. c3 29... h5 30. Bb1 30... Bc5 31. Rg2 31... Ng6 32.
Ree2 32... Rd6 33. Bc2 33... Be8 34. Bd1",1. 0:03:00 1... 0:03:00 2. 0:02:55 2... 0:02:59 3. 0:02:56 3... 0:02:59 4. 0:02:56 4... 0:02:54 5. 0:02:54 5... 0:02:52 6. 0:02:55 6... 0:02:52 7. 0:02:56 7... 0:02:52 8. 0:02:56 8... 0:02:43 9. 0:02:56 9... 0:02:39 10. 0:02:39 10... 0:02:29 11. 0:02:39 11... 0:02:24 12. 0:02:39 12... 0:02:17 13. 0:02:29 13... 0:02:14 14. 0:02:29 14... 0:01:46 15. 0:02:28 15... 0:01:45 16. 0:02:28 16... 0:01:43 17. 0:02:28 17... 0:01:39 18. 0:02:27 18... 0:01:39 19. 0:02:12 19... 0:01:36 20. 0:02:10 20... 0:01:32 21. 0:01:53 21... 0:01:27 22. 0:01:53 22... 0:01:19 23. 0:01:50 23... 0:01:17 24. 0:01:44 24... 0:01:11 25. 0:01:24 25... 0:01:03 26. 0:01:20 26... 0:00:59 27. 0:00:42 27... 0:00:59 28. 0:00:43 28... 0:00:46 29. 0:00:40 29... 0:00:40 30. 0:00:40 30... 0:00:25 31. 0:00:37 31... 0:00:22 32. 0:00:29 32... 0:00:12 33. 0:00:29 33... 0:00:07 34. 0:00:28,
Rated Blitz tournament https://lichess.org/tournament/UkN7F9SL,https://lichess.org/AQCRQcRl,2024.08.01,-,MateoHernandez1,Isborg,0-1,2024.08.01,00:07:37,1061,1698,,,D04,Queen's Pawn Game: Colle System,180+2,Normal,"1. d4 1... d5 2. e3 2... Nf6 3. Nf3 3... Bg4 4. Bd3 4... Nc6 5. Qe2 5... e6 6. O-O 6...
Nb4 7. b3 7... Nxd3 8.
cxd3 8... Bb4 9. Bd2 9... Bxf3 10. Qxf3 10... Bxd2 11. Nxd2 11... O-O 12.
Qd1 12... c6 13. Qc2 13... Rc8 14. a4 14... b5 15. a5 15... a6 16. b4 16... Nd7 17. e4 17...
Qg5 18. exd5 18... exd5 19. Rfe1 19... Nf6 20.
g3 20... Qf5 21. f3 21... Qh3 22. Nf1 22... h5 23. Qg2 23... Qf5 24.
g4 24... hxg4 25. fxg4 25... Nxg4 26. Re5 26... Nxe5 27. dxe5 27... Qxe5 28. Ng3 28... Qxa1 29. Kf2 29... Qd4 30. Kf1 30... Qxd3 31. Kf2 31... Rce8 32. h4 32... Qe3 33.
Kf1 33... Qe1",1. 0:03:00 1... 0:03:00 2. 0:03:01 2... 0:03:00 3. 0:03:01 3... 0:03:01 4. 0:03:02 4... 0:03:01 5. 0:03:03 5... 0:03:00 6. 0:03:03 6... 0:02:55 7. 0:03:04 7... 0:02:56 8. 0:03:05 8... 0:02:53 9. 0:03:05 9... 0:02:51 10. 0:03:05 10... 0:02:51 11. 0:03:05 11... 0:02:52 12. 0:03:03 12... 0:02:53 13. 0:03:03 13... 0:02:53 14. 0:03:01 14... 0:02:53 15. 0:02:58 15... 0:02:52 16. 0:02:56 16... 0:02:46 17. 0:02:45 17... 0:02:46 18. 0:02:40 18... 0:02:46 19. 0:02:35 19... 0:02:47 20. 0:02:32 20... 0:02:43 21. 0:02:29 21... 0:02:37 22. 0:02:25 22... 0:02:35 23. 0:02:23 23... 0:02:34 24. 0:02:23 24... 0:02:34 25. 0:02:21 25... 0:02:33 26. 0:02:18 26... 0:02:32 27. 0:02:17 27... 0:02:32 28. 0:02:13 28... 0:02:32 29. 0:02:12 29... 0:02:33 30. 0:02:12 30... 0:02:33 31. 0:02:12 31... 0:02:34 32. 0:02:08 32... 0:02:35 33. 0:02:08 33... 0:02:34,
Rated Blitz tournament https://lichess.org/tournament/UkN7F9SL,https://lichess.org/2G6HHojw,2024.08.01,-,martti12,Mattias1031,0-1,2024.08.01,00:07:37,1055,980,,,B50,Sicilian Defense: Modern Variations,180+2,Normal,"1. e4 1... c5 2. Nf3 2... d6 3. Bc4 3... Nf6 4. d3 4... e6 5. O-O 5... Be7 6. Be3 6...
Bd7 7. Re1 7... Nc6 8.
Nbd2 8... a6 9. a4 9... Qc7 10. c3 10... h6 11. Nf1 11... d5 12.
exd5 12... exd5 13. Bb3 13... Ng4 14. h3 14...
Nxe3 15. Rxe3 15... O-O 16. d4 16... c4 17.
Ba2 17... Rfe8 18. Qd2 18... Bg5 19. Rae1 19... Bxe3 20. Rxe3 20... Rxe3 21. Qxe3 21... Re8 22. Qd2 22... Be6 23. Ng3 23... Qe7 24. Bb1 24... Qh4 25. Bf5 25... Qf6 26.
Bxe6 26... Qxe6 27. Kh2 27... Qg6 28. Nh4 28... Qf6 29. Nhf5 29... g6 30. Nxh6 30... Kf8 31. Ng4 31... Qd8 32. Ne5 32... Nxe5 33. dxe5 33... Rxe5 34. Qd4 34... Rh5 35. Nxh5 35... gxh5 36. Qh4 36... Qxh4 37. g3 37... Qg5 38. h4 38...
Qf6 39. Kh3 39... Qxf2 40. b3 40... Qf1 41. Kh2 41... Qf2 42. Kh3 42... Qc2 43. bxc4 43... dxc4 44. g4 44... Qxc3 45.
Kg2 45... Qb2 46. Kf3 46... Qa3 47. Ke4 47... Qxa4 48. Kd4 48... c3 49.
Kxc3 49... Qxg4 50. Kd3 50... Qxh4 51. Ke3 51... Qg3 52. Ke4 52... h4 53. Kf5 53... h3 54.
Kf6 54... h2 55. Kf5 55... h1=Q 56. Kf6 56... a5 57. Kf5 57... a4 58.
Kf6 58... a3 59. Kf5 59... a2 60. Kf6 60... a1=R 61. Kf5 61... b5 62.
Kf6 62... Qf1",1. 0:03:00 1... 0:03:00 2. 0:03:00 2... 0:02:54 3. 0:02:53 3... 0:02:53 4. 0:02:52 4... 0:02:53 5. 0:02:48 5... 0:02:47 6. 0:02:44 6... 0:02:46 7. 0:02:39 7... 0:02:46 8. 0:02:31 8... 0:02:30 9. 0:02:26 9... 0:02:06 10. 0:02:26 10... 0:01:55 11. 0:02:20 11... 0:01:49 12. 0:02:19 12... 0:01:50 13. 0:02:17 13... 0:01:35 14. 0:02:14 14... 0:01:33 15. 0:02:15 15... 0:01:23 16. 0:02:01 16... 0:01:19 17. 0:02:01 17... 0:01:13 18. 0:01:56 18... 0:01:11 19. 0:01:55 19... 0:01:11 20. 0:01:56 20... 0:01:13 21. 0:01:57 21... 0:01:13 22. 0:01:56 22... 0:01:04 23. 0:01:57 23... 0:00:47 24. 0:01:54 24... 0:00:39 25. 0:01:48 25... 0:00:25 26. 0:01:45 26... 0:00:24 27. 0:01:45 27... 0:00:21 28. 0:01:40 28... 0:00:18 29. 0:01:38 29... 0:00:16 30. 0:01:37 30... 0:00:17 31. 0:01:32 31... 0:00:15 32. 0:01:24 32... 0:00:16 33. 0:01:24 33... 0:00:16 34. 0:01:21 34... 0:00:13 35. 0:01:21 35... 0:00:14 36. 0:01:21 36... 0:00:14 37. 0:01:20 37... 0:00:14 38. 0:01:19 38... 0:00:14 39. 0:01:12 39... 0:00:15 40. 0:01:10 40... 0:00:11 41. 0:01:10 41... 0:00:12 42. 0:01:09 42... 0:00:14 43. 0:01:07 43... 0:00:16 44. 0:01:05 44... 0:00:18 45. 0:01:04 45... 0:00:20 46. 0:01:04 46... 0:00:22 47. 0:01:05 47... 0:00:24 48. 0:01:06 48... 0:00:26 49. 0:01:07 49... 0:00:27 50. 0:01:06 50... 0:00:29 51. 0:01:07 51... 0:00:30 52. 0:01:07 52... 0:00:32 53. 0:01:09 53... 0:00:34 54. 0:01:09 54... 0:00:36 55. 0:01:10 55... 0:00:38 56. 0:01:10 56... 0:00:39 57. 0:01:12 57... 0:00:41 58. 0:01:13 58... 0:00:43 59. 0:01:14 59... 0:00:45 60. 0:01:16 60... 0:00:39 61. 0:01:17 61... 0:00:35 62. 0:01:17 62... 0:00:33,
Rated Blitz tournament https://lichess.org/tournament/UkN7F9SL,https://lichess.org/jMtk4Dd6,2024.08.01,-,xaviermontero,garitaelianandres,0-1,2024.08.01,00:07:37,1009,1102,,,C55,"Italian Game: Two Knights Defense, Modern Bishop's Opening",180+2,Time forfeit,"1. e4 1... e5 2. Nf3 2... Nc6 3. Bc4 3... Nf6 4. d3 4... g6 5. O-O 5... Bg7 6. Re1 6...
O-O 7. Kf1 7... Ng4 8.
h3 8... Nh2 9. Nxh2 9... d5 10. exd5 10... Nd4 11. Nf3 11... Nxf3 12.
Qxf3 12... f5 13. Nc3 13... Qh4 14. Be3 14... Qf6 15. Bc5 15... Rf7 16.
d6 16... cxd6 17. Bxf7 17... Kxf7 18. Bb4 18... h5 19. Nd5 19... Qe6 20. d4 20... b5 21.
dxe5 21... Bb7 22. Qd3 22... Bxd5 23. exd6 23... Qd7 24. Qxd5 24... Kf8 25. Qxa8 25... Kf7 26. Qd5 26... Kf8 27. Re7 27... Qxe7 28. dxe7 28... Ke8",1. 0:03:00 1... 0:03:00 2. 0:02:32 2... 0:02:57 3. 0:02:30 3... 0:02:57 4. 0:02:26 4... 0:02:57 5. 0:02:26 5... 0:02:55 6. 0:02:26 6... 0:02:55 7. 0:02:28 7... 0:02:49 8. 0:02:26 8... 0:02:49 9. 0:02:26 9... 0:01:53 10. 0:02:26 10... 0:01:38 11. 0:00:38 11... 0:01:37 12. 0:00:38 12... 0:01:32 13. 0:00:36 13... 0:01:09 14. 0:00:17 14... 0:01:01 15. 0:00:16 15... 0:00:59 16. 0:00:15 16... 0:00:53 17. 0:00:16 17... 0:00:54 18. 0:00:15 18... 0:00:33 19. 0:00:13 19... 0:00:30 20. 0:00:11 20... 0:00:27 21. 0:00:08 21... 0:00:27 22. 0:00:02 22... 0:00:26 23. 0:00:02 23... 0:00:21 24. 0:00:03 24... 0:00:20 25. 0:00:03 25... 0:00:20 26. 0:00:02 26... 0:00:20 27. 0:00:03 27... 0:00:18 28. 0:00:03 28... 0:00:13,
Rated Blitz game,https://lichess.org/Bin9a31n,2024.08.01,-,florez-2025,marioorlando,0-1,2024.08.01,00:07:26,1740,1766,,,B50,"Sicilian Defense: Delayed Alapin Variation, with d6",180+2,Time forfeit,"1. e4 1... c5 2. Nf3 2... d6 3. c3 3... Nf6 4. Be2 4... Bd7 5. Qc2 5... e6 6. d4 6... cxd4 7. cxd4 7... Be7 8.
O-O 8... O-O 9. Nc3 9... Nc6 10. Be3 10... Rc8 11. Rac1 11... Nb4 12.
Qd2 12... a6 13. a3 13... Nc6 14. Ng5 14... Na5 15. Qd1 15... b5 16.
b4 16... Nc6 17. Bd3 17... e5 18. d5 18... Nb8 19. Qd2 19... Ng4 20.
Nf3 20... Nxe3 21. fxe3 21... f5 22. exf5 22... Bxf5 23. Bxf5 23... Rxf5 24. e4 24... Rf8 25.
Qe2 25... Nd7 26. Na2 26... Nb6 27. Kh1 27... Nc4 28. Qd3 28... Bg5 29.
Rc2 29... Bf4 30. g3 30... Bg5 31. Rcf2 31... Ne3 32. Nxg5 32... Nxf1 33. Rxf8 33... Qxf8 34. Ne6 34... Qf7 35. Nc3 35... Qf2",1. 0:03:00 1... 0:03:00 2. 0:03:01 2... 0:03:01 3. 0:03:03 3... 0:03:01 4. 0:03:00 4... 0:02:57 5. 0:02:40 5... 0:02:57 6. 0:02:40 6... 0:02:57 7. 0:02:41 7... 0:02:56 8. 0:02:41 8... 0:02:55 9. 0:02:33 9... 0:02:54 10. 0:02:22 10... 0:02:53 11. 0:02:18 11... 0:02:27 12. 0:02:08 12... 0:02:27 13. 0:02:05 13... 0:02:27 14. 0:01:57 14... 0:02:27 15. 0:01:40 15... 0:02:08 16. 0:01:39 16... 0:01:57 17. 0:01:35 17... 0:01:38 18. 0:01:26 18... 0:01:28 19. 0:01:04 19... 0:01:25 20. 0:00:51 20... 0:01:17 21. 0:00:50 21... 0:01:11 22. 0:00:33 22... 0:01:12 23. 0:00:22 23... 0:01:12 24. 0:00:23 24... 0:01:04 25. 0:00:20 25... 0:01:04 26. 0:00:17 26... 0:01:03 27. 0:00:13 27... 0:01:03 28. 0:00:10 28... 0:00:56 29. 0:00:09 29... 0:00:53 30. 0:00:10 30... 0:00:50 31. 0:00:11 31... 0:00:43 32. 0:00:10 32... 0:00:41 33. 0:00:04 33... 0:00:37 34. 0:00:04 34... 0:00:30 35. 0:00:03 35... 0:00:23,
Rated Blitz game,https://lichess.org/Iy3OMdaC,2024.08.01,-,MacaquinhoMatador,Lenageur,1-0,2024.08.01,00:07:26,1690,1675,,,A48,London System,180+2,Normal,"1. d4 1... Nf6 2. Nf3 2... g6 3. Bf4 3... d6 4. e3 4... Bg7 5. Be2 5... O-O 6. h3 6... Nc6 7. c4 7... e5 8. dxe5 8... Nxe5 9. Nxe5 9...
dxe5 10. Qxd8 10... Rxd8 11. Bxe5 11... Be6 12.
Bxc7 12... Rd7 13. Be5 13... Rad8 14. O-O 14... Ne4 15. Bxg7 15... Kxg7 16. Na3 16... Nd2 17. Rfd1 17... Ne4 18. Rxd7 18... Rxd7 19. Rd1 19... Rc7 20. Bf3 20... f5 21.
Rd4 21... Nc5 22. b4 22... Nd7 23. Nb5 23... Rxc4 24. Rxc4 24... Bxc4 25. Nxa7 25... b6 26. a3 26... Ne5 27. Bb7 27... Nd3 28. Nc6 28... Ne1 29. Ne5 29... Bb3 30.
Nd7 30... b5 31. Bc6 31... Ba4 32. Nb6 32... Nc2 33. Nxa4 33... bxa4 34. Bxa4 34... Nxa3 35. b5",1. 0:03:00 1... 0:03:00 2. 0:03:00 2... 0:03:01 3. 0:03:01 3... 0:03:01 4. 0:03:02 4... 0:03:02 5. 0:03:02 5... 0:03:03 6. 0:03:03 6... 0:03:01 7. 0:02:51 7... 0:02:58 8. 0:02:42 8... 0:02:59 9. 0:02:41 9... 0:02:59 10. 0:02:40 10... 0:02:59 11. 0:02:41 11... 0:02:48 12. 0:02:27 12... 0:02:48 13. 0:02:23 13... 0:02:48 14. 0:02:15 14... 0:02:36 15. 0:02:12 15... 0:02:38 16. 0:02:05 16... 0:01:33 17. 0:01:58 17... 0:01:06 18. 0:01:54 18... 0:01:08 19. 0:01:53 19... 0:01:02 20. 0:01:47 20... 0:00:55 21. 0:01:43 21... 0:00:48 22. 0:01:19 22... 0:00:39 23. 0:01:11 23... 0:00:31 24. 0:00:51 24... 0:00:33 25. 0:00:50 25... 0:00:20 26. 0:00:48 26... 0:00:19 27. 0:00:44 27... 0:00:15 28. 0:00:42 28... 0:00:11 29. 0:00:40 29... 0:00:07 30. 0:00:34 30... 0:00:07 31. 0:00:32 31... 0:00:06 32. 0:00:30 32... 0:00:04 33. 0:00:29 33... 0:00:04 34. 0:00:31 34... 0:00:04 35. 0:00:31,
Rated Blitz game,https://lichess.org/zm5GP5t5,2024.08.01,-,jagp,rakiem2,0-1,2024.08.01,00:07:26,1598,1664,,,C50,Italian Game: Giuoco Piano,180+2,Normal,"1. e4 1... e5 2. Nf3 2... Nc6 3. Bc4 3... Bc5 4. O-O 4... Nf6 5. d3 5... O-O 6. Nbd2 6...
a6 7. a3 7... b5 8.
Ba2 8... d6 9. h3 9...
Be6 10. Bxe6 10... fxe6 11. c3 11... Bb6 12.
Re1 12... Nh5 13. Nf1 13... Nf4 14. Ng3 14... h6 15. d4 15... Ne7 16.
dxe5 16... dxe5 17. Qxd8 17... Raxd8 18. Nxe5 18... Nd3 19. Nxd3 19... Rxd3 20. Be3 20... g5 21.
Bxb6 21... cxb6 22. f3 22... Ng6 23. Rad1 23... Rfd8 24. Rxd3 24... Rxd3 25. Nh5 25... Kf7 26. Re2 26... a5 27. Kf2 27...
Nh4 28. Ng3 28... b4 29. axb4 29... axb4 30. cxb4 30... Rb3 31. e5 31...
Rxb4 32. Ne4 32... Ke7 33. Nd6 33... Nf5 34. Nxf5 34... exf5 35. g3 35... Ke6 36. Ke1 36... b5 37. Kd2 37... Rxb2 38. Kd3 38... Rxe2 39. Kxe2 39... Kxe5 40. Kd3 40... b4 41. Kc4 41... b3 42. Kxb3 42... Kd4 43.
Kc2 43... Ke3 44. Kc3 44... Kxf3 45. Kd4 45... Kxg3 46. Ke5 46... f4",1. 0:03:00 1... 0:03:00 2. 0:03:01 2... 0:02:59 3. 0:03:02 3... 0:02:59 4. 0:03:01 4... 0:02:59 5. 0:03:03 5... 0:02:59 6. 0:02:54 6... 0:02:59 7. 0:02:54 7... 0:02:59 8. 0:02:55 8... 0:02:57 9. 0:02:55 9... 0:02:58 10. 0:02:56 10... 0:02:59 11. 0:02:57 11... 0:02:58 12. 0:02:57 12... 0:02:52 13. 0:02:56 13... 0:02:52 14. 0:02:45 14... 0:02:33 15. 0:02:45 15... 0:02:28 16. 0:02:34 16... 0:02:07 17. 0:02:24 17... 0:02:05 18. 0:02:25 18... 0:02:01 19. 0:02:18 19... 0:02:01 20. 0:02:12 20... 0:01:41 21. 0:02:09 21... 0:01:41 22. 0:02:08 22... 0:01:38 23. 0:02:04 23... 0:01:38 24. 0:01:56 24... 0:01:38 25. 0:01:50 25... 0:01:34 26. 0:01:50 26... 0:01:15 27. 0:01:50 27... 0:01:08 28. 0:01:34 28... 0:00:50 29. 0:01:28 29... 0:00:50 30. 0:01:29 30... 0:00:50 31. 0:01:23 31... 0:00:49 32. 0:01:23 32... 0:00:35 33. 0:01:13 33... 0:00:34 34. 0:01:13 34... 0:00:34 35. 0:01:11 35... 0:00:35 36. 0:00:40 36... 0:00:34 37. 0:00:39 37... 0:00:30 38. 0:00:38 38... 0:00:26 39. 0:00:39 39... 0:00:27 40. 0:00:40 40... 0:00:27 41. 0:00:41 41... 0:00:28 42. 0:00:42 42... 0:00:29 43. 0:00:43 43... 0:00:30 44. 0:00:43 44... 0:00:31 45. 0:00:44 45... 0:00:32 46. 0:00:45 46... 0:00:32,
Rated Blitz game,https://lichess.org/r8YV9wxE,2024.08.01,-,Sakayev,sexydumpling,0-1,2024.08.01,00:07:26,1375,1355,,,B21,Sicilian Defense: McDonnell Attack,180+2,Normal,"1. e4 1... c5 2. f4 2... e6 3. Bc4 3... d5 4. exd5 4... exd5 5. Bb5 5... Bd7 6. Qg4 6...
Bxb5 7. Nc3 7... Nf6 8. Qf5 8... Bd7 9. Qe5 9... Qe7 10. Qxe7 10... Bxe7",1. 0:03:00 1... 0:03:00 2. 0:03:01 2... 0:02:59 3. 0:03:02 3... 0:02:58 4. 0:03:04 4... 0:03:00 5. 0:03:04 5... 0:03:00 6. 0:03:05 6... 0:02:43 7. 0:03:06 7... 0:02:36 8. 0:03:05 8... 0:02:26 9. 0:03:04 9... 0:02:21 10. 0:03:03 10... 0:02:23,
Rated Blitz game,https://lichess.org/IFYJkLhC,2024.08.01,-,aalex_pap,Landkreuzer,1-0,2024.08.01,00:07:26,1470,1414,,,B10,Caro-Kann Defense,180+2,Normal,"1. e4 1... c6 2. Nf3 2... d5 3. exd5 3... cxd5 4. d4 4... Bg4 5. Be2 5... Bxf3 6. Bxf3 6...
e6 7. c3 7... Nf6 8.
Bf4 8... Bd6 9. Bg5 9... O-O 10. Nd2 10... Nbd7 11. O-O 11... Qb6 12.
Qc2 12... Qc7 13. g3 13... b5 14. Be2 14... Ne4 15. Nxe4 15... dxe4 16. Qxe4 16... e5 17. dxe5 17... Nxe5 18. Bf4 18... f6 19. Bxe5 19... Bxe5 20. f4 20... Bd6 21.
Qd5 21... Kh8 22. Rad1 22... Rad8 23. Qxb5 23... Rfe8 24. Rfe1 24... Qc8 25. Qc4 25... Bc5 26.
Kf1 26... Rxd1 27. Rxd1 27... Qc6 28. Qd5 28... Qc7 29. Bb5 29... Rb8 30. Qc4 30... Qb6 31.
b4 31... Bg1 32. Qe2 32... h6 33. Bc4 33... Bxh2 34. Kg2 34... Bxg3 35.
Kxg3 35... g5 36. fxg5 36... hxg5 37. Qh5 37... Kg7 38. Rd7 38... Kf8 39.
Qf7",1. 0:03:00 1... 0:03:00 2. 0:03:01 2... 0:03:01 3. 0:03:01 3... 0:03:03 4. 0:03:01 4... 0:03:05 5. 0:03:02 5... 0:03:05 6. 0:03:02 6... 0:03:07 7. 0:03:03 7... 0:03:09 8. 0:03:04 8... 0:03:09 9. 0:03:00 9... 0:03:09 10. 0:03:00 10... 0:03:11 11. 0:03:00 11... 0:03:12 12. 0:02:58 12... 0:03:13 13. 0:02:57 13... 0:03:03 14. 0:02:57 14... 0:03:02 15. 0:02:55 15... 0:03:04 16. 0:02:52 16... 0:03:03 17. 0:02:42 17... 0:03:02 18. 0:02:38 18... 0:03:01 19. 0:02:34 19... 0:02:57 20. 0:02:35 20... 0:02:53 21. 0:02:34 21... 0:02:53 22. 0:02:27 22... 0:02:53 23. 0:02:24 23... 0:02:27 24. 0:02:23 24... 0:02:22 25. 0:02:13 25... 0:02:11 26. 0:02:11 26... 0:02:03 27. 0:02:10 27... 0:01:55 28. 0:02:03 28... 0:01:51 29. 0:01:55 29... 0:01:40 30. 0:01:41 30... 0:01:27 31. 0:01:21 31... 0:01:27 32. 0:01:07 32... 0:01:27 33. 0:01:06 33... 0:01:18 34. 0:01:05 34... 0:01:09 35. 0:01:06 35... 0:01:05 36. 0:01:06 36... 0:01:07 37. 0:01:07 37... 0:01:08 38. 0:01:06 38... 0:01:10 39. 0:01:04,
Rated Blitz game,https://lichess.org/KJn1hhme,2024.08.01,-,monssaf,Gnomomalo,0-1,2024.08.01,00:07:26,1312,1346,,,B90,"Sicilian Defense: Najdorf Variation, Lipnitsky Attack",180+2,Time forfeit,"1. e4 1... c5 2. Nf3 2... a6 3. d4 3... cxd4 4. Nxd4 4... d6 5. Bc4 5... Nf6 6. Nc3 6...
Nc6 7. O-O 7... Qb6 8.
Be3 8... Qxb2 9. Qd2 9... Bd7 10. a3 10... Qb6 11. Rab1 11... Qc7 12.
Nd5 12... Nxd5 13. Bxd5 13... Na5 14. e5 14...
dxe5 15. Nf3 15... Nc4 16. Qb4 16... Nxe3 17. fxe3 17... Rb8 18. Qe4 18... Bb5 19. Rfd1 19... g6 20. Nxe5 20... Bg7 21.
Nxf7 21... O-O 22. Ng5 22... Kh8 23. a4 23...
Bd7 24. Nf7 24... Rxf7 25. Bxf7 25... Bf5 26.
Qf4 26... Be5 27. Qb4 27... Bxh2 28. Kh1 28... Be5 29. Rd2 29... Kg7 30.
Rbd1 30... Kxf7 31. Qc4 31... Be6 32. Qxc7 32... Bxc7 33. c3 33... Ba5 34. Rf1 34... Kg7 35.
Rc2 35... Bb3 36. Rb2 36... Bc4 37. Rc1 37... Bc7 38. Rb4 38... Bd3 39.
Rd4 39... Be2 40. Rd7 40... Bd6 41. Rc2 41... Bg4 42. Rb2 42... Bxd7 43.
a5 43... Bb5",1. 0:03:00 1... 0:03:00 2. 0:03:00 2... 0:03:01 3. 0:02:59 3... 0:03:01 4. 0:03:00 4... 0:03:02 5. 0:02:59 5... 0:02:59 6. 0:02:46 6... 0:02:58 7. 0:02:42 7... 0:02:56 8. 0:02:28 8... 0:02:51 9. 0:02:25 9... 0:02:40 10. 0:02:02 10... 0:02:30 11. 0:01:18 11... 0:02:28 12. 0:00:45 12... 0:02:27 13. 0:00:37 13... 0:02:24 14. 0:00:11 14... 0:02:22 15. 0:00:09 15... 0:02:16 16. 0:00:06 16... 0:02:04 17. 0:00:06 17... 0:02:02 18. 0:00:03 18... 0:02:01 19. 0:00:03 19... 0:01:50 20. 0:00:04 20... 0:01:43 21. 0:00:04 21... 0:01:41 22. 0:00:04 22... 0:01:41 23. 0:00:05 23... 0:01:37 24. 0:00:06 24... 0:01:35 25. 0:00:07 25... 0:01:37 26. 0:00:07 26... 0:01:34 27. 0:00:07 27... 0:01:33 28. 0:00:07 28... 0:01:18 29. 0:00:07 29... 0:01:16 30. 0:00:08 30... 0:01:13 31. 0:00:08 31... 0:01:11 32. 0:00:09 32... 0:01:12 33. 0:00:08 33... 0:01:02 34. 0:00:08 34... 0:01:01 35. 0:00:07 35... 0:00:58 36. 0:00:06 36... 0:00:58 37. 0:00:04 37... 0:00:48 38. 0:00:03 38... 0:00:47 39. 0:00:03 39... 0:00:45 40. 0:00:03 40... 0:00:42 41. 0:00:04 41... 0:00:41 42. 0:00:05 42... 0:00:41 43. 0:00:03 43... 0:00:41,
Rated Blitz game,https://lichess.org/s0l3Z20S,2024.08.01,-,robotikempire,Ruslan1984,1-0,2024.08.01,00:07:26,1816,1807,,,D08,"Queen's Gambit Declined: Albin Countergambit, Modern Line",180+2,Normal,"1. d4 1... d5 2. c4 2... e5 3. dxe5 3... d4 4. Nf3 4... Nc6 5.
Nbd2 5... Bg4 6. Nb3 6... Bb4 7. Bd2 7... d3 8. Bxb4 8... Nxb4 9.
exd3 9... Qe7 10. d4 10... O-O-O 11. Be2 11... Nh6 12. a3 12... Nc6 13.
O-O 13... Nf5 14. d5 14... Nxe5 15. Nxe5 15... Bxe2 16. Qxe2 16... f6 17.
Qg4 17... Qxe5 18. Rae1 18... Qxb2 19. Nd4 19... Qxd4 20. Qxf5 20... Kb8 21. Re4 21... Qc5 22.
Rfe1 22... a6 23. Qf3 23... Rhf8 24. Re7 24... Rg8 25. h3 25... h6 26.
Qf4 26... Rd6 27. Rf7 27... Rgd8 28. Ree7 28... Rb6 29. Rxg7 29... Qxa3 30. Re6 30... Rdd6 31. Qxf6 31... Qc1 32. Kh2 32... Qxc4 33. Rg8 33... Ka7 34. Qf8 34... Rb4 35.
Rxd6 35... cxd6 36. Qxd6 36... Qf4 37. Qxf4 37... Rxf4 38. f3 38... Rd4 39. Rd8 39... a5 40.
d6 40... a4 41. d7 41... b5 42. f4 42... a3 43. f5 43... a2 44. f6 44... a1=Q 45. f7 45... Rxd7 46. Rxd7 46... Kb6 47. f8=Q 47... Qe5 48. g3 48... Qe2 49. Kg1",1. 0:03:00 1... 0:03:00 2. 0:03:01 2... 0:03:01 3. 0:03:02 3... 0:03:03 4. 0:03:04 4... 0:03:04 5. 0:03:05 5... 0:03:05 6. 0:03:05 6... 0:03:05 7. 0:03:06 7... 0:03:06 8. 0:03:03 8... 0:03:07 9. 0:03:02 9... 0:03:04 10. 0:02:59 10... 0:03:05 11. 0:02:54 11... 0:02:58 12. 0:02:51 12... 0:02:57 13. 0:02:39 13... 0:02:58 14. 0:02:30 14... 0:02:58 15. 0:02:30 15... 0:02:55 16. 0:02:31 16... 0:02:56 17. 0:02:07 17... 0:02:54 18. 0:02:01 18... 0:02:51 19. 0:02:01 19... 0:02:43 20. 0:02:01 20... 0:02:44 21. 0:01:55 21... 0:02:43 22. 0:01:50 22... 0:02:33 23. 0:01:48 23... 0:02:27 24. 0:01:45 24... 0:02:24 25. 0:01:44 25... 0:02:24 26. 0:01:32 26... 0:02:24 27. 0:01:21 27... 0:02:20 28. 0:01:18 28... 0:02:14 29. 0:01:17 29... 0:02:15 30. 0:01:14 30... 0:02:12 31. 0:01:13 31... 0:02:02 32. 0:01:13 32... 0:02:03 33. 0:01:04 33... 0:02:04 34. 0:01:04 34... 0:01:55 35. 0:00:52 35... 0:01:53 36. 0:00:53 36... 0:01:52 37. 0:00:53 37... 0:01:53 38. 0:00:54 38... 0:01:53 39. 0:00:54 39... 0:01:55 40. 0:00:54 40... 0:01:55 41. 0:00:43 41... 0:01:51 42. 0:00:38 42... 0:01:47 43. 0:00:29 43... 0:01:48 44. 0:00:29 44... 0:01:45 45. 0:00:30 45... 0:00:28 46. 0:00:27 46... 0:00:29 47. 0:00:22 47... 0:00:29 48. 0:00:19 48... 0:00:22 49. 0:00:20,
Rated Blitz game,https://lichess.org/Xx4uZxEp,2024.08.01,-,jhonisnew,suriye,0-1,2024.08.01,00:07:26,1176,1251,,,B01,Scandinavian Defense: Mieses-Kotroc Variation,180+2,Time forfeit,"1. e4 1... d5 2. exd5 2... Qxd5 3. Nc3 3... Qe6 4. Qe2 4... Nf6 5. Nf3 5... Qxe2 6. Bxe2 6... Bg4 7. O-O 7... Nc6 8. h3 8... Bh5 9. g4 9... Bg6 10. d3 10...
O-O-O 11. Nh4 11... Rd4 12. Bf3 12... Ne5 13.
Bg2 13... Nfxg4 14. Nb5 14... Ne3 15. Bxe3 15... Rxh4 16. Nxa7 16... Kb8 17. Nb5 17... e6 18.
Bg5 18... Rh5 19. Bf4 19... Bd6 20. d4 20... Nf3 21. Bxf3 21... Rxb5 22. Bxd6 22... cxd6 23. b3 23... Bxc2 24. a4 24... Rxb3 25. Rfc1 25... Rxf3 26. Rxc2 26... Rxh3 27. a5 27... Rc8 28. Rb2 28... Rc6 29. a6 29...
Rc7 30. a7 30... Ka8 31. Kg2 31... Rh4 32. Rb4 32... b5 33. Rxb5 33... Rxa7 34. Rxa7 34... Kxa7 35. Ra5 35... Kb6 36.
Ra4 36... Kb5 37. Ra7 37... Rxd4 38. Rxf7 38... Rg4 39. Kf3 39... h5 40.
Ke3 40... Kc5 41. f3 41... Rg3 42. Rf8 42... e5 43. Ke4 43... h4 44.
Rh8 44... h3 45. f4 45... exf4 46. Kxf4 46... Ra3 47. Rh5 47... Kd4 48.
Kg4 48... d5 49. Kf5 49... Rg3 50. Kf4 50... Ra3 51. Kf5 51... Kc4 52.
Ke5 52... d4 53. Ke4 53... Re3 54. Kf4 54... g6 55. Rh4 55... Kc3 56.
Kg5 56... d3 57. Kxg6 57... d2 58. Rg4 58... d1=Q",1. 0:03:00 1... 0:03:00 2. 0:02:57 2... 0:03:02 3. 0:02:58 3... 0:03:04 4. 0:02:49 4... 0:03:06 5. 0:02:45 5... 0:03:01 6. 0:02:44 6... 0:03:03 7. 0:02:45 7... 0:03:04 8. 0:02:42 8... 0:03:04 9. 0:02:43 9... 0:03:05 10. 0:02:40 10... 0:03:05 11. 0:02:32 11... 0:03:01 12. 0:02:28 12... 0:03:01 13. 0:02:18 13... 0:02:48 14. 0:02:18 14... 0:02:27 15. 0:02:01 15... 0:02:27 16. 0:01:55 16... 0:02:27 17. 0:01:53 17... 0:02:22 18. 0:01:41 18... 0:02:19 19. 0:01:41 19... 0:02:11 20. 0:01:38 20... 0:02:07 21. 0:01:34 21... 0:02:00 22. 0:01:29 22... 0:02:02 23. 0:01:19 23... 0:02:01 24. 0:01:21 24... 0:02:00 25. 0:01:14 25... 0:01:47 26. 0:01:11 26... 0:01:48 27. 0:01:10 27... 0:01:44 28. 0:01:10 28... 0:01:42 29. 0:01:11 29... 0:01:34 30. 0:01:08 30... 0:01:36 31. 0:01:00 31... 0:01:33 32. 0:00:54 32... 0:01:31 33. 0:00:41 33... 0:01:21 34. 0:00:39 34... 0:01:22 35. 0:00:39 35... 0:01:23 36. 0:00:40 36... 0:01:24 37. 0:00:40 37... 0:01:15 38. 0:00:38 38... 0:01:17 39. 0:00:37 39... 0:01:18 40. 0:00:33 40... 0:01:17 41. 0:00:35 41... 0:01:16 42. 0:00:32 42... 0:01:09 43. 0:00:32 43... 0:01:03 44. 0:00:28 44... 0:01:02 45. 0:00:26 45... 0:00:56 46. 0:00:25 46... 0:00:45 47. 0:00:27 47... 0:00:45 48. 0:00:23 48... 0:00:42 49. 0:00:18 49... 0:00:31 50. 0:00:17 50... 0:00:31 51. 0:00:17 51... 0:00:24 52. 0:00:18 52... 0:00:25 53. 0:00:18 53... 0:00:26 54. 0:00:12 54... 0:00:25 55. 0:00:11 55... 0:00:23 56. 0:00:07 56... 0:00:16 57. 0:00:09 57... 0:00:18 58. 0:00:05 58... 0:00:16,
Rated Blitz game,https://lichess.org/EOmIv1wA,2024.08.01,-,tbrooks4,sriniramiah,0-1,2024.08.01,00:07:26,2171,2113,,,B76,"Sicilian Defense: Dragon Variation, Yugoslav Attack, Modern Line",180+2,Normal,"1. e4 1... c5 2. Nf3 2... d6 3. d4 3... cxd4 4. Nxd4 4... Nf6 5.
Nc3 5... g6 6. f3 6...
Bg7 7. Be3 7... O-O 8.
Qd2 8... Nc6 9. O-O-O 9... d5 10. exd5 10... Nxd5 11. Nxc6 11... bxc6 12. Bd4 12... e5 13. Bc5 13... Be6 14. Bxf8 14... Qxf8 15. Kb1 15... Nxc3 16. Qxc3 16... Rb8 17.
b3 17... e4 18. Qa5 18... exf3 19. gxf3 19... Qe7 20. Bd3 20... Qf6 21.
c3 21... Bxb3 22. axb3 22... Rxb3 23. Ka2 23... Rxc3 24. Be4 24... Rc2 25.
Kb3",1. 0:03:00 1... 0:03:00 2. 0:03:00 2... 0:03:01 3. 0:03:02 3... 0:03:02 4. 0:03:04 4... 0:03:02 5. 0:03:05 5... 0:03:03 6. 0:03:07 6... 0:03:04 7. 0:03:08 7... 0:03:05 8. 0:03:10 8... 0:03:05 9. 0:03:11 9... 0:03:06 10. 0:03:07 10... 0:03:06 11. 0:03:09 11... 0:03:06 12. 0:03:09 12... 0:03:06 13. 0:03:10 13... 0:03:05 14. 0:03:10 14... 0:03:04 15. 0:03:03 15... 0:02:59 16. 0:03:04 16... 0:02:59 17. 0:02:36 17... 0:02:56 18. 0:02:36 18... 0:02:51 19. 0:02:34 19... 0:02:48 20. 0:02:28 20... 0:02:48 21. 0:02:26 21... 0:02:45 22. 0:02:25 22... 0:02:45 23. 0:02:26 23... 0:02:41 24. 0:02:23 24... 0:02:36 25. 0:02:09,
Rated Blitz game,https://lichess.org/V79IToVP,2024.08.01,-,Fedorov_Andrey,m_nuruddin_bks,0-1,2024.08.01,00:07:26,1925,1912,,,B21,Sicilian Defense: Smith-Morra Gambit,180+2,Time forfeit,"1. e4 1... c5 2. d4 2... cxd4 3. c3 3... Nc6 4. cxd4 4... g6 5. Nf3 5... Bg7 6. Bc4 6...
e6 7. O-O 7... Nge7 8.
Nc3 8... O-O 9. d5 9... exd5 10. exd5 10... Na5 11. Bb5 11... b6 12.
Bg5 12... h6 13. Bh4 13... g5 14. Bg3 14... d6 15. Ne4 15... Nf5 16.
Rb1 16... Nxg3 17. fxg3 17... f5 18. Nc3 18...
a6 19. Bd3 19... Qc7 20. Rc1 20... Qc5 21. Kh1 21... Qb4 22. Na4 22... Bd7 23. b3 23... Rab8 24. Rc7 24... Rf7 25.
Qc2 25... b5 26. Nc3 26... Be8 27. Rxf7 27... Bxf7 28. Ne2 28... Bxd5 29.
Bxf5 29... Nc6 30. Nd2 30... Re8 31. Nc3 31... Bf7 32. Nce4 32... Nd4 33.
Qd3 33... Nxf5 34. Rxf5 34... Qa3",1. 0:03:00 1... 0:03:00 2. 0:03:00 2... 0:03:01 3. 0:03:02 3... 0:03:03 4. 0:03:02 4... 0:03:05 5. 0:03:03 5... 0:03:06 6. 0:03:04 6... 0:03:06 7. 0:03:04 7... 0:03:08 8. 0:03:04 8... 0:03:07 9. 0:03:01 9... 0:03:01 10. 0:02:55 10... 0:03:01 11. 0:02:31 11... 0:03:02 12. 0:02:27 12... 0:03:01 13. 0:02:19 13... 0:03:01 14. 0:02:21 14... 0:03:03 15. 0:02:17 15... 0:03:01 16. 0:02:08 16... 0:02:52 17. 0:02:00 17... 0:02:54 18. 0:01:51 18... 0:02:52 19. 0:01:42 19... 0:02:27 20. 0:01:34 20... 0:02:25 21. 0:01:33 21... 0:02:26 22. 0:01:21 22... 0:01:47 23. 0:00:45 23... 0:01:09 24. 0:00:31 24... 0:01:02 25. 0:00:24 25... 0:00:59 26. 0:00:16 26... 0:00:55 27. 0:00:15 27... 0:00:56 28. 0:00:10 28... 0:00:47 29. 0:00:10 29... 0:00:38 30. 0:00:07 30... 0:00:34 31. 0:00:06 31... 0:00:33 32. 0:00:04 32... 0:00:28 33. 0:00:04 33... 0:00:28 34. 0:00:04 34... 0:00:25,
Rated Blitz game,https://lichess.org/0OJQv6J1,2024.08.01,-,AntoniuxBlock,josemig020,1-0,2024.08.01,00:07:26,1930,2034,,,C10,"French Defense: Rubinstein Variation, Blackburne Defense",180+2,Normal,"1. e4 1... e6 2. d4 2... d5 3. Nc3 3... dxe4 4. Nxe4 4... Nd7 5.
Bf4 5... Ngf6 6. Bg5 6... Be7 7. Nxf6 7... Nxf6 8. c3 8... O-O 9. Nf3 9... c5 10. dxc5 10...
Bxc5 11. Qxd8 11... Rxd8 12. Bxf6 12... gxf6 13. Bc4 13... Bd7 14. O-O 14... Bc6 15. Ne1 15... Rd2 16. Nd3 16... Be4 17. Rad1 17... Rxd1 18. Rxd1 18... Rd8 19. Kf1 19... a6 20. Ke2 20...
b5 21. Bb3 21... Bxg2 22. Nxc5 22... Rxd1 23. Bxd1",1. 0:03:00 1... 0:03:00 2. 0:03:01 2... 0:03:02 3. 0:02:59 3... 0:03:02 4. 0:03:00 4... 0:03:04 5. 0:02:58 5... 0:03:05 6. 0:02:58 6... 0:03:05 7. 0:02:58 7... 0:03:06 8. 0:02:59 8... 0:03:07 9. 0:03:00 9... 0:03:06 10. 0:02:58 10... 0:03:07 11. 0:02:58 11... 0:03:09 12. 0:02:59 12... 0:03:10 13. 0:02:57 13... 0:03:10 14. 0:02:57 14... 0:03:10 15. 0:02:51 15... 0:03:10 16. 0:02:50 16... 0:03:09 17. 0:02:51 17... 0:02:47 18. 0:02:50 18... 0:02:47 19. 0:02:47 19... 0:02:47 20. 0:02:46 20... 0:02:47 21. 0:02:47 21... 0:02:34 22. 0:02:46 22... 0:02:33 23. 0:02:45,
Rated Blitz game,https://lichess.org/NhVblXKJ,2024.08.01,-,professor_64,MoluscoHungry,1-0,2024.08.01,00:07:26,1879,1868,,,B30,Sicilian Defense: Nyezhmetdinov-Rossolimo Attack,180+2,Normal,"1. e4 1... c5 2. Nf3 2... Nc6 3. Bb5 3... e6 4. b3 4... Nf6 5. Bxc6 5... bxc6 6. e5 6...
Nd5 7. c4 7... Nb6 8.
Nc3 8... d5 9. exd6 9... Bxd6 10. O-O 10... O-O 11. Ne4 11... Bc7 12.
Nxc5 12... Qf6 13. d4 13... Rd8 14. Bb2 14... Qe7 15. Re1 15... f6 16.
Qe2 16... Kh8 17. g3 17... e5 18. Rad1 18... e4 19. Qxe4 19... Qxe4 20. Rxe4 20... Bf5 21. Ree1 21... Re8 22. Kf1 22... Bg4 23. Rxe8 23... Rxe8 24. Re1 24... Rxe1 25. Nxe1 25... Nc8 26. f3 26... Bh3 27. Kf2 27... Nd6 28. Ne6 28... Bb8 29. Nf4 29... Bf5 30.
g4 30... Bb1 31. a3 31... Ba2 32. c5 32... Nb5 33. a4 33... Nc7 34.
b4 34... Na6 35. b5 35... cxb5 36. axb5 36... Nb4 37. Ned3 37... Nc2 38.
d5 38... Bxf4 39. Nxf4 39... Nb4 40. d6 40... g5 41. d7 41... Bg8 42.
d8=Q",1. 0:03:00 1... 0:03:00 2. 0:03:00 2... 0:03:00 3. 0:02:59 3... 0:03:01 4. 0:02:58 4... 0:02:58 5. 0:02:58 5... 0:02:59 6. 0:02:57 6... 0:03:00 7. 0:02:57 7... 0:03:00 8. 0:02:56 8... 0:02:59 9. 0:02:48 9... 0:02:59 10. 0:02:48 10... 0:02:59 11. 0:02:45 11... 0:02:58 12. 0:02:44 12... 0:02:51 13. 0:02:38 13... 0:02:46 14. 0:02:30 14... 0:02:43 15. 0:02:21 15... 0:02:37 16. 0:02:19 16... 0:02:29 17. 0:01:58 17... 0:02:12 18. 0:01:50 18... 0:02:08 19. 0:01:42 19... 0:02:01 20. 0:01:44 20... 0:02:01 21. 0:01:15 21... 0:01:55 22. 0:01:10 22... 0:01:45 23. 0:01:07 23... 0:01:41 24. 0:01:02 24... 0:01:40 25. 0:01:04 25... 0:01:38 26. 0:01:01 26... 0:01:39 27. 0:01:01 27... 0:01:41 28. 0:00:52 28... 0:01:40 29. 0:00:49 29... 0:01:37 30. 0:00:43 30... 0:01:38 31. 0:00:31 31... 0:01:38 32. 0:00:28 32... 0:01:37 33. 0:00:24 33... 0:01:36 34. 0:00:23 34... 0:01:37 35. 0:00:23 35... 0:01:38 36. 0:00:25 36... 0:01:39 37. 0:00:18 37... 0:01:36 38. 0:00:10 38... 0:01:27 39. 0:00:12 39... 0:01:27 40. 0:00:07 40... 0:01:11 41. 0:00:07 41... 0:01:03 42. 0:00:06,
Rated Blitz game,https://lichess.org/qPwbq5EH,2024.08.01,-,MATEUS_CZP,MSM_SMART,0-1,2024.08.01,00:07:26,1216,1126,,,C64,Ruy Lopez: Classical Variation,180+2,Normal,"1. e4 1... e5 2. Nf3 2... Nc6 3. Bb5 3... Bc5 4. O-O 4... h5 5. c3 5... a6 6. Ba4 6... b5 7. Bc2 7... h4 8. d4 8... exd4 9. cxd4 9...
Bd6 10. d5 10... Ne5 11. Nxe5 11... Bxe5 12. h3 12... d6 13. Nc3 13...
Qf6 14. Ne2 14... Qg6 15. g3 15... hxg3 16. fxg3 16... Bxh3 17. Rf3 17... Bg4 18. Re3 18... Qh5 19. Bd3 19... Qh2 20.
Kf1 20... Qh1 21. Ng1 21... Bh3 22. Kf2 22... Qg2 23. Ke1 23... Qxg1 24. Bf1 24... Qxf1 25. Kd2 25... Qf2 26. Re2 26... Qd4 27. Kc2 27... Qc5 28. Kb1 28... a5 29.
Rf2 29... a4 30. Qf3 30... f6 31. Bf4 31... a3 32. Bxe5 32... dxe5 33. b3 33... Qd4 34. g4 34... Nh6 35. Rh2 35... Qg1 36. Kc2 36... Qxh2 37. Kc3 37... Qb2 38.
Kb4 38... Qd4 39. Kxb5 39... Rb8 40. Kc6 40... Qb6",1. 0:03:00 1... 0:03:00 2. 0:03:01 2... 0:03:02 3. 0:03:02 3... 0:03:03 4. 0:03:02 4... 0:03:03 5. 0:03:00 5... 0:03:04 6. 0:03:01 6... 0:03:05 7. 0:03:01 7... 0:03:05 8. 0:03:01 8... 0:03:06 9. 0:03:03 9... 0:03:02 10. 0:02:56 10... 0:03:00 11. 0:02:57 11... 0:03:01 12. 0:02:45 12... 0:03:02 13. 0:02:39 13... 0:02:59 14. 0:02:39 14... 0:02:56 15. 0:02:40 15... 0:02:54 16. 0:02:41 16... 0:02:53 17. 0:02:38 17... 0:02:49 18. 0:02:30 18... 0:02:45 19. 0:02:29 19... 0:02:44 20. 0:02:30 20... 0:02:33 21. 0:02:31 21... 0:02:28 22. 0:02:28 22... 0:02:26 23. 0:02:29 23... 0:02:25 24. 0:02:29 24... 0:02:25 25. 0:02:31 25... 0:02:16 26. 0:02:30 26... 0:02:09 27. 0:02:27 27... 0:02:02 28. 0:02:26 28... 0:01:45 29. 0:02:26 29... 0:01:36 30. 0:02:27 30... 0:01:34 31. 0:02:21 31... 0:01:28 32. 0:02:20 32... 0:01:28 33. 0:02:15 33... 0:01:05 34. 0:02:14 34... 0:00:38 35. 0:02:12 35... 0:00:33 36. 0:02:13 36... 0:00:32 37. 0:02:13 37... 0:00:28 38. 0:02:14 38... 0:00:23 39. 0:02:14 39... 0:00:22 40. 0:02:14 40... 0:00:19,
Rated Blitz game,https://lichess.org/LxCWOtad,2024.08.01,-,Manuelj15,caduzinot,0-1,2024.08.01,00:07:44,1765,1742,,,A40,Horwitz Defense,180+2,Normal,"1. d4 1... e6 2. Bf4 2... d5 3. e3 3... c5 4. c3 4... c4 5. Nf3 5... Nc6 6. Be2 6... f6 7. O-O 7... Bd6 8.
Bxd6 8... Qxd6 9. b3 9... Nge7 10. bxc4 10... g5 11. c5 11... Qc7 12.
Nbd2 12... Ng6 13. h3 13... h5 14. Nh2 14... h4 15. Ng4 15... Qg7 16.
Bb5 16... f5 17. Nh2 17... Bd7 18. Be2 18... e5 19. Bh5 19... e4 20.
Bxg6 20... Qxg6 21. f3 21... O-O 22. fxe4 22... fxe4 23. Rxf8 23... Rxf8 24. Qe2 24... Ne7 25.
Rf1 25... Nf5 26. Nb3 26... Kh7 27. Na5 27... Ng3 28. Qe1 28... Nxf1 29.
Nxf1 29... Qf7 30. Nxb7 30... Bb5 31. Nh2 31... Qxb7 32. Ng4 32... Rf1 33. Qxf1 33... Bxf1 34. Kxf1 34... Qb1 35. Kf2 35... Qxa2 36. Kg1 36... a5",1. 0:03:00 1... 0:03:00 2. 0:03:01 2... 0:03:01 3. 0:03:02 3... 0:03:02 4. 0:03:01 4... 0:03:03 5. 0:03:00 5... 0:03:04 6. 0:03:00 6... 0:03:04 7. 0:03:01 7... 0:03:04 8. 0:03:01 8... 0:03:05 9. 0:03:01 9... 0:03:06 10. 0:03:01 10... 0:02:48 11. 0:03:00 11... 0:02:46 12. 0:03:00 12... 0:02:47 13. 0:02:57 13... 0:02:46 14. 0:02:42 14... 0:02:31 15. 0:02:39 15... 0:02:24 16. 0:02:26 16... 0:02:23 17. 0:02:04 17... 0:02:15 18. 0:02:01 18... 0:01:56 19. 0:01:56 19... 0:01:43 20. 0:01:51 20... 0:01:44 21. 0:01:51 21... 0:01:18 22. 0:01:51 22... 0:01:13 23. 0:01:52 23... 0:01:13 24. 0:01:49 24... 0:01:06 25. 0:01:48 25... 0:01:05 26. 0:01:25 26... 0:00:55 27. 0:01:18 27... 0:00:55 28. 0:00:51 28... 0:00:46 29. 0:00:47 29... 0:00:31 30. 0:00:33 30... 0:00:21 31. 0:00:23 31... 0:00:21 32. 0:00:22 32... 0:00:20 33. 0:00:22 33... 0:00:20 34. 0:00:23 34... 0:00:22 35. 0:00:22 35... 0:00:23 36. 0:00:22 36... 0:00:23,
Rated Blitz game,https://lichess.org/C6x02wW7,2024.08.01,-,scofield777,zendalith,1/2-1/2,2024.08.01,00:07:44,2488,2438,,,A38,"English Opening: Symmetrical Variation, Full Symmetry Line",180+2,Normal,"1. c4 1... c5 2. g3 2... Nf6 3. Bg2 3... g6 4. Nf3 4... Nc6 5. Nc3 5... Bg7 6. d4 6...
cxd4 7. Nxd4 7... Nxd4 8. Qxd4 8... O-O 9. O-O 9... d6 10. Qd2 10...
Be6 11. b3 11... d5 12. cxd5 12... Nxd5 13. Bxd5 13... Bxd5 14. Bb2 14... Bc6 15. Qxd8 15... Rfxd8 16. Rfd1 16... e6 17.
Na4 17... Bxa4 18. Bxg7 18... Kxg7 19. bxa4 19... Rac8 20. Rxd8 20... Rxd8 21. Rb1 21... b6 22.
a5 22... bxa5 23. Rb5 23... Rd5 24. Rxd5 24... exd5 25. Kg2 25... Kf6 26.
Kf3 26... Ke5 27. Ke3 27... d4 28. Kd3 28... Kd5 29. f3 29... f5 30. h3 30... h5 31. h4 31...
a4 32. Kd2 32... Kc4 33. Kc2 33... a6 34. Kd2 34... Kb4 35. Kc2 35... Ka3 36. Kb1 36... Kb4 37. Kc2 37... Kc4 38.
Kd2 38... Kc5 39. Kd3 39... Kd5 40. Kc2 40... Kc4",1. 0:03:00 1... 0:03:00 2. 0:03:01 2... 0:03:01 3. 0:03:02 3... 0:03:02 4. 0:03:00 4... 0:03:02 5. 0:03:00 5... 0:03:03 6. 0:02:53 6... 0:03:04 7. 0:02:54 7... 0:03:05 8. 0:02:55 8... 0:03:07 9. 0:02:55 9... 0:03:09 10. 0:02:46 10... 0:02:43 11. 0:02:46 11... 0:02:39 12. 0:02:01 12... 0:02:39 13. 0:02:02 13... 0:02:27 14. 0:01:52 14... 0:02:24 15. 0:01:47 15... 0:02:24 16. 0:01:49 16... 0:02:04 17. 0:01:44 17... 0:01:51 18. 0:01:44 18... 0:01:36 19. 0:01:42 19... 0:01:24 20. 0:01:26 20... 0:01:26 21. 0:01:27 21... 0:01:21 22. 0:01:20 22... 0:01:19 23. 0:00:47 23... 0:01:17 24. 0:00:43 24... 0:01:17 25. 0:00:44 25... 0:01:15 26. 0:00:46 26... 0:01:15 27. 0:00:47 27... 0:01:12 28. 0:00:48 28... 0:01:14 29. 0:00:41 29... 0:01:12 30. 0:00:37 30... 0:01:06 31. 0:00:35 31... 0:01:04 32. 0:00:17 32... 0:00:59 33. 0:00:18 33... 0:00:43 34. 0:00:18 34... 0:00:43 35. 0:00:18 35... 0:00:32 36. 0:00:18 36... 0:00:26 37. 0:00:19 37... 0:00:27 38. 0:00:21 38... 0:00:22 39. 0:00:19 39... 0:00:23 40. 0:00:20 40... 0:00:11,
Rated Blitz game,https://lichess.org/kkosggWw,2024.08.01,-,Luchoplata,Mr_Ryte72,0-1,2024.08.01,00:07:44,2049,2061,,,C41,Philidor Defense,180+2,Time forfeit,"1. e4 1... e5 2. Nf3 2... d6 3. d3 3... Nc6 4. c4 4... Be6 5. Be3 5... h6 6. h3 6... Nge7 7. Nc3 7... f5 8. a3 8... f4 9. Bd2 9...
Nc8 10. Nd5 10... Nb6 11. b4 11... Bxd5 12. cxd5 12... Ne7 13. Qb3 13... Ng6 14. Be2 14... Be7 15. a4 15... O-O 16.
a5 16... Nd7 17. b5 17... Nc5 18. Qb4 18... Kh7 19. Rc1 19... Bf6 20.
O-O 20... Nh4 21. Qc3 21... Nxf3 22. Bxf3 22... g5 23. Qc2 23... Rc8 24.
Bb4 24... Nd7 25. Bg4 25... Qe8 26. Qc4 26... h5 27. Bf5 27... Kh6 28.
g3 28... Rg8 29. g4 29... Qf7 30. Be6 30... Qg7 31. Bxg8 31... Qxg8 32. Bc5 32... dxc5 33. f3 33... Be7 34. Rf2 34... Bd6 35. Qa4 35... Nf6 36. Rg2 36... Qe8 37.
Rb1 37... Qd7 38. Qd1 38... c6 39. bxc6 39... bxc6 40. a6 40... cxd5 41.
exd5 41... Nxd5 42. Rb7 42... Rc7 43. Qb3 43... Nb6 44. Rb8 44... Qf7 45. Rh8 45... Kg7 46.
Qxf7 46... Kxf7 47. Rxh5 47... Nd5 48. Rxg5 48... Ne3 49. Rb2 49... c4 50. dxc4 50... Rxc4 51. Rb7 51... Kf6 52. Rgg7 52... Bc5",1. 0:03:00 1... 0:03:00 2. 0:03:00 2... 0:03:00 3. 0:03:01 3... 0:03:00 4. 0:03:01 4... 0:03:00 5. 0:03:00 5... 0:02:59 6. 0:03:01 6... 0:02:55 7. 0:03:01 7... 0:02:55 8. 0:02:47 8... 0:02:54 9. 0:02:47 9... 0:02:46 10. 0:02:47 10... 0:02:47 11. 0:02:42 11... 0:02:40 12. 0:02:38 12... 0:02:36 13. 0:02:38 13... 0:02:34 14. 0:02:36 14... 0:02:34 15. 0:02:32 15... 0:02:33 16. 0:02:33 16... 0:02:34 17. 0:02:34 17... 0:02:34 18. 0:02:33 18... 0:02:28 19. 0:02:29 19... 0:02:26 20. 0:02:25 20... 0:02:26 21. 0:01:57 21... 0:02:15 22. 0:01:56 22... 0:02:13 23. 0:01:43 23... 0:02:11 24. 0:01:41 24... 0:02:11 25. 0:01:37 25... 0:02:04 26. 0:01:27 26... 0:02:04 27. 0:01:24 27... 0:02:03 28. 0:01:24 28... 0:01:58 29. 0:01:26 29... 0:01:54 30. 0:01:23 30... 0:01:49 31. 0:01:22 31... 0:01:49 32. 0:01:23 32... 0:01:48 33. 0:00:59 33... 0:01:44 34. 0:00:57 34... 0:01:29 35. 0:00:48 35... 0:01:23 36. 0:00:43 36... 0:01:23 37. 0:00:32 37... 0:01:15 38. 0:00:29 38... 0:01:12 39. 0:00:14 39... 0:01:12 40. 0:00:14 40... 0:01:12 41. 0:00:15 41... 0:01:11 42. 0:00:13 42... 0:01:09 43. 0:00:12 43... 0:00:42 44. 0:00:11 44... 0:00:40 45. 0:00:05 45... 0:00:40 46. 0:00:06 46... 0:00:40 47. 0:00:05 47... 0:00:40 48. 0:00:05 48... 0:00:40 49. 0:00:04 49... 0:00:35 50. 0:00:03 50... 0:00:36 51. 0:00:02 51... 0:00:35 52. 0:00:03 52... 0:00:36,
Rated Blitz game,https://lichess.org/9BWy7YsE,2024.08.01,-,Eys-Man,kKoala1,0-1,2024.08.01,00:07:44,1254,1212,,,D00,Queen's Pawn Game,180+2,Normal,"1. d4 1... d5 2. e3 2... Bf5 3. Qe2 3... e6 4. c3 4... c5 5. dxc5 5... Bxc5 6. b4 6...
Be7 7. f3 7... a6 8.
g4 8... Bg6 9. h4 9...
h6 10. h5 10... Bh7 11. Nh3 11... Nc6 12. Nf2 12... Nf6 13. Bg2 13... O-O 14. O-O 14... a5 15. bxa5 15... Rxa5 16. Rd1 16... Qb6 17. Bd2 17... Rb5 18. a4 18...
Rxb1 19. Rdxb1 19... Bxb1 20. a5 20... Nxa5 21.
Nd3 21... Bxd3 22. Qxd3 22... Nc4 23. Kh2 23... Nxd2 24. Qxd2 24... Nd7 25. Ra2 25... Bc5 26.
e4 26... Be3 27. Qd3 27... Ne5 28. Qe2 28... dxe4 29. fxe4 29... Bg5 30.
Rb2 30... Qc6 31. Rc2 31... Rc8 32. Kh3 32... Qa6 33. Qf2 33... Qa3 34.
Kh2 34... Rxc3 35. Ra2 35... Qc5 36. Ra8 36... Kh7 37. Qxc5 37... Rxc5 38. Rb8 38... Rc2 39. Rxb7 39... Nxg4 40. Kg3 40... Ne3 41. Bf3 41... Rc3 42. Rxf7 42... Nc2 43.
Rf8 43... e5 44. Re8 44... Bf4 45. Kg4 45... Nd4 46. Bg2 46... Rg3 47.
Kh4 47... Rxg2 48. Kh3 48... Re2 49. Ra8 49... Rxe4 50. Ra4 50... Re1 51.
Kg4 51... Rh1",1. 0:03:00 1... 0:03:00 2. 0:03:01 2... 0:03:01 3. 0:03:01 3... 0:03:01 4. 0:03:02 4... 0:03:01 5. 0:03:02 5... 0:03:01 6. 0:03:04 6... 0:03:01 7. 0:03:01 7... 0:02:59 8. 0:03:02 8... 0:02:58 9. 0:03:03 9... 0:02:59 10. 0:03:04 10... 0:02:59 11. 0:03:04 11... 0:02:58 12. 0:03:04 12... 0:02:59 13. 0:02:59 13... 0:02:59 14. 0:02:59 14... 0:02:39 15. 0:02:58 15... 0:02:40 16. 0:02:57 16... 0:02:29 17. 0:02:55 17... 0:02:08 18. 0:02:46 18... 0:02:06 19. 0:02:45 19... 0:02:07 20. 0:02:43 20... 0:01:58 21. 0:02:32 21... 0:01:58 22. 0:02:32 22... 0:01:56 23. 0:02:11 23... 0:01:54 24. 0:02:11 24... 0:01:53 25. 0:02:11 25... 0:01:33 26. 0:02:05 26... 0:01:31 27. 0:02:01 27... 0:01:27 28. 0:01:51 28... 0:01:25 29. 0:01:51 29... 0:01:04 30. 0:01:51 30... 0:01:02 31. 0:01:45 31... 0:00:52 32. 0:01:29 32... 0:00:41 33. 0:01:17 33... 0:00:40 34. 0:01:13 34... 0:00:40 35. 0:01:06 35... 0:00:34 36. 0:00:58 36... 0:00:28 37. 0:00:39 37... 0:00:27 38. 0:00:38 38... 0:00:23 39. 0:00:38 39... 0:00:23 40. 0:00:37 40... 0:00:21 41. 0:00:33 41... 0:00:19 42. 0:00:31 42... 0:00:13 43. 0:00:26 43... 0:00:14 44. 0:00:26 44... 0:00:14 45. 0:00:24 45... 0:00:15 46. 0:00:23 46... 0:00:14 47. 0:00:21 47... 0:00:15 48. 0:00:21 48... 0:00:16 49. 0:00:16 49... 0:00:17 50. 0:00:13 50... 0:00:18 51. 0:00:10 51... 0:00:18,
Rated Blitz game,https://lichess.org/xDZOiBX1,2024.08.01,-,plonker13,rmwise1,1-0,2024.08.01,00:07:44,1518,1467,,,B10,Caro-Kann Defense,180+2,Normal,"1. e4 1... c6 2. Nc3 2... d5 3. f4 3... h5 4. Nf3 4... Bg4 5. Be2 5... dxe4 6. Nxe4 6... Nd7 7. O-O 7... Qb6 8.
Kh1 8... Ngf6 9. Nc3 9... g6 10. d4 10... Bxf3 11. Bxf3 11... O-O-O 12. b3 12... Ng4 13. Bb2 13... Bg7 14. d5 14...
Bxc3 15. Bxc3 15... Rh7 16. Qe2 16... cxd5 17.
Qxe7 17... Nf2 18. Rxf2 18... Qxf2 19. Ba5 19... b6 20. Bb4 20... Qd4 21. c3 21... Qf6 22.
Qe3 22... a5 23. Ba3 23... Qc6 24. Rc1 24... Nf6 25. c4 25... Re8 26.
Qc3 26... dxc4 27. Qxc4 27... Qxc4 28. Rxc4 28... Kb8 29. Bd6 29... Ka7 30. Rc7 30... Kb8 31.
Rb7 31... Ka8 32. Re7 32... Nd5 33. Bxd5",1. 0:03:00 1... 0:03:00 2. 0:03:01 2... 0:03:02 3. 0:03:02 3... 0:02:53 4. 0:03:00 4... 0:02:50 5. 0:03:00 5... 0:02:48 6. 0:03:01 6... 0:02:31 7. 0:02:55 7... 0:02:31 8. 0:02:52 8... 0:02:32 9. 0:02:41 9... 0:02:21 10. 0:02:34 10... 0:02:16 11. 0:02:35 11... 0:02:11 12. 0:02:29 12... 0:02:01 13. 0:02:21 13... 0:01:41 14. 0:02:11 14... 0:01:27 15. 0:02:09 15... 0:01:24 16. 0:01:59 16... 0:01:06 17. 0:01:50 17... 0:00:56 18. 0:01:45 18... 0:00:57 19. 0:01:38 19... 0:00:52 20. 0:01:32 20... 0:00:49 21. 0:01:22 21... 0:00:50 22. 0:01:17 22... 0:00:24 23. 0:01:14 23... 0:00:23 24. 0:01:11 24... 0:00:20 25. 0:01:05 25... 0:00:18 26. 0:00:59 26... 0:00:16 27. 0:00:57 27... 0:00:17 28. 0:00:58 28... 0:00:17 29. 0:00:57 29... 0:00:17 30. 0:00:53 30... 0:00:16 31. 0:00:51 31... 0:00:18 32. 0:00:47 32... 0:00:14 33. 0:00:42,
Rated Blitz game,https://lichess.org/M6nzwFuL,2024.08.01,-,juralius,GAZ2020,0-1,2024.08.01,00:07:44,1096,1103,,,A13,English Opening: Agincourt Defense,180+2,Time forfeit,"1. c4 1... e6 2. e3 2... d5 3. a3 3... b6 4. b4 4... Ba6 5. b5 5... Bc8 6. Nc3 6... a6 7. Qa4 7... Bd7 8. Nf3 8... c6 9. bxa6 9...
Rxa6 10. Qb3 10... Bc5 11. d4 11... Bd6 12. cxd5 12... Ra8 13. Ne5 13... Bxe5 14. dxe5 14... cxd5 15. Nb5 15... Nc6 16.
Nd6 16... Kf8 17. a4 17... Nxe5 18. Ba3 18... Ne7 19. Be2 19... Bxa4 20.
Qb2 20... Bc6 21. Qxe5 21... f6 22. Qb2 22... g5 23. O-O 23... Kg7 24.
Qxb6 24... Qxb6 25. Rfb1 25... Qc7 26. Bd3 26... Rhb8 27. Rxb8 27... Rxb8",1. 0:03:00 1... 0:03:00 2. 0:03:01 2... 0:02:57 3. 0:03:02 3... 0:02:55 4. 0:03:02 4... 0:02:55 5. 0:02:54 5... 0:02:49 6. 0:02:52 6... 0:02:46 7. 0:02:49 7... 0:02:38 8. 0:02:35 8... 0:02:38 9. 0:02:23 9... 0:02:33 10. 0:02:02 10... 0:02:16 11. 0:01:32 11... 0:01:56 12. 0:01:32 12... 0:01:51 13. 0:01:21 13... 0:01:35 14. 0:01:21 14... 0:01:33 15. 0:01:13 15... 0:01:15 16. 0:01:08 16... 0:00:48 17. 0:01:09 17... 0:00:43 18. 0:00:59 18... 0:00:39 19. 0:00:42 19... 0:00:38 20. 0:00:36 20... 0:00:26 21. 0:00:33 21... 0:00:17 22. 0:00:32 22... 0:00:13 23. 0:00:32 23... 0:00:14 24. 0:00:21 24... 0:00:13 25. 0:00:08 25... 0:00:09 26. 0:00:05 26... 0:00:07 27. 0:00:05 27... 0:00:07,
Rated Blitz game,https://lichess.org/IUSlrxSo,2024.08.01,-,vladagros,CleytonMaia,1-0,2024.08.01,00:07:44,1996,1950,,,D43,Semi-Slav Defense,180+2,Normal,"1. Nf3 1... d5 2. c4 2... e6 3. d4 3... c6 4. Nc3 4... Nf6 5. Bg5 5... Be7 6. e3 6... O-O 7. Bd3 7... h6 8. Bf4 8... Nbd7 9. Bb1 9...
dxc4 10. Qc2 10... Re8 11. Be5 11... Nf8 12. g4 12... Nxg4 13. Rg1 13... Nxe5 14. Nxe5 14... Bf6 15. Ng4 15... b5 16.
Nxh6 16... Kh8 17. Nxf7",1. 0:03:00 1... 0:03:00 2. 0:03:00 2... 0:03:00 3. 0:03:01 3... 0:03:00 4. 0:03:01 4... 0:03:01 5. 0:03:01 5... 0:03:02 6. 0:03:02 6... 0:03:02 7. 0:03:02 7... 0:03:03 8. 0:03:00 8... 0:02:59 9. 0:03:00 9... 0:02:58 10. 0:03:00 10... 0:02:55 11. 0:02:57 11... 0:02:53 12. 0:02:53 12... 0:02:43 13. 0:02:50 13... 0:02:42 14. 0:02:50 14... 0:02:39 15. 0:02:47 15... 0:02:26 16. 0:02:46 16... 0:02:23 17. 0:02:45,
Rated Blitz game,https://lichess.org/96fHAPQv,2024.08.01,-,Dananica,LovelyLove,1-0,2024.08.01,00:07:44,1592,1587,,,B50,Sicilian Defense: Modern Variations,180+2,Normal,"1. e4 1... c5 2. Nf3 2... d6 3. Bc4 3... e6 4. O-O 4... Be7 5. Nc3 5... Nc6 6. d4 6... cxd4 7. Nxd4 7... Nf6 8.
Nf3 8... O-O 9. e5 9... dxe5 10. Bb3 10... Qc7 11. Bg5 11... a6 12.
a3 12... Rd8 13. Qe2 13... Nd4 14. Nxd4 14... exd4 15. Bxf6 15... Bxf6 16. Ne4 16... Be5 17. g3 17... Bd7 18. Qg4 18... f5 19. Qxf5 19... Kh8 20. Bxe6 20... Bxe6 21. Qxe6 21... Re8 22. Qd5 22... Qxc2 23. Ng5 23... h6 24. Nf7 24... Kh7 25. Nxe5 25... Qxb2 26. Qe4 26... Kg8 27. Qf4 27... d3 28. Qf7 28... Kh8 29. Ng6 29... Kh7 30. Qf5 30... Kg8 31.
Rab1 31... Qd4 32. Rxb7 32... d2 33. Rd1 33...
Re1 34. Rxe1 34... dxe1=Q 35. Kg2 35... Qdxf2 36. Qxf2 36... Qe4 37. Kh3 37... Qxb7 38. Ne5 38... Qc8 39. Kg2 39... Qf8 40. Qa2 40... Kh8 41.
Ng6 41... Kh7 42. Nxf8 42... Rxf8 43. Qc2 43... Kh8 44. Qc6 44... Rf6 45. Qe8 45... Kh7 46.
Qe2 46... Kg6 47. a4 47... Kh7 48. a5 48... Kg6 49. Kh3 49... Kg5 50.
Qd2 50... Kg6 51. Kg2 51... Kh5 52. h3 52... Kg6 53. g4 53... Kh7 54.
Qd3 54... Kg8 55. Kg3 55... Kf7 56. h4 56... Kg8 57. g5 57... hxg5 58.
hxg5 58... Rf7 59. Qxa6 59... Rd7 60. Qe6 60... Rf7 61. Qxf7 61... Kxf7 62. a6 62... Ke6 63.
a7 63... Kd6 64. g6 64... Kc7 65. a8=Q",1. 0:03:00 1... 0:03:00 2. 0:02:59 2... 0:02:59 3. 0:03:00 3... 0:02:58 4. 0:03:00 4... 0:02:57 5. 0:03:01 5... 0:02:58 6. 0:02:32 6... 0:02:58 7. 0:02:33 7... 0:02:59 8. 0:02:33 8... 0:03:00 9. 0:01:29 9... 0:02:38 10. 0:01:22 10... 0:02:11 11. 0:01:21 11... 0:02:05 12. 0:01:20 12... 0:02:06 13. 0:01:20 13... 0:02:00 14. 0:01:05 14... 0:01:58 15. 0:01:05 15... 0:01:56 16. 0:01:05 16... 0:01:51 17. 0:01:02 17... 0:01:42 18. 0:01:02 18... 0:01:29 19. 0:00:51 19... 0:01:21 20. 0:00:50 20... 0:01:22 21. 0:00:51 21... 0:01:21 22. 0:00:51 22... 0:01:13 23. 0:00:47 23... 0:00:40 24. 0:00:46 24... 0:00:39 25. 0:00:45 25... 0:00:39 26. 0:00:25 26... 0:00:34 27. 0:00:24 27... 0:00:30 28. 0:00:24 28... 0:00:30 29. 0:00:24 29... 0:00:32 30. 0:00:22 30... 0:00:22 31. 0:00:17 31... 0:00:06 32. 0:00:13 32... 0:00:06 33. 0:00:09 33... 0:00:06 34. 0:00:10 34... 0:00:07 35. 0:00:11 35... 0:00:08 36. 0:00:10 36... 0:00:08 37. 0:00:11 37... 0:00:08 38. 0:00:09 38... 0:00:06 39. 0:00:09 39... 0:00:06 40. 0:00:07 40... 0:00:06 41. 0:00:08 41... 0:00:07 42. 0:00:09 42... 0:00:08 43. 0:00:09 43... 0:00:09 44. 0:00:08 44... 0:00:10 45. 0:00:08 45... 0:00:11 46. 0:00:07 46... 0:00:10 47. 0:00:05 47... 0:00:11 48. 0:00:06 48... 0:00:11 49. 0:00:07 49... 0:00:12 50. 0:00:06 50... 0:00:13 51. 0:00:06 51... 0:00:11 52. 0:00:07 52... 0:00:12 53. 0:00:07 53... 0:00:12 54. 0:00:08 54... 0:00:12 55. 0:00:09 55... 0:00:12 56. 0:00:08 56... 0:00:12 57. 0:00:09 57... 0:00:13 58. 0:00:10 58... 0:00:13 59. 0:00:11 59... 0:00:12 60. 0:00:12 60... 0:00:12 61. 0:00:13 61... 0:00:12 62. 0:00:14 62... 0:00:14 63. 0:00:10 63... 0:00:16 64. 0:00:11 64... 0:00:17 65. 0:00:12,
Rated Blitz game,https://lichess.org/tXg50Y5n,2024.08.01,-,Oleggelo17,BlunderKing003,1-0,2024.08.01,00:07:44,2414,2406,,,B21,Sicilian Defense: McDonnell Attack,180+2,Normal,"1. e4 1... c5 2. f4 2... d5 3. exd5 3... Qxd5 4. Nc3 4... Qd8 5. Nf3 5... Nf6 6. Ne5 6...
e6 7. b3 7... Bd6 8.
Bb2 8... O-O 9. Qf3 9... Nbd7 10. Nxd7 10... Bxd7 11. Ne4 11... Nxe4 12.
Qxe4 12... Bc6 13. Qe3 13... Qh4 14. g3 14... Qh6 15. Rg1 15... Qxh2 16.
O-O-O 16... Rac8 17. Bd3 17... b5 18. Be4 18...
Bxe4 19. Qxe4 19... Qh5 20. g4 20... Qd5 21.
Qe3 21... c4 22. Rh1 22... cxb3 23. axb3 23... Rc7 24. Qh3 24... h6 25.
g5 25... Rfc8 26. c3 26... Bxf4 27. gxh6 27... Bxh6 28. Kc2 28... b4 29.
c4 29... Qf5 30. Qxf5 30... exf5 31. Rdg1 31... Kf8 32. d4 32... a5 33. c5 33... Re8 34. Kd3 34... Rce7 35. Kc4 35... Re2 36. Bc1 36... Rc2 37.
Kb5 37... Bxc1 38. Rxc1 38... Rxc1 39. Rxc1 39... Re3 40. c6 40... Re8 41. c7 41... Rc8 42.
Kc6 42... Ke7 43. d5 43... f4 44. d6",1. 0:03:00 1... 0:03:00 2. 0:03:00 2... 0:03:00 3. 0:03:01 3... 0:02:59 4. 0:03:01 4... 0:03:00 5. 0:03:02 5... 0:03:01 6. 0:03:02 6... 0:02:19 7. 0:03:02 7... 0:02:17 8. 0:02:58 8... 0:02:17 9. 0:02:57 9... 0:02:03 10. 0:02:32 10... 0:02:02 11. 0:02:20 11... 0:01:53 12. 0:02:20 12... 0:01:54 13. 0:02:10 13... 0:01:47 14. 0:02:02 14... 0:01:44 15. 0:01:57 15... 0:01:26 16. 0:01:53 16... 0:01:05 17. 0:01:52 17... 0:00:53 18. 0:01:48 18... 0:00:24 19. 0:01:48 19... 0:00:22 20. 0:01:22 20... 0:00:19 21. 0:01:19 21... 0:00:18 22. 0:01:04 22... 0:00:15 23. 0:01:04 23... 0:00:06 24. 0:01:00 24... 0:00:06 25. 0:00:46 25... 0:00:07 26. 0:00:40 26... 0:00:03 27. 0:00:33 27... 0:00:05 28. 0:00:29 28... 0:00:05 29. 0:00:27 29... 0:00:03 30. 0:00:26 30... 0:00:05 31. 0:00:23 31... 0:00:06 32. 0:00:18 32... 0:00:05 33. 0:00:17 33... 0:00:03 34. 0:00:17 34... 0:00:04 35. 0:00:16 35... 0:00:05 36. 0:00:16 36... 0:00:04 37. 0:00:16 37... 0:00:04 38. 0:00:17 38... 0:00:05 39. 0:00:17 39... 0:00:05 40. 0:00:17 40... 0:00:03 41. 0:00:18 41... 0:00:04 42. 0:00:18 42... 0:00:04 43. 0:00:19 43... 0:00:03 44. 0:00:20,
Rated Blitz game,https://lichess.org/CLnZaLCO,2024.08.01,-,ancorachess,AlexejMaximov,1/2-1/2,2024.08.01,00:07:44,2149,2163,,,C46,Three Knights Opening: Steinitz Defense,180+2,Normal,"1. e4 1... e5 2. Nf3 2... Nc6 3. Nc3 3... g6 4. d4 4... exd4 5.
Nxd4 5... Bg7 6. Be3 6... Nge7 7. Qd2 7... O-O 8. O-O-O 8... d6 9. h4 9... h5 10. f3 10...
Nxd4 11. Bxd4 11... Bxd4 12. Qxd4 12... Nc6 13.
Qd2 13... Kg7 14. Be2 14... Be6 15. g4 15... Qf6 16. gxh5 16... gxh5 17. Rhg1 17... Kh8 18. Rg5 18... Qh6 19. f4 19...
Bg4 20. Rg1 20... f6 21. R5xg4 21... hxg4 22. Bxg4 22... Rg8 23. Nd5 23... Rae8 24. Qc3 24... Rxe4 25. Qxf6 25... Qxf6 26. Nxf6 26... Rxf4 27. Nxg8 27... Kxg8 28. Bc8 28... Kf7 29. Bxb7 29... Nd4 30. Ba6 30... Rxh4 31.
c3 31... Nc6 32. Rg2 32... Ne5 33. b3 33... Rg4 34. Rxg4 34... Nxg4 35. Kd2 35... Kf6 36. Kd3 36... Ke5 37. Kc4 37... Ne3 38. Kb5 38... Nd1 39. Kc4 39... Nb2 40.
Kb5 40... Nd1 41. c4 41... Nc3 42. Kc6 42... Nxa2 43. Kxc7 43... Nc1 44.
b4 44... Nd3 45. b5 45... Nc5 46. Kb8 46... Kd4 47. Kxa7 47... Kxc4 48. b6 48... Kb4 49. b7 49... Nxb7 50. Bxb7 50... d5 51. Bxd5",1. 0:03:00 1... 0:03:00 2. 0:03:01 2... 0:02:59 3. 0:03:01 3... 0:02:47 4. 0:03:00 4... 0:02:46 5. 0:03:00 5... 0:02:47 6. 0:03:01 6... 0:02:45 7. 0:03:00 7... 0:02:37 8. 0:03:00 8... 0:02:33 9. 0:03:00 9... 0:02:24 10. 0:02:59 10... 0:02:17 11. 0:03:00 11... 0:02:15 12. 0:02:58 12... 0:02:16 13. 0:02:54 13... 0:02:08 14. 0:02:34 14... 0:01:57 15. 0:02:32 15... 0:01:51 16. 0:02:25 16... 0:01:49 17. 0:02:16 17... 0:01:44 18. 0:02:17 18... 0:01:30 19. 0:01:59 19... 0:01:30 20. 0:01:56 20... 0:01:24 21. 0:01:41 21... 0:01:25 22. 0:01:35 22... 0:01:25 23. 0:01:22 23... 0:00:56 24. 0:01:23 24... 0:00:25 25. 0:01:18 25... 0:00:25 26. 0:01:19 26... 0:00:22 27. 0:01:19 27... 0:00:24 28. 0:01:15 28... 0:00:24 29. 0:01:17 29... 0:00:21 30. 0:01:00 30... 0:00:20 31. 0:00:58 31... 0:00:15 32. 0:00:48 32... 0:00:16 33. 0:00:35 33... 0:00:17 34. 0:00:35 34... 0:00:17 35. 0:00:36 35... 0:00:14 36. 0:00:37 36... 0:00:15 37. 0:00:38 37... 0:00:12 38. 0:00:36 38... 0:00:13 39. 0:00:12 39... 0:00:13 40. 0:00:12 40... 0:00:13 41. 0:00:07 41... 0:00:13 42. 0:00:08 42... 0:00:13 43. 0:00:09 43... 0:00:12 44. 0:00:11 44... 0:00:11 45. 0:00:12 45... 0:00:10 46. 0:00:11 46... 0:00:08 47. 0:00:12 47... 0:00:09 48. 0:00:12 48... 0:00:09 49. 0:00:11 49... 0:00:09 50. 0:00:13 50... 0:00:10 51. 0:00:12,
Rated Blitz game,https://lichess.org/toZnm1wC,2024.08.01,-,Doctorchess3,captan64,1-0,2024.08.01,00:07:39,2068,2210,,,A00,Van Geet Opening,180+2,Normal,"1. Nc3 1... c6 2. Nf3 2... d5 3. d4 3... g6 4. g3 4... Bg7 5. Bg2 5... Nf6 6. O-O 6... O-O 7. Re1 7... Bf5 8. Nh4 8... e6 9. Bg5 9... h6 10. Bxf6 10... Qxf6 11. Nxf5 11... exf5 12. e3 12... Re8 13. Na4 13... Na6 14. a3 14... Re7 15. b4 15... Nc7 16.
Nc5 16... Nb5 17. Qd3 17... Rae8 18. a4 18... Nxd4 19. Nxb7 19... Rxb7 20. exd4 20... Rxe1 21. Rxe1 21... Qxd4 22. Re8 22... Kh7 23. Qe2 23... Qxb4 24. h4 24... h5 25.
Bf3 25... Qxa4 26. Bxh5 26... Qe4 27. Bxg6 27... Kxg6 28. h5 28... Kf6 29. Rxe4 29... fxe4 30. Qg4 30... Bh6 31. Qc8 31... Rb6 32. Qd8 32... Ke6 33. Qc8 33... Kf6 34. g4 34... Kg5 35.
Qf5 35... Kh4 36. Kg2 36... Rb2 37. g5 37... Bxg5 38. Qh3",1. 0:03:00 1... 0:03:00 2. 0:02:54 2... 0:03:01 3. 0:02:38 3... 0:03:00 4. 0:02:29 4... 0:02:59 5. 0:02:31 5... 0:02:58 6. 0:02:29 6... 0:02:58 7. 0:02:30 7... 0:02:52 8. 0:01:56 8... 0:02:42 9. 0:01:45 9... 0:02:40 10. 0:01:44 10... 0:02:40 11. 0:01:46 11... 0:02:36 12. 0:01:43 12... 0:02:29 13. 0:01:34 13... 0:02:25 14. 0:01:29 14... 0:02:24 15. 0:01:23 15... 0:02:24 16. 0:01:23 16... 0:02:24 17. 0:01:17 17... 0:02:21 18. 0:01:13 18... 0:02:15 19. 0:00:46 19... 0:02:15 20. 0:00:47 20... 0:02:12 21. 0:00:49 21... 0:02:08 22. 0:00:39 22... 0:02:08 23. 0:00:24 23... 0:02:01 24. 0:00:18 24... 0:01:59 25. 0:00:16 25... 0:01:48 26. 0:00:12 26... 0:01:43 27. 0:00:09 27... 0:01:41 28. 0:00:08 28... 0:01:39 29. 0:00:09 29... 0:01:36 30. 0:00:09 30... 0:01:31 31. 0:00:09 31... 0:01:27 32. 0:00:07 32... 0:01:26 33. 0:00:06 33... 0:01:23 34. 0:00:06 34... 0:01:08 35. 0:00:05 35... 0:01:07 36. 0:00:06 36... 0:01:00 37. 0:00:05 37... 0:01:00 38. 0:00:04,
Rated Blitz game,https://lichess.org/ZsPuLEgH,2024.08.01,-,yanise,constine,0-1,2024.08.01,00:07:39,1872,1926,,,B40,"Sicilian Defense: Delayed Alapin Variation, with e6",180+2,Normal,"1. e4 1... c5 2. Nf3 2... e6 3. c3 3... a6 4. Bd3 4... b5 5. Bc2 5... Bb7 6. O-O 6... Qc7 7. Re1 7... Nf6 8. d4 8... cxd4 9. cxd4 9...
Nc6 10. Bg5 10... Be7 11. d5 11... Ne5 12. Nxe5 12... Qxe5 13. dxe6 13... Qxg5 14. exf7 14... Kxf7 15. Bb3 15... Ke8 16.
e5 16... Qxg2",1. 0:03:00 1... 0:03:00 2. 0:03:00 2... 0:03:01 3. 0:03:00 3... 0:03:02 4. 0:02:59 4... 0:03:01 5. 0:02:59 5... 0:03:01 6. 0:02:58 6... 0:03:01 7. 0:02:59 7... 0:03:02 8. 0:03:00 8... 0:03:03 9. 0:03:01 9... 0:03:01 10. 0:03:00 10... 0:03:00 11. 0:02:59 11... 0:02:58 12. 0:02:58 12... 0:02:59 13. 0:02:57 13... 0:02:53 14. 0:02:39 14... 0:02:43 15. 0:02:37 15... 0:02:44 16. 0:02:37 16... 0:02:42,
Rated Blitz game,https://lichess.org/CcV17UZn,2024.08.01,-,juliocrv3,funmak,0-1,2024.08.01,00:08:00,1978,1976,,,B00,Owen Defense,180+2,Normal,"1. e4 1... b6 2. d4 2... Bb7 3. Nc3 3... g6 4. Bf4 4... Bg7 5. Nf3 5... d6 6. Bd3 6...
Nd7 7. Qd2 7... e5 8.
dxe5 8... Nxe5 9. Nxe5 9... dxe5 10. Bg3 10... Nf6 11. O-O 11... O-O 12.
Rad1 12... Qe7 13. Qe2 13... Nh5 14. Nd5 14... Bxd5 15. exd5 15... Nxg3 16. hxg3 16... Rad8 17. c4 17... Qc5 18. b3 18...
Rfe8 19. Qe3 19... Qa3 20. Rd2 20... e4 21. g4 21... exd3",1. 0:03:00 1... 0:03:00 2. 0:03:00 2... 0:03:01 3. 0:03:01 3... 0:03:01 4. 0:03:01 4... 0:03:02 5. 0:03:02 5... 0:02:57 6. 0:03:02 6... 0:02:55 7. 0:03:02 7... 0:02:54 8. 0:02:58 8... 0:02:39 9. 0:02:58 9... 0:02:41 10. 0:02:53 10... 0:02:35 11. 0:02:51 11... 0:02:35 12. 0:02:50 12... 0:02:30 13. 0:02:51 13... 0:02:24 14. 0:02:44 14... 0:02:22 15. 0:02:45 15... 0:02:16 16. 0:02:41 16... 0:02:01 17. 0:02:27 17... 0:01:57 18. 0:02:22 18... 0:01:55 19. 0:02:15 19... 0:01:48 20. 0:02:03 20... 0:01:46 21. 0:01:59 21... 0:01:41,
Rated Blitz game,https://lichess.org/CnPWFkmt,2024.08.01,-,Robin_10111,gatolandia,1-0,2024.08.01,00:08:00,1552,1605,,,C41,Philidor Defense,180+2,Normal,"1. e4 1... e5 2. Nf3 2... d6 3. d4 3... Be7 4. dxe5 4... dxe5 5. Qxd8 5... Bxd8 6. Nxe5 6...
Nf6 7. Nc3 7... O-O 8.
Bd3 8... Nbd7 9. Nxd7 9... Bxd7 10. O-O 10... Bc6 11. h3 11... Re8 12.
Re1 12... Re5 13. Bf4 13... Re6 14. Bc4 14... Re8 15. e5 15... Nh5 16.
Bh2 16... Bg5 17. e6 17... fxe6 18. Rxe6 18... Rxe6 19. Bxe6 19... Kh8 20. Bxc7 20... Re8 21. Bg4 21... Nf4 22. Bxf4 22... Bxf4 23. Rd1 23... a6 24. Na4 24... h6 25.
Nc5 25... Re5 26. Nd3 26... Rd5 27. Nxf4 27... Rxd1 28. Bxd1 28... Kg8 29.
Nd3 29... Kf7 30. f3 30... Ke6 31. Kf2 31... Kd5 32. Ke3 32... Kc4 33.
Ne5 33... Kd5 34. Nxc6 34... Kxc6 35. Kd4 35... b5 36. Be2 36... g5 37. b3 37... a5 38. a3 38... b4 39. axb4 39... axb4 40. Kc4",1. 0:03:00 1... 0:03:00 2. 0:03:01 2... 0:03:01 3. 0:03:02 3... 0:03:03 4. 0:03:03 4... 0:03:05 5. 0:03:03 5... 0:03:07 6. 0:03:04 6... 0:03:06 7. 0:03:02 7... 0:03:07 8. 0:03:01 8... 0:03:04 9. 0:02:59 9... 0:03:06 10. 0:03:00 10... 0:03:04 11. 0:02:44 11... 0:03:05 12. 0:02:45 12... 0:03:04 13. 0:02:37 13... 0:02:51 14. 0:02:32 14... 0:02:38 15. 0:02:32 15... 0:02:35 16. 0:02:32 16... 0:02:30 17. 0:02:28 17... 0:02:29 18. 0:02:29 18... 0:02:26 19. 0:02:29 19... 0:02:27 20. 0:02:29 20... 0:02:23 21. 0:02:22 21... 0:02:24 22. 0:02:16 22... 0:02:24 23. 0:01:57 23... 0:02:24 24. 0:01:50 24... 0:02:23 25. 0:01:48 25... 0:02:15 26. 0:01:38 26... 0:02:13 27. 0:01:36 27... 0:02:06 28. 0:01:37 28... 0:02:06 29. 0:01:30 29... 0:02:07 30. 0:01:30 30... 0:02:08 31. 0:01:31 31... 0:02:09 32. 0:01:31 32... 0:01:58 33. 0:01:31 33... 0:01:59 34. 0:01:31 34... 0:01:59 35. 0:01:28 35... 0:01:57 36. 0:01:28 36... 0:01:58 37. 0:01:26 37... 0:01:58 38. 0:01:20 38... 0:01:58 39. 0:01:18 39... 0:02:00 40. 0:01:18,
Rated Blitz game,https://lichess.org/RWA38LwH,2024.08.01,-,d14,pinouchon,1-0,2024.08.01,00:08:00,1491,1414,,,B12,"Caro-Kann Defense: Advance Variation, Bayonet Attack",180+2,Normal,"1. e4 1... c6 2. d4 2... d5 3. e5 3... Bf5 4. g4 4... Be4 5. f3 5... Bg6 6. h4 6... h6 7. h5 7... Bh7 8. Bd3 8... Bxd3 9. Qxd3 9... Qb6 10. Ne2 10... e6 11.
f4 11... Nd7 12. f5 12... exf5 13. gxf5 13... c5 14. e6 14... Ndf6 15.
exf7 15... Kxf7 16. Nbc3 16... cxd4 17. Nxd4 17... Re8 18. Nde2 18... Bb4 19. Bd2 19... Bxc3 20.
Bxc3 20... Ne7 21. O-O-O 21... Nxf5 22. Qxf5 22... Qe3 23. Bd2 23... Qxe2 24. Rhe1 24... Qxh5 25. Qxh5 25... Nxh5 26. Rxe8 26... Rxe8 27. a4 27... Kg8 28. b4 28... Re4 29. c3 29... Nf4 30.
Rf1 30... Nd3 31. Kc2 31... Ne5 32. Bf4 32... Nc4 33. Bb8 33... a6 34.
Ba7 34... Ne3 35. Bxe3 35... Rxe3 36. Rf5 36... Re2 37. Kd3 37... Ra2 38. a5 38... Rg2 39.
Rxd5 39... Rg3 40. Kd4 40... Rg4 41. Kc5 41... Rg5 42. c4 42... Rxd5 43. cxd5 43... Kf8 44.
Kd6 44... Ke8 45. Kc7 45... h5 46. d6 46... h4 47. d7 47... Kf7 48.
d8=Q 48... h3 49. Qd7 49... Kf6 50. Qxh3",1. 0:03:00 1... 0:03:00 2. 0:03:01 2... 0:03:02 3. 0:03:02 3... 0:03:03 4. 0:03:02 4... 0:02:59 5. 0:03:02 5... 0:02:55 6. 0:03:02 6... 0:02:47 7. 0:03:03 7... 0:02:48 8. 0:03:04 8... 0:02:44 9. 0:03:06 9... 0:02:37 10. 0:03:02 10... 0:02:30 11. 0:03:00 11... 0:02:26 12. 0:02:58 12... 0:02:18 13. 0:03:00 13... 0:02:14 14. 0:02:57 14... 0:02:03 15. 0:02:47 15... 0:02:05 16. 0:02:40 16... 0:01:55 17. 0:02:33 17... 0:01:50 18. 0:02:34 18... 0:01:44 19. 0:02:28 19... 0:01:29 20. 0:02:30 20... 0:01:13 21. 0:02:23 21... 0:00:44 22. 0:02:17 22... 0:00:44 23. 0:02:05 23... 0:00:44 24. 0:02:03 24... 0:00:36 25. 0:01:46 25... 0:00:36 26. 0:01:42 26... 0:00:38 27. 0:01:42 27... 0:00:35 28. 0:01:41 28... 0:00:28 29. 0:01:41 29... 0:00:23 30. 0:01:40 30... 0:00:22 31. 0:01:41 31... 0:00:20 32. 0:01:33 32... 0:00:14 33. 0:01:28 33... 0:00:12 34. 0:01:27 34... 0:00:08 35. 0:01:25 35... 0:00:10 36. 0:01:23 36... 0:00:07 37. 0:01:22 37... 0:00:05 38. 0:01:22 38... 0:00:03 39. 0:01:22 39... 0:00:05 40. 0:01:23 40... 0:00:03 41. 0:01:22 41... 0:00:04 42. 0:01:18 42... 0:00:05 43. 0:01:18 43... 0:00:06 44. 0:01:16 44... 0:00:07 45. 0:01:14 45... 0:00:07 46. 0:01:14 46... 0:00:03 47. 0:01:15 47... 0:00:04 48. 0:01:16 48... 0:00:05 49. 0:01:15 49... 0:00:04 50. 0:01:17,
Rated Blitz game,https://lichess.org/PFuLjOz7,2024.08.01,-,Joemann789,scourgiou,0-1,2024.08.01,00:08:00,1206,1263,,,C22,Center Game: Normal Variation,180+2,Normal,"1. e4 1... e5 2. d4 2... exd4 3. Qxd4 3... Nc6 4. Qd1 4... Bc5 5. Nf3 5... d6 6. Bg5 6... f6 7. Bd2 7... Bg4 8. Nc3 8... Qd7 9. h3 9...
Bh5 10. Qe2 10... O-O-O 11. O-O-O 11... Nd4 12. Qd3 12... Nxf3 13. gxf3 13... Bxf2 14. Be2 14... Ne7 15. Rdf1 15... Bh4 16. Rhg1 16... g5 17.
f4 17... Bxe2 18. Qxe2 18... Qxh3 19. fxg5 19... fxg5 20. Bxg5 20... Bxg5 21. Rxg5 21... Qh6 22. Rg1 22... Rdg8 23. Qg2 23... Rxg5 24. Qxg5 24... Qxg5 25. Rxg5 25... h5 26.
Ne2 26... Nc6 27. b3 27... Ne5 28. Nf4 28... Nf3 29. Rxh5 29... Rxh5 30. Nxh5 30... Ng5 31. Ng3 31... Kd7 32. Kd2 32... Ke6 33. Ke3 33... Ke5 34. c4 34... c5 35. a4 35... a5 36. Kd3 36...
Ne6 37. Nf5 37... Nd4 38. Nxd4 38... cxd4 39. b4 39... axb4 40. a5 40... b3 41. c5 41... dxc5 42. a6 42... bxa6 43.
Kc4 43... Kxe4 44. Kxb3 44... Kd5 45. Ka4 45... Kc6 46. Ka5 46... Kb7 47. Ka4 47... Kb6 48.
Kb3 48... Kb5 49. Ka3 49... Kc4 50. Kb2 50... Kb4 51. Kc2 51... c4 52.
Kb2 52... a5 53. Kc2 53... a4 54. Kb2 54... d3 55. Kc1 55... Kc3 56.
Kd1 56... a3 57. Kc1 57... a2 58. Kd1 58... a1=Q",1. 0:03:00 1... 0:03:00 2. 0:03:00 2... 0:03:00 3. 0:03:00 3... 0:03:02 4. 0:03:00 4... 0:02:53 5. 0:03:00 5... 0:02:53 6. 0:02:55 6... 0:02:44 7. 0:02:47 7... 0:02:37 8. 0:02:47 8... 0:02:24 9. 0:02:47 9... 0:02:25 10. 0:02:39 10... 0:02:16 11. 0:02:27 11... 0:01:54 12. 0:02:13 12... 0:01:39 13. 0:02:08 13... 0:01:34 14. 0:02:06 14... 0:01:10 15. 0:01:57 15... 0:01:04 16. 0:01:55 16... 0:00:56 17. 0:01:41 17... 0:00:53 18. 0:01:42 18... 0:00:40 19. 0:01:36 19... 0:00:20 20. 0:01:37 20... 0:00:20 21. 0:01:38 21... 0:00:13 22. 0:01:31 22... 0:00:09 23. 0:01:21 23... 0:00:08 24. 0:01:22 24... 0:00:08 25. 0:01:23 25... 0:00:07 26. 0:01:22 26... 0:00:05 27. 0:01:22 27... 0:00:04 28. 0:01:19 28... 0:00:04 29. 0:01:17 29... 0:00:03 30. 0:01:17 30... 0:00:03 31. 0:01:14 31... 0:00:03 32. 0:01:13 32... 0:00:04 33. 0:01:14 33... 0:00:04 34. 0:01:14 34... 0:00:04 35. 0:01:14 35... 0:00:05 36. 0:01:12 36... 0:00:05 37. 0:01:08 37... 0:00:03 38. 0:01:03 38... 0:00:05 39. 0:00:30 39... 0:00:06 40. 0:00:30 40... 0:00:05 41. 0:00:28 41... 0:00:06 42. 0:00:25 42... 0:00:06 43. 0:00:26 43... 0:00:06 44. 0:00:27 44... 0:00:07 45. 0:00:27 45... 0:00:07 46. 0:00:28 46... 0:00:07 47. 0:00:28 47... 0:00:08 48. 0:00:29 48... 0:00:09 49. 0:00:28 49... 0:00:07 50. 0:00:28 50... 0:00:06 51. 0:00:18 51... 0:00:06 52. 0:00:19 52... 0:00:07 53. 0:00:20 53... 0:00:08 54. 0:00:21 54... 0:00:08 55. 0:00:22 55... 0:00:08 56. 0:00:22 56... 0:00:09 57. 0:00:23 57... 0:00:09 58. 0:00:23 58... 0:00:07,
Rated Blitz game,https://lichess.org/4aDGfnZl,2024.08.01,-,zermed,ktami31,1-0,2024.08.01,00:08:00,1965,1963,,,B30,Sicilian Defense: Old Sicilian,180+2,Normal,"1. e4 1... c5 2. Nf3 2... Nc6 3. Bc4 3... e6 4. c3 4... Nge7 5. d3 5... g6 6. O-O 6... a6 7. Re1 7... Bg7 8. Bg5 8... b5 9. Bb3 9...
O-O 10. Nbd2 10... Bb7 11. h3 11... h6 12. Bh4 12... Re8 13. Rc1 13... Qc7 14. Bg3 14... d6 15. d4 15... cxd4 16.
cxd4 16... Qd7 17. Nf1 17... Na5 18. Bc2 18... Nc4 19. b3 19... Nb6 20.
Ne3 20... d5 21. e5 21... Kh7 22. Ng4 22... Nf5 23. Bf4 23... Rac8 24.
Bb1 24... Rxc1 25. Qxc1 25... h5 26. Ng5 26... Kg8 27. Nf6 27... Bxf6 28. exf6 28... Nxd4 29. Be5 29... Rc8 30. Qf4 30... Nf5 31. Nf3 31... Kh7 32. Bxf5 32... exf5 33. Ng5 33... Kg8 34.
Bd4 34... Qc7 35. Qxc7 35... Rxc7 36. Re8",1. 0:03:00 1... 0:03:00 2. 0:03:00 2... 0:02:58 3. 0:03:01 3... 0:02:59 4. 0:03:01 4... 0:02:59 5. 0:03:02 5... 0:03:00 6. 0:03:02 6... 0:03:01 7. 0:03:03 7... 0:03:02 8. 0:03:02 8... 0:03:03 9. 0:03:03 9... 0:03:03 10. 0:02:59 10... 0:03:03 11. 0:02:59 11... 0:03:04 12. 0:02:59 12... 0:03:03 13. 0:02:56 13... 0:03:04 14. 0:02:53 14... 0:03:03 15. 0:02:51 15... 0:03:04 16. 0:02:51 16... 0:03:03 17. 0:02:45 17... 0:03:02 18. 0:02:45 18... 0:03:02 19. 0:02:43 19... 0:03:01 20. 0:02:32 20... 0:03:01 21. 0:02:30 21... 0:02:59 22. 0:02:29 22... 0:02:54 23. 0:02:00 23... 0:02:45 24. 0:01:56 24... 0:02:43 25. 0:01:57 25... 0:02:38 26. 0:01:50 26... 0:02:33 27. 0:01:17 27... 0:02:14 28. 0:01:18 28... 0:02:05 29. 0:01:18 29... 0:01:47 30. 0:01:05 30... 0:01:41 31. 0:01:01 31... 0:01:39 32. 0:00:58 32... 0:01:38 33. 0:00:54 33... 0:01:32 34. 0:00:49 34... 0:01:25 35. 0:00:46 35... 0:01:24 36. 0:00:45,
Rated Blitz game,https://lichess.org/k5R6XPkF,2024.08.01,-,mag64,allansteele3030,0-1,2024.08.01,00:08:00,1530,1540,,,B30,Sicilian Defense: Nyezhmetdinov-Rossolimo Attack,180+2,Time forfeit,"1. e4 1... c5 2. Nf3 2... Nc6 3. Bb5 3... Nf6 4. Nc3 4... g6 5. a3 5... d6 6. d3 6... Nd7 7. Bxc6 7... bxc6 8.
h4 8... Nb6 9. h5 9...
Bg4 10. hxg6 10... fxg6 11. Bg5 11... Bg7 12.
Qd2 12... Nd7 13. Qf4 13... Bxf3 14. Qxf3 14... Ne5 15. Qg3 15... Qd7 16.
Rh4 16... Kd8 17. f4 17... Nf7 18. O-O-O 18... Nxg5 19. fxg5 19... Bxc3 20. bxc3 20... Rb8 21. e5 21... d5 22. d4 22...
c4 23. Rf4 23... e6 24. Rdf1 24... Re8 25. Qf2 25... Qb7 26. Kd2 26... Qe7 27. Qh4 27... a5 28. Rf7 28... Qxa3 29.
Qxh7 29... Re7 30. Qg8 30... Kc7 31. Qxg6 31... Re8 32. Qf6 32... Kd7 33. g6 33... Qb2 34.
Qg5 34... a4 35. g7 35... Qb8 36. Rf8 36... a3 37. Rxe8 37... Qxe8 38. Rf8 38... Rxg7 39. Qxg7 39... Qe7 40. Rf7 40... Qxf7 41. Qf8 41... Qxf8",1. 0:03:00 1... 0:03:00 2. 0:03:00 2... 0:03:01 3. 0:02:59 3... 0:02:59 4. 0:02:49 4... 0:02:53 5. 0:02:49 5... 0:02:53 6. 0:02:47 6... 0:02:53 7. 0:02:46 7... 0:02:54 8. 0:02:41 8... 0:02:52 9. 0:02:39 9... 0:02:48 10. 0:02:38 10... 0:02:49 11. 0:02:28 11... 0:02:48 12. 0:02:22 12... 0:02:33 13. 0:02:14 13... 0:02:33 14. 0:01:58 14... 0:02:32 15. 0:01:55 15... 0:02:27 16. 0:01:54 16... 0:02:19 17. 0:01:53 17... 0:02:20 18. 0:01:45 18... 0:02:17 19. 0:01:45 19... 0:02:16 20. 0:01:45 20... 0:02:17 21. 0:01:35 21... 0:01:52 22. 0:01:27 22... 0:01:48 23. 0:01:21 23... 0:01:48 24. 0:01:19 24... 0:01:46 25. 0:01:07 25... 0:01:26 26. 0:01:00 26... 0:01:13 27. 0:00:56 27... 0:01:02 28. 0:00:55 28... 0:01:01 29. 0:00:52 29... 0:00:41 30. 0:00:47 30... 0:00:41 31. 0:00:37 31... 0:00:30 32. 0:00:26 32... 0:00:28 33. 0:00:26 33... 0:00:24 34. 0:00:18 34... 0:00:19 35. 0:00:18 35... 0:00:20 36. 0:00:11 36... 0:00:15 37. 0:00:05 37... 0:00:16 38. 0:00:03 38... 0:00:11 39. 0:00:02 39... 0:00:13 40. 0:00:03 40... 0:00:11 41. 0:00:03 41... 0:00:12,
Rated Blitz game,https://lichess.org/e9SRwFQT,2024.08.01,-,Lc_pereira,David_D_C,1-0,2024.08.01,00:08:00,1193,1121,,,B30,Sicilian Defense: Nyezhmetdinov-Rossolimo Attack,180+2,Normal,"1. e4 1... c5 2. Nf3 2... Nc6 3. Bb5 3... d5 4. exd5 4... a6 5. Bxc6 5...
bxc6 6. dxc6 6... Bg4 7. O-O 7... Bxf3 8.
Qxf3 8... e5 9. d3 9... Bd6 10. Re1 10... Nf6 11. Nc3 11... Qa5 12. c7 12... Bxc7 13. Qxa8 13...
Bd8 14. Rxe5 14... Kf8 15. Qc6",1. 0:03:00 0. 0:03:00 1... 0:03:01 0. 0:03:01 2. 0:03:01 0. 0:03:02 2... 0:03:02 0. 0:02:57 3. 0:03:02 0. 0:02:58 3... 0:03:03 0. 0:02:55 4. 0:03:02 0. 0:02:56 4... 0:03:02 1. 0:02:57 5. 0:03:03 1. 0:02:58 5... 0:03:03 1. 0:02:58 6. 0:03:04 1. 0:02:55 6... 0:02:55 1. 0:02:54 7. 0:02:55 1. 0:02:53 7... 0:02:48 2. 0:02:48 8. 0:02:31,
Rated Blitz game,https://lichess.org/mCx4e2vP,2024.08.01,-,EikeW95,thehikingbadger,1-0,2024.08.01,00:08:00,1331,1332,,,A11,English Opening: Caro-Kann Defensive System,180+2,Time forfeit,"1. c4 1... c6 2. g3 2... d5 3. b3 3... Bg4 4. d4 4... Qd7 5. Bg2 5... Nf6 6. Nc3 6... Na6 7. h3 7... Bf5 8. e3 8... Rd8 9. Nf3 9...
Nb4 10. Ne5 10... Qc8 11. Kf1 11... Nd7 12. Nxd7 12... Qxd7 13. e4 13... dxe4 14. Be3 14... e5 15. Nxe4 15... Bxe4 16. Bxe4 16... exd4 17. Bd2 17... d3 18. Bxb4 18... Bxb4 19. a3 19... Bc3 20. Ra2 20... Bd4 21.
Rd2 21... O-O 22. Bxd3 22... Qe7 23. Bxh7 23... Kxh7 24. Rxd4 24... Rxd4 25. Qxd4 25... Qxa3 26. Kg2 26... Kg8 27. Qd3",1. 0:03:00 1... 0:03:00 2. 0:03:01 2... 0:03:02 3. 0:03:01 3... 0:02:57 4. 0:03:01 4... 0:02:55 5. 0:03:01 5... 0:02:52 6. 0:02:56 6... 0:02:43 7. 0:02:57 7... 0:02:41 8. 0:02:56 8... 0:02:35 9. 0:02:40 9... 0:02:13 10. 0:02:22 10... 0:02:01 11. 0:01:21 11... 0:01:58 12. 0:01:17 12... 0:01:56 13. 0:01:18 13... 0:01:35 14. 0:01:16 14... 0:01:20 15. 0:00:59 15... 0:00:58 16. 0:00:59 16... 0:00:59 17. 0:00:54 17... 0:00:35 18. 0:00:49 18... 0:00:34 19. 0:00:47 19... 0:00:24 20. 0:00:47 20... 0:00:25 21. 0:00:43 21... 0:00:21 22. 0:00:43 22... 0:00:14 23. 0:00:35 23... 0:00:10 24. 0:00:37 24... 0:00:05 25. 0:00:39 25... 0:00:03 26. 0:00:40 26... 0:00:02 27. 0:00:32,
Rated Blitz game,https://lichess.org/dSvZ7pA0,2024.08.01,-,masslove,Laskapakine,1-0,2024.08.01,00:08:00,2203,2175,,,A43,Benoni Defense: Old Benoni,180+2,Normal,"1. d4 1... c5 2. d5 2... d6 3. Nc3 3... Nf6 4. e4 4... g6 5. Be2 5... Bg7 6. Bg5 6... O-O 7. Nf3 7... Nbd7 8. O-O 8... a6 9. a4 9... b6 10. Nd2 10...
Rb8 11. f4 11... h6 12. Bh4 12... e6 13.
Nc4 13... Qc7 14. e5 14...
dxe5 15. d6 15... Qd8 16. fxe5 16... g5 17.
exf6 17... Bxf6 18. Bg3 18... b5 19. axb5 19... axb5 20. Na5 20...
Qb6 21. Bxb5 21... Bxc3 22. bxc3 22... Qxb5 23.
Qh5 23... Kg7 24. h4 24... c4 25. Rfb1 25... Qxb1 26. Rxb1 26... Rxb1 27.
Kh2 27... Nf6 28. Qf3 28... Ra1 29. Be5",1. 0:03:00 0. 0:03:00 1... 0:03:01 0. 0:03:01 2. 0:03:02 0. 0:03:02 2... 0:03:03 0. 0:03:04 3. 0:03:04 0. 0:03:05 3... 0:03:04 0. 0:03:06 4. 0:03:05 0. 0:03:06 4... 0:02:59 0. 0:03:07 5. 0:02:59 0. 0:03:05 5... 0:02:56 0. 0:03:00 6. 0:02:51 0. 0:03:00 6... 0:02:51 0. 0:02:50 7. 0:02:18 0. 0:02:42 7... 0:02:16 0. 0:02:41 8. 0:02:17 1. 0:02:32 8... 0:02:17 1. 0:02:23 9. 0:02:16 0. 0:02:20 9... 0:01:52 1. 0:02:21 10. 0:01:49 1. 0:02:22 10... 0:01:40 1. 0:01:57 11. 0:01:23 0. 0:01:55 11... 0:01:01 1. 0:01:55 12. 0:00:56 1. 0:01:54 12... 0:00:38 2. 0:01:39 13. 0:00:35 2. 0:01:37 13... 0:00:36 3. 0:01:38 14. 0:00:38 2. 0:01:36 14... 0:00:35 2. 0:00:41 15. 0:00:26,
Rated Blitz game,https://lichess.org/FEWdsvFY,2024.08.01,-,MohammedMajed,GabFromDaHood,0-1,2024.08.01,00:08:02,1774,1849,,,B20,Sicilian Defense: Bowdler Attack,180+2,Normal,"1. e4 1... c5 2. Bc4 2... e6 3. d4 3... cxd4 4. Nf3 4... Nc6 5. O-O 5... Nf6 6. c3 6...
dxc3 7. e5 7... Ng4 8.
Qe2 8... Qc7 9. Nxc3 9... Ngxe5 10. Bf4 10... Nxf3 11. Qxf3 11... e5 12.
Be3 12... d6 13. Nd5 13... Qd7 14. Nf6 14... gxf6 15. Qxf6 15... Qe7 16.
Qxh8 16... Bf5 17. Qxh7 17... Bxh7 18. f4 18... f6 19. f5 19... O-O-O 20. b4 20... d5 21.
Be2 21... d4 22. Bd2 22... Qf7 23. Rac1 23... Kb8 24. b5 24... Nb4 25.
a3 25... d3 26. Bf3 26... Nc2 27. a4 27... Bxf5 28. a5 28... e4 29.
Bd1 29... e3 30. Rxf5 30... exd2 31. Rb1 31... Qe6 32. Rf3 32... Bc5 33.
Kh1 33... Qe1",1. 0:03:00 1... 0:03:00 2. 0:03:01 2... 0:03:01 3. 0:03:02 3... 0:03:01 4. 0:03:03 4... 0:03:00 5. 0:03:04 5... 0:02:59 6. 0:03:04 6... 0:02:59 7. 0:03:04 7... 0:02:48 8. 0:02:56 8... 0:02:43 9. 0:02:53 9... 0:02:41 10. 0:02:38 10... 0:02:33 11. 0:02:38 11... 0:02:33 12. 0:02:36 12... 0:02:21 13. 0:02:30 13... 0:02:20 14. 0:02:26 14... 0:02:20 15. 0:02:27 15... 0:02:15 16. 0:02:27 16... 0:02:05 17. 0:02:18 17... 0:02:04 18. 0:02:14 18... 0:01:42 19. 0:02:08 19... 0:01:37 20. 0:02:06 20... 0:01:34 21. 0:01:49 21... 0:01:28 22. 0:01:43 22... 0:01:26 23. 0:01:38 23... 0:01:21 24. 0:01:34 24... 0:01:22 25. 0:01:29 25... 0:01:15 26. 0:01:18 26... 0:01:11 27. 0:01:00 27... 0:01:12 28. 0:00:55 28... 0:01:11 29. 0:00:50 29... 0:01:10 30. 0:00:35 30... 0:01:10 31. 0:00:35 31... 0:00:54 32. 0:00:17 32... 0:00:53 33. 0:00:17 33... 0:00:54,
Rated Blitz game,https://lichess.org/8BnrwpKr,2024.08.01,-,emanuelshai,anonymous42000,0-1,2024.08.01,00:07:52,1768,1770,,,B57,"Sicilian Defense: Classical Variation, Sozin Attack",180+2,Normal,"1. e4 1... c5 2. Nf3 2... Nc6 3. Bc4 3... d6 4. d4 4... cxd4 5. Nxd4 5... Nf6 6. Nc3 6... Ne5 7. Bb3 7...
Bd7 8. O-O 8...
g6 9. f4 9...
Neg4 10. h3 10... Nh6 11. e5 11... dxe5 12. fxe5 12... Nh5 13. Bxh6 13...
Bxh6 14. Bxf7 14... Kf8 15. Qf3 15... Kg7 16.
e6 16... Bc6 17. Nxc6 17... bxc6 18. Ne4 18... Qd4 19. Kh1 19... Qxe4 20. Qf2 20... Qe5 21. Kg1 21... Be3 22. Qxe3 22... Qxe3 23. Kh2 23... Qe5 24. Kh1 24...
Ng3",1. 0:03:00 0. 0:03:00 1... 0:03:01 0. 0:02:57 2. 0:02:59 0. 0:02:58 2... 0:02:59 0. 0:02:58 3. 0:03:01 0. 0:02:59 3... 0:03:01 0. 0:02:58 4. 0:03:01 0. 0:02:52 4... 0:03:01 0. 0:02:53 5. 0:03:01 0. 0:02:46 5... 0:02:54 0. 0:02:46 6. 0:02:55 0. 0:02:46 6... 0:02:56 0. 0:02:40 7. 0:02:57 0. 0:02:40 7... 0:02:57 1. 0:02:39 8. 0:01:56 0. 0:02:25 8... 0:01:27 1. 0:02:03 9. 0:01:27 1. 0:02:03 9... 0:01:19 2. 0:02:00 10. 0:01:17 2. 0:01:51 10... 0:00:31 2. 0:01:30 11. 0:00:17 2. 0:01:29 11... 0:00:10 4. 0:01:29 12. 0:00:11 4. 0:01:29 12... 0:00:12 5. 0:01:29,
Rated Blitz game,https://lichess.org/aLiWKnDh,2024.08.01,-,demircis,Derikvand_1999,0-1,2024.08.01,00:07:52,1490,1482,,,D02,"Queen's Gambit Declined: Baltic Defense, Pseudo-Slav",180+2,Normal,"1. Nf3 1... d5 2. c4 2... c6 3. d4 3... Bf5 4. Nc3 4... e6 5. b3 5... Nf6 6. Bg5 6... Nbd7 7. Ne5 7... Bb4 8. Qd2 8... Qa5 9. Rc1 9...
Ne4 10. Nxd7 10... Kxd7 11. Qe3 11... Bxc3 12. Kd1 12... Bb2 13. f3 13... Bxc1 14. Qxc1 14... Nf2",1. 0:03:00 1... 0:03:00 2. 0:02:59 2... 0:02:58 3. 0:02:59 3... 0:02:58 4. 0:02:59 4... 0:02:59 5. 0:02:55 5... 0:03:00 6. 0:02:56 6... 0:03:00 7. 0:02:55 7... 0:02:55 8. 0:02:46 8... 0:02:55 9. 0:02:37 9... 0:02:52 10. 0:02:35 10... 0:02:53 11. 0:01:56 11... 0:02:51 12. 0:01:50 12... 0:02:36 13. 0:01:22 13... 0:02:30 14. 0:01:23 14... 0:02:27,
Rated Blitz game,https://lichess.org/7C5AgkXG,2024.08.01,-,xadrezfacilbrasil,the_winchuka,0-1,2024.08.01,00:07:52,2158,2103,,,A48,East Indian Defense,180+2,Time forfeit,1. d4 1... Nf6 2. Nf3 2... g6 3. b3 3... c6,1. 0:03:00 1... 0:03:00 2. 0:02:59 2... 0:03:01 3. 0:02:56 3... 0:02:50,
Rated Blitz game,https://lichess.org/KCpKf5J1,2024.08.01,-,jcdq,AaFfBb98,1-0,2024.08.01,00:07:52,1929,1953,,,D01,Rapport-Jobava System,180+2,Normal,"1. d4 1... Nf6 2. Nc3 2... e6 3. Bf4 3... d5 4. Nb5 4... Na6 5. e3 5... c6 6. Nc3 6... Bd6 7. Bxa6 7... Bxf4 8.
Bxb7 8... Bxb7 9. exf4 9... Qb6 10. Na4 10... Qb4 11. c3 11... O-O 12.
cxb4",1. 0:03:00 1... 0:03:00 2. 0:03:01 2... 0:03:01 3. 0:03:02 3... 0:03:01 4. 0:03:03 4... 0:02:59 5. 0:02:58 5... 0:02:59 6. 0:02:59 6... 0:02:58 7. 0:03:00 7... 0:02:52 8. 0:02:59 8... 0:02:52 9. 0:03:00 9... 0:02:36 10. 0:03:00 10... 0:02:36 11. 0:03:01 11... 0:02:36 12. 0:02:53,
Rated Blitz game,https://lichess.org/iz1mNa9L,2024.08.01,-,wednada,Feli_Jan,1-0,2024.08.01,00:07:41,1488,1448,,,C02,French Defense: Advance Variation,180+2,Normal,"1. e4 1... e6 2. e5 2... d5 3. d4 3... c5 4. c3 4... Nc6 5. Be3 5... Qb6 6. Qb3 6... c4 7. Qc2 7... Bd7 8. b3 8... Na5 9. b4 9...
Nc6 10. a4 10... a5 11. b5 11... Nd8 12. Be2 12... Ne7 13. Bg4 13... Ng6 14. g3 14... Be7 15. h4 15... h6 16. h5 16... Nf8 17. Bf3 17... Nh7 18. g4 18... Ng5 19. Bxg5 19... Bxg5 20. Nh3 20... Be7 21. Qd2 21... O-O 22. g5 22...
f6 23. gxh6 23... fxe5 24. hxg7 24... Rxf3 25. Qh6 25... exd4 26. Qh8 26... Kf7 27. g8=Q",1. 0:03:00 1... 0:03:00 2. 0:03:00 2... 0:03:01 3. 0:03:02 3... 0:03:00 4. 0:03:03 4... 0:03:00 5. 0:03:03 5... 0:02:59 6. 0:02:21 6... 0:02:45 7. 0:02:12 7... 0:02:44 8. 0:02:04 8... 0:02:33 9. 0:01:59 9... 0:02:31 10. 0:01:55 10... 0:02:09 11. 0:01:47 11... 0:02:06 12. 0:01:38 12... 0:01:16 13. 0:01:36 13... 0:01:14 14. 0:01:36 14... 0:01:12 15. 0:01:37 15... 0:01:05 16. 0:01:36 16... 0:01:05 17. 0:01:22 17... 0:01:02 18. 0:01:18 18... 0:00:57 19. 0:01:17 19... 0:00:58 20. 0:01:13 20... 0:00:56 21. 0:01:10 21... 0:00:37 22. 0:01:10 22... 0:00:25 23. 0:01:06 23... 0:00:25 24. 0:00:59 24... 0:00:25 25. 0:00:50 25... 0:00:22 26. 0:00:49 26... 0:00:23 27. 0:00:46,
Rated Blitz game,https://lichess.org/X65m4CSg,2024.08.01,-,JucheNB,sergeluryi,1-0,2024.08.01,00:07:44,1570,1562,,,B02,"Alekhine Defense: Scandinavian Variation, Geschev Gambit",180+2,Time forfeit,"1. e4 1... d5 2. exd5 2... Nf6 3. Nc3 3... c6 4. dxc6 4... Nxc6 5.
Bc4 5... Ne5 6. Bb3 6... e6 7. d4 7... Neg4 8. h3 8... Nxf2 9.
Kxf2 9... e5 10. dxe5 10... Bc5 11. Be3 11... Bxe3 12. Kxe3 12... Qb6 13. Kf3 13... Nd7 14. Nd5 14... Qc6 15. Qd4 15... O-O 16. Kg3 16... Re8 17. Nf3 17... b6 18.
Ng5 18... Qg6 19. Qf4 19... Nxe5 20. Ne7 20... Rxe7 21. Bxf7 21... Nxf7 22. Rad1 22... Bf5 23. Kh2 23... Rae8 24. Nxf7 24... Qxf7 25. Rhf1 25... g6 26. Qa4 26... Re4 27.
Qb5 27... Qc7 28. Kh1 28... Bd7 29. Qxd7",1. 0:03:00 1... 0:03:00 2. 0:03:01 2... 0:02:59 3. 0:03:03 3... 0:02:55 4. 0:03:02 4... 0:02:55 5. 0:03:02 5... 0:02:51 6. 0:03:01 6... 0:02:51 7. 0:02:59 7... 0:02:47 8. 0:02:55 8... 0:02:46 9. 0:02:56 9... 0:02:40 10. 0:02:46 10... 0:02:37 11. 0:02:42 11... 0:02:30 12. 0:02:41 12... 0:02:29 13. 0:02:34 13... 0:02:12 14. 0:02:31 14... 0:02:01 15. 0:02:28 15... 0:01:50 16. 0:02:27 16... 0:01:44 17. 0:02:23 17... 0:01:23 18. 0:02:10 18... 0:01:08 19. 0:01:43 19... 0:00:59 20. 0:01:35 20... 0:00:52 21. 0:01:31 21... 0:00:49 22. 0:01:28 22... 0:00:38 23. 0:01:19 23... 0:00:25 24. 0:01:05 24... 0:00:22 25. 0:01:07 25... 0:00:20 26. 0:01:01 26... 0:00:14 27. 0:00:54 27... 0:00:09 28. 0:00:54 28... 0:00:07 29. 0:00:50,
Rated Blitz game,https://lichess.org/ml9OcCUq,2024.08.01,-,sake100,roronoa23,1-0,2024.08.01,00:07:44,1691,1741,,,D02,Queen's Pawn Game: London System,180+2,Normal,"1. d4 1... d5 2. Nf3 2... Nf6 3. Bf4 3... g6 4. e3 4... Bg7 5. h3 5... O-O 6. Bd3 6...
c5 7. c3 7... cxd4 8.
exd4 8... Ne4 9. O-O 9... f5 10. Nbd2 10... Nc6 11. Re1 11... Re8 12.
Bg5 12... h6 13. Bf4 13... e5 14. dxe5 14... Nxe5 15. Nxe5 15... Bxe5 16. Bxh6 16... Qh4 17. Nf3 17... Qxf2 18. Kh1 18... Ng3 19. Kh2 19... Nf1 20. Kh1 20... Ne3 21.
Bxe3 21... Qg3 22. Nxe5 22... Rxe5 23. Bd4",1. 0:03:00 1... 0:03:00 2. 0:02:56 2... 0:03:02 3. 0:02:56 3... 0:03:01 4. 0:02:44 4... 0:02:47 5. 0:02:45 5... 0:02:33 6. 0:02:42 6... 0:02:31 7. 0:02:42 7... 0:02:32 8. 0:02:43 8... 0:02:29 9. 0:02:41 9... 0:02:29 10. 0:02:38 10... 0:02:23 11. 0:02:31 11... 0:02:24 12. 0:02:30 12... 0:02:23 13. 0:02:28 13... 0:01:53 14. 0:02:26 14... 0:01:51 15. 0:02:26 15... 0:01:50 16. 0:02:16 16... 0:01:50 17. 0:02:11 17... 0:01:42 18. 0:02:03 18... 0:01:42 19. 0:02:02 19... 0:00:47 20. 0:01:57 20... 0:00:47 21. 0:01:47 21... 0:00:47 22. 0:01:43 22... 0:00:45 23. 0:01:37,
Rated Blitz game,https://lichess.org/ZQcYVNzm,2024.08.01,-,hysava71,draco041372,0-1,2024.08.01,00:07:44,1786,1821,,,D02,"Queen's Pawn Game: London System, with e6",180+2,Normal,"1. d4 1... d5 2. Bf4 2... e6 3. Nf3 3... h6 4. e3 4... Nf6 5. Ne5 5... Be7 6. Bd3 6... O-O 7. Nd2 7... b6 8. c3 8... Bb7 9. Qc2 9...
Nbd7 10. O-O 10... c5 11. f3 11... c4 12. Be2 12... b5 13. e4 13...
dxe4 14. fxe4 14... Nxe5 15. Bxe5 15... Nd7 16.
Bg3 16... Bg5 17. e5 17... Bxd2 18. Qxd2 18... Nb6 19. Bf3 19... Bxf3 20.
Rxf3 20... Nd5 21. Raf1 21... a5 22. Qf2 22...
Qd7 23. h4 23... b4 24. Bh2 24... bxc3 25. bxc3 25... Rab8 26. g4 26... g6 27. g5 27... h5 28. Rf6 28... Nxf6 29.
gxf6 29... Qd5 30. Qf4 30... Kh7 31. Qg5 31... Rh8 32. Bf4 32... Kg8 33.
Qg3 33... Rb2 34. Bc1 34... Rxa2",1. 0:03:00 1... 0:03:00 2. 0:03:00 2... 0:03:01 3. 0:03:01 3... 0:03:02 4. 0:03:02 4... 0:03:03 5. 0:03:02 5... 0:03:02 6. 0:03:02 6... 0:03:02 7. 0:03:03 7... 0:03:03 8. 0:03:04 8... 0:03:04 9. 0:03:02 9... 0:03:05 10. 0:03:03 10... 0:03:05 11. 0:03:00 11... 0:03:04 12. 0:03:01 12... 0:03:05 13. 0:02:57 13... 0:03:02 14. 0:02:57 14... 0:02:58 15. 0:02:56 15... 0:02:58 16. 0:02:50 16... 0:02:46 17. 0:02:39 17... 0:02:41 18. 0:02:40 18... 0:02:36 19. 0:02:39 19... 0:02:35 20. 0:02:39 20... 0:02:36 21. 0:02:39 21... 0:02:28 22. 0:02:39 22... 0:02:21 23. 0:02:26 23... 0:02:08 24. 0:02:23 24... 0:02:07 25. 0:02:24 25... 0:01:29 26. 0:02:19 26... 0:01:28 27. 0:02:12 27... 0:01:22 28. 0:02:12 28... 0:01:21 29. 0:02:11 29... 0:01:03 30. 0:02:05 30... 0:01:03 31. 0:01:56 31... 0:01:00 32. 0:01:46 32... 0:01:00 33. 0:01:28 33... 0:00:53 34. 0:01:12 34... 0:00:52,
Rated Blitz game,https://lichess.org/LUfdMOJr,2024.08.01,-,GabrielJAM,zackjam,0-1,2024.08.01,00:08:04,1437,1381,,,C40,King's Knight Opening,180+2,Normal,"1. e4 1... e5 2. Nf3 2... Bd6 3. Nc3 3... Nf6 4. Bc4 4... h6 5. d3 5... Nc6 6. a3 6...
Na5 7. Ba2 7... O-O 8.
Bd2 8... Nc6 9. h3 9... Re8 10. O-O 10... g5 11. g4 11... a6 12. h4 12... gxh4 13. Nxh4 13... Nxe4 14. Nxe4 14... Qxh4 15. Qf3 15... Kh8 16.
Qxf7 16... Qxg4 17. Ng3 17... Rf8 18. Qh5 18... Qxh5 19. Nxh5 19... Nd4 20. c3 20... Nf3 21.
Kg2 21... Nxd2 22. Rfd1 22... Nf3 23. Rh1 23... Ng5 24. Ng3 24... Kg7 25. Raf1 25... b5 26.
d4 26... exd4 27. cxd4 27... Bb7 28. Kg1 28... Bxh1 29. Kxh1 29... Bxg3 30. fxg3 30... Rxf1 31. Kg2 31... Rd1 32. Bb3 32... Rxd4 33. g4 33... Rxg4 34. Kh2 34... Rf4 35.
Bd1 35... Rd4 36. Bf3 36... Rd2 37. Bg2 37... Rxb2 38. Kg3 38... Rb3 39.
Kf2 39... Rxa3 40. Bxa8 40... b4 41. Bd5 41...
b3 42. Bxb3 42... Rxb3 43. Ke2 43... a5 44. Kd2 44... a4 45. Kc2 45...
Rb8 46. Kc3 46... Ra8 47. Kb2 47... a3 48. Ka2 48... Ne4 49. Ka1 49... c5 50. Ka2 50... Nc3 51. Ka1 51... Nd1 52.
Ka2 52... Nc3 53. Ka1 53... Nb5 54. Ka2 54... d5 55. Ka1 55... a2 56.
Kb2 56... a1=Q 57. Kb3 57... c4 58. Kb4 58... Qb1 59. Kc5 59... Nc3 60. Kd4 60... Qb2 61.
Kc5 61... Rc8 62. Kd4 62... Qd2 63. Ke5 63... Re8 64. Kd6 64... Qf4 65.
Kc6 65... Qb8 66. Kc5 66... Qc8 67. Kd4 67... Re4 68. Kxc3 68... Qa6 69.
Kd2 69... Qa3 70. Kc2 70... Re2 71. Kd1 71... Qa2 72. Kc1 72... Qa1",1. 0:03:00 1... 0:03:00 2. 0:03:01 2... 0:03:01 3. 0:03:01 3... 0:02:51 4. 0:03:00 4... 0:02:39 5. 0:02:58 5... 0:02:35 6. 0:02:52 6... 0:02:26 7. 0:02:50 7... 0:02:20 8. 0:02:49 8... 0:02:10 9. 0:02:34 9... 0:02:05 10. 0:02:34 10... 0:01:56 11. 0:02:29 11... 0:01:51 12. 0:02:21 12... 0:01:41 13. 0:02:20 13... 0:01:20 14. 0:01:39 14... 0:01:21 15. 0:01:39 15... 0:01:08 16. 0:01:02 16... 0:01:07 17. 0:00:54 17... 0:00:59 18. 0:00:38 18... 0:00:53 19. 0:00:40 19... 0:00:43 20. 0:00:25 20... 0:00:38 21. 0:00:25 21... 0:00:36 22. 0:00:23 22... 0:00:31 23. 0:00:21 23... 0:00:27 24. 0:00:18 24... 0:00:22 25. 0:00:16 25... 0:00:15 26. 0:00:17 26... 0:00:13 27. 0:00:19 27... 0:00:10 28. 0:00:18 28... 0:00:07 29. 0:00:19 29... 0:00:04 30. 0:00:21 30... 0:00:05 31. 0:00:23 31... 0:00:05 32. 0:00:23 32... 0:00:06 33. 0:00:24 33... 0:00:07 34. 0:00:25 34... 0:00:07 35. 0:00:26 35... 0:00:07 36. 0:00:26 36... 0:00:07 37. 0:00:27 37... 0:00:09 38. 0:00:28 38... 0:00:10 39. 0:00:28 39... 0:00:12 40. 0:00:29 40... 0:00:12 41. 0:00:29 41... 0:00:12 42. 0:00:30 42... 0:00:14 43. 0:00:32 43... 0:00:16 44. 0:00:33 44... 0:00:17 45. 0:00:35 45... 0:00:19 46. 0:00:36 46... 0:00:20 47. 0:00:37 47... 0:00:21 48. 0:00:38 48... 0:00:20 49. 0:00:39 49... 0:00:20 50. 0:00:41 50... 0:00:20 51. 0:00:41 51... 0:00:18 52. 0:00:42 52... 0:00:17 53. 0:00:43 53... 0:00:18 54. 0:00:44 54... 0:00:18 55. 0:00:45 55... 0:00:18 56. 0:00:47 56... 0:00:18 57. 0:00:48 57... 0:00:14 58. 0:00:48 58... 0:00:14 59. 0:00:49 59... 0:00:13 60. 0:00:50 60... 0:00:10 61. 0:00:51 61... 0:00:11 62. 0:00:53 62... 0:00:11 63. 0:00:54 63... 0:00:11 64. 0:00:55 64... 0:00:11 65. 0:00:57 65... 0:00:11 66. 0:00:58 66... 0:00:09 67. 0:01:00 67... 0:00:10 68. 0:01:00 68... 0:00:10 69. 0:01:01 69... 0:00:09 70. 0:01:03 70... 0:00:10 71. 0:01:04 71... 0:00:07 72. 0:01:06 72... 0:00:06,
Rated Blitz game,https://lichess.org/qv3NhicO,2024.08.01,-,jmanette411,fankizonki,0-1,2024.08.01,00:08:00,1115,1063,,,C42,Russian Game,180+2,Normal,"1. e4 1... e5 2. Nf3 2... Nf6 3. d3 3... Nc6 4. c3 4... d5 5. Qc2 5... dxe4 6. dxe4 6...
Bg4 7. Be2 7... Bc5 8.
O-O 8... h5 9. Bg5 9... Qe7 10. Nbd2 10... O-O-O 11. Rad1 11... Rd7 12.
Nc4 12... Rhd8 13. Rxd7 13... Rxd7 14. Rd1 14... Rxd1 15. Bxd1 15... Qe6 16. h3 16... Bxf3 17.
Bxf3 17... Qxc4",1. 0:03:00 1... 0:03:00 2. 0:03:00 2... 0:02:54 3. 0:03:00 3... 0:02:55 4. 0:03:00 4... 0:02:55 5. 0:02:55 5... 0:02:52 6. 0:02:55 6... 0:02:53 7. 0:02:54 7... 0:02:48 8. 0:02:49 8... 0:02:40 9. 0:02:47 9... 0:02:34 10. 0:02:46 10... 0:02:33 11. 0:02:36 11... 0:02:12 12. 0:02:35 12... 0:02:08 13. 0:02:17 13... 0:02:08 14. 0:02:18 14... 0:02:07 15. 0:02:19 15... 0:02:02 16. 0:02:17 16... 0:01:58 17. 0:02:17 17... 0:01:57,
Rated Blitz game,https://lichess.org/nwZeCEx7,2024.08.01,-,ryvar,emesantanna,1-0,2024.08.01,00:08:00,1836,1830,,,B12,Caro-Kann Defense: Maróczy Variation,180+2,Time forfeit,"1. e4 1... c6 2. d4 2... d5 3. f3 3... Qb6 4. Nc3 4... dxe4 5. fxe4 5... h5 6. Be2 6... g6 7. Nf3 7... Bg4 8. O-O 8... Nf6 9. Na4 9...
Qc7 10. c3 10... Nbd7 11. e5 11... Nd5 12. Qd3 12... Rd8 13. c4 13...
Nb4 14. Qb3 14... e6 15. a3 15... Na6 16. Nc3 16... Bg7 17. Bg5 17... Rb8 18. h3 18... Bxf3 19. Rxf3 19... O-O 20.
Rc1 20... Nb6 21. Qc2 21... Rbe8 22. Rcf1 22... Nb8 23. Ne4 23... N8d7 24.
Nd6",1. 0:03:00 1... 0:03:00 2. 0:03:01 2... 0:02:56 3. 0:03:01 3... 0:02:54 4. 0:02:48 4... 0:02:22 5. 0:02:48 5... 0:02:22 6. 0:02:34 6... 0:01:55 7. 0:02:33 7... 0:01:55 8. 0:02:32 8... 0:01:22 9. 0:02:10 9... 0:01:14 10. 0:02:03 10... 0:00:51 11. 0:01:59 11... 0:00:41 12. 0:01:39 12... 0:00:07 13. 0:01:30 13... 0:00:07 14. 0:01:25 14... 0:00:07 15. 0:01:12 15... 0:00:07 16. 0:01:10 16... 0:00:06 17. 0:01:05 17... 0:00:05 18. 0:00:55 18... 0:00:05 19. 0:00:54 19... 0:00:06 20. 0:00:47 20... 0:00:06 21. 0:00:38 21... 0:00:05 22. 0:00:38 22... 0:00:02 23. 0:00:37 23... 0:00:02 24. 0:00:35,
Rated Blitz game,https://lichess.org/RwzTLXBa,2024.08.01,-,Leondante,ponchoponchoponcho,0-1,2024.08.01,00:08:00,1055,996,,,B20,"Sicilian Defense: Wing Gambit, Marshall Variation",180+2,Time forfeit,"1. e4 1... c5 2. b4 2... cxb4 3. a3 3... e5 4. Nf3 4... Nc6 5. Bb5 5... Qa5 6. Bxc6 6...
dxc6 7. O-O 7... Nf6 8. d3 8... Qd8 9. Bg5 9... Be7 10. Nxe5 10... Qd4 11. Bxf6 11... Qxa1 12. Bxe7 12... Qxe5 13. Bxb4 13... Qg5 14. Kh1 14... Bh3 15. gxh3 15... O-O-O 16. Rg1 16... Qb5 17.
Qg4 17... Rd7 18. Bc3 18... Rd8 19. Bxg7 19... Rg8 20. Nc3 20... f5 21.
exf5 21... Rdxg7 22. Qd1 22... Rxg1 23. Qxg1 23... Rxg1 24. Kxg1 24... Qb2 25. Ne4 25... Qxc2 26.
f6 26... Qxd3 27. f7 27... Qf3 28. Nd6 28... Kd7 29. f8=Q 29... Qxf8 30. Nxb7 30... Qxa3",1. 0:03:00 1... 0:03:00 2. 0:02:58 2... 0:03:00 3. 0:02:58 3... 0:02:59 4. 0:02:58 4... 0:03:00 5. 0:02:37 5... 0:02:53 6. 0:02:33 6... 0:02:50 7. 0:02:33 7... 0:02:47 8. 0:02:30 8... 0:02:29 9. 0:02:30 9... 0:02:25 10. 0:02:24 10... 0:02:19 11. 0:02:16 11... 0:02:15 12. 0:02:08 12... 0:02:14 13. 0:02:01 13... 0:02:11 14. 0:01:27 14... 0:02:11 15. 0:01:27 15... 0:02:09 16. 0:01:24 16... 0:02:01 17. 0:01:21 17... 0:01:59 18. 0:01:11 18... 0:01:51 19. 0:01:04 19... 0:01:45 20. 0:00:42 20... 0:01:46 21. 0:00:33 21... 0:01:42 22. 0:00:14 22... 0:01:34 23. 0:00:14 23... 0:01:35 24. 0:00:15 24... 0:01:34 25. 0:00:13 25... 0:01:32 26. 0:00:14 26... 0:01:32 27. 0:00:15 27... 0:01:24 28. 0:00:15 28... 0:01:23 29. 0:00:06 29... 0:01:24 30. 0:00:04 30... 0:01:24,
Rated Blitz game,https://lichess.org/Cx5KSA6x,2024.08.01,-,emirhanpeksen452,onepipi,1-0,2024.08.01,00:08:00,2019,2031,,,B03,Alekhine Defense: Exchange Variation,180+2,Time forfeit,"1. e4 1... Nf6 2. e5 2... Nd5 3. c4 3... Nb6 4. d4 4... d6 5. exd6 5... cxd6 6. Nc3 6...
g6 7. Nf3 7... Bg7 8.
Be3 8... O-O 9. Be2 9... Bg4 10. O-O 10... Nc6 11. b3 11... e5 12. d5 12... Ne7 13. h3 13...
Bxf3 14. Bxf3 14... f5 15. Rc1 15... e4 16. Be2 16... Nd7 17. Nb5 17... Ne5 18. Nd4 18... Qc8 19. Ne6 19... Rf7 20.
Qd2 20... Bf6 21. Qb4 21... Qd7 22. Bg5 22... Rc8 23. Bxf6 23... Rxf6 24. Rfd1 24... Nf7 25. c5 25... Nxd5 26. Rxd5 26... Qxe6 27. Bc4 27... Qd7 28. cxd6",1. 0:03:00 1... 0:03:00 2. 0:03:01 2... 0:03:01 3. 0:03:03 3... 0:03:02 4. 0:03:05 4... 0:03:04 5. 0:03:06 5... 0:03:05 6. 0:03:08 6... 0:03:07 7. 0:03:10 7... 0:03:08 8. 0:03:10 8... 0:03:10 9. 0:03:11 9... 0:03:11 10. 0:03:10 10... 0:03:11 11. 0:03:07 11... 0:03:11 12. 0:03:00 12... 0:03:12 13. 0:02:57 13... 0:03:13 14. 0:02:58 14... 0:03:14 15. 0:02:53 15... 0:03:13 16. 0:02:51 16... 0:03:12 17. 0:02:48 17... 0:03:07 18. 0:02:44 18... 0:02:07 19. 0:02:44 19... 0:02:05 20. 0:02:28 20... 0:01:42 21. 0:02:17 21... 0:01:31 22. 0:02:04 22... 0:01:01 23. 0:01:45 23... 0:01:02 24. 0:01:45 24... 0:00:49 25. 0:01:33 25... 0:00:43 26. 0:01:19 26... 0:00:43 27. 0:01:20 27... 0:00:07 28. 0:01:10,
Rated Blitz game,https://lichess.org/eTHSKvsf,2024.08.01,-,wong_jowo99,Giorgio_Mahagoni,1-0,2024.08.01,00:08:00,1932,1903,,,E40,Nimzo-Indian Defense: Normal Line,180+2,Time forfeit,"1. c4 1... Nf6 2. d4 2... e6 3. Nc3 3... Bb4 4. e3 4... c6 5. Nf3 5... Ne4 6. Qb3 6...
Qa5 7. Bd2 7... Nxd2 8. Nxd2 8... Na6 9. Bd3 9... d5 10. c5 10...
b6 11. a3 11... bxc5 12. dxc5 12... Bxc5 13. O-O 13... O-O 14. Qc2 14... f5 15. b4 15... Nxb4 16. axb4 16... Qxb4 17. Rfb1 17... Qg4 18. Nxd5 18... Bd6 19. h3 19...
Qh4 20. Qxc6 20... Be5 21. Nb4 21... Bxa1 22. Rxa1 22... Rb8 23. Ra4 23... Bb7 24. Qxe6 24... Kh8 25. f4 25... Qe1 26.
Nf1 26... Qd1 27. Bxf5 27... Qxa4 28. Nd5 28... Qa5 29. Ne7 29... Ba6 30.
Bg4 30... Rbe8 31. Ng6 31... hxg6 32. Qxg6 32... Qb5 33. Ng3 33... Rxe3 34. Nh5",1. 0:03:00 1... 0:03:00 2. 0:03:01 2... 0:03:02 3. 0:03:02 3... 0:03:03 4. 0:02:58 4... 0:03:03 5. 0:02:59 5... 0:03:02 6. 0:02:53 6... 0:03:00 7. 0:02:51 7... 0:03:01 8. 0:02:52 8... 0:02:50 9. 0:02:52 9... 0:02:50 10. 0:02:43 10... 0:02:48 11. 0:02:24 11... 0:02:45 12. 0:02:18 12... 0:02:33 13. 0:02:18 13... 0:02:31 14. 0:02:14 14... 0:02:30 15. 0:02:14 15... 0:02:26 16. 0:02:16 16... 0:02:27 17. 0:02:13 17... 0:02:19 18. 0:02:10 18... 0:01:40 19. 0:01:58 19... 0:01:17 20. 0:01:58 20... 0:01:15 21. 0:01:44 21... 0:01:12 22. 0:01:43 22... 0:01:12 23. 0:01:37 23... 0:01:09 24. 0:01:36 24... 0:01:10 25. 0:01:26 25... 0:01:04 26. 0:01:25 26... 0:00:54 27. 0:01:22 27... 0:00:48 28. 0:01:17 28... 0:00:24 29. 0:01:10 29... 0:00:21 30. 0:00:55 30... 0:00:18 31. 0:00:47 31... 0:00:18 32. 0:00:49 32... 0:00:12 33. 0:00:40 33... 0:00:06 34. 0:00:41,
Rated Blitz game,https://lichess.org/s1Isvl4x,2024.08.01,-,sagitario28,amrit06,0-1,2024.08.01,00:07:58,1411,1422,,,C44,Scotch Game,180+2,Normal,"1. e4 1... e5 2. Nf3 2... Nc6 3. d4 3... f6 4. d5 4... Nd4 5. c3 5... Nxf3 6. Qxf3 6... d6 7. Be2 7... c6 8. c4 8... cxd5 9. cxd5 9...
Qa5 10. Nc3 10... Nh6 11. O-O 11... Bg4 12. Qe3 12... Qc5 13. Qxc5 13... dxc5 14. Bxg4 14... Nxg4 15. f3 15... Nh6 16.
Be3 16... b6 17. Nb5 17... c4 18. Nc7 18... Kd7 19. Nxa8 19... Bc5 20.
Nxb6 20... axb6 21. Bxc5 21... bxc5 22. Rac1 22... Rb8 23. Rf2 23... Rb4 24. a3 24... Ra4 25.
Kf1 25... Nf7 26. Rfc2 26... Nd6 27. Kf2 27... Kc7 28. g4 28... g5 29. h3 29... h6 30. Ke3 30...
Kb6 31. Rc3 31... Ka5 32. Ra1 32... Kb5 33. b3 33... cxb3 34. Rxb3 34... Kc4 35. Rb6 35... Nb5 36. Rxf6 36... Nc3 37.
d6 37... Ra7 38. Rxh6 38... Rd7 39. a4 39... Kb4 40. a5 40... Nb5 41.
a6 41... c4 42. a7 42... Nxa7 43. Rg6 43... Nb5 44. Rxg5 44... c3 45.
Rxe5 45... c2 46. Rc1 46... Kb3 47. Rc5 47... Na3 48. Rc3 48... Kxc3 49. e5 49... Nc4 50. Ke4 50... Nd2 51. Kd5 51... Nxf3 52. Kc6 52... Nxe5 53. Kd5 53... Nd3 54.
Ke6 54... Rxd6 55. Kxd6 55... Nxc1 56. g5 56... Ne2 57. g6 57... c1=Q 58. g7 58... Qh6 59.
Ke7 59... Qxg7",1. 0:03:00 1... 0:03:00 2. 0:02:59 2... 0:03:02 3. 0:02:59 3... 0:03:04 4. 0:02:59 4... 0:03:05 5. 0:02:58 5... 0:03:05 6. 0:03:00 6... 0:03:06 7. 0:03:00 7... 0:03:04 8. 0:03:01 8... 0:03:01 9. 0:03:02 9... 0:03:01 10. 0:03:00 10... 0:02:57 11. 0:02:58 11... 0:02:58 12. 0:02:58 12... 0:02:54 13. 0:02:46 13... 0:02:54 14. 0:02:47 14... 0:02:55 15. 0:02:47 15... 0:02:53 16. 0:02:40 16... 0:02:54 17. 0:02:39 17... 0:02:49 18. 0:02:39 18... 0:02:49 19. 0:02:40 19... 0:02:48 20. 0:02:40 20... 0:02:40 21. 0:02:40 21... 0:02:40 22. 0:02:41 22... 0:02:40 23. 0:02:42 23... 0:02:40 24. 0:02:41 24... 0:02:37 25. 0:02:35 25... 0:02:37 26. 0:02:36 26... 0:02:38 27. 0:02:35 27... 0:02:38 28. 0:02:29 28... 0:02:37 29. 0:02:30 29... 0:02:37 30. 0:02:28 30... 0:02:36 31. 0:02:28 31... 0:02:36 32. 0:02:29 32... 0:02:32 33. 0:02:30 33... 0:02:23 34. 0:02:31 34... 0:02:25 35. 0:02:21 35... 0:02:21 36. 0:02:21 36... 0:02:21 37. 0:02:06 37... 0:02:19 38. 0:02:06 38... 0:02:20 39. 0:02:06 39... 0:02:19 40. 0:02:07 40... 0:02:18 41. 0:02:07 41... 0:02:15 42. 0:02:07 42... 0:02:16 43. 0:01:45 43... 0:02:16 44. 0:01:46 44... 0:02:18 45. 0:01:48 45... 0:02:16 46. 0:01:47 46... 0:02:16 47. 0:01:48 47... 0:02:15 48. 0:01:47 48... 0:02:15 49. 0:01:49 49... 0:02:15 50. 0:01:49 50... 0:02:13 51. 0:01:47 51... 0:02:09 52. 0:01:46 52... 0:02:10 53. 0:01:44 53... 0:02:07 54. 0:01:45 54... 0:02:06 55. 0:01:46 55... 0:02:08 56. 0:01:47 56... 0:02:09 57. 0:01:48 57... 0:02:10 58. 0:01:49 58... 0:02:11 59. 0:01:50 59... 0:02:12,
Rated Blitz tournament https://lichess.org/tournament/9ItBGKQi,https://lichess.org/H7fRm0sa,2024.08.01,-,U9Champ,BlinkyGaladrigal,1/2-1/2,2024.08.01,00:08:08,1831,1968,,,C55,"Italian Game: Two Knights Defense, Modern Bishop's Opening",180+2,Normal,"1. e4 1... e5 2. Nf3 2... Nc6 3. Bc4 3... Nf6 4. d3 4... Be7 5. c3 5... Na5 6. Nxe5 6...
d6 7. Nxf7 7... Qd7 8.
Nxh8 8... Nxc4 9. dxc4 9... Qg4 10. Qxg4 10... Bxg4 11. f3 11... Kd7 12.
fxg4 12... Rxh8 13. O-O 13... Nxe4 14. Be3 14... Nf6 15. h3 15... h5 16. Bd4 16... Ne4 17.
Bxg7 17... Rg8 18. Bd4 18... hxg4 19. hxg4 19... Rxg4 20. Rf3 20... c5 21.
Be3 21... Nf6 22. Nd2 22... Rg8 23. Raf1 23... Ng4 24. Rg3 24... Bh4 25.
Rh3 25... Be7 26. Rff3 26... Ne5 27. Rfg3 27... Re8 28. Rh5 28... Nd3 29.
Bg5 29... Nxb2 30. Bxe7 30... Rxe7 31. Rhg5 31... Re2 32. Rg7 32... Kc6 33. Nb3 33... Nxc4 34.
Kf1 34... Rxa2 35. R3g4 35... Ne5 36. Re4 36... Ra1 37. Kf2 37... Ra2 38. Ke3 38... Ra3 39.
Nd2 39... Rxc3 40. Ke2 40... Rc2 41. Rg5 41... Nd7 42. Re6 42... c4 43. Rgg6 43... c3 44.
Rxd6 44... Kc7 45. Rd3 45... cxd2 46. Rxd2 46... Rxd2 47. Kxd2 47... b5 48. Rg7 48... Kc6 49.
g4 49... a5 50. g5 50... a4 51. g6 51... a3 52. Rxd7 52... Kxd7 53. g7 53... a2 54. g8=Q 54... a1=Q 55. Qd5 55... Kc7 56. Qxb5 56... Qa2 57. Kd3 57... Qa3 58.
Kd4 58... Qa1 59. Kd5 59... Qd1 60. Kc4 60... Qf1 61. Kb4 61... Qe1 62.
Kc4 62... Qe2 63. Kb4 63... Qd2 64. Kc4 64... Qc2 65. Kd5 65... Qd2 66.
Kc4 66... Qe2 67. Kb4 67... Qd2 68. Kc4",1. 0:03:00 1... 0:03:00 2. 0:03:01 2... 0:03:00 3. 0:03:01 3... 0:03:01 4. 0:03:03 4... 0:02:57 5. 0:03:03 5... 0:02:58 6. 0:03:00 6... 0:02:53 7. 0:02:59 7... 0:02:53 8. 0:02:57 8... 0:02:54 9. 0:02:57 9... 0:02:53 10. 0:02:57 10... 0:02:55 11. 0:02:57 11... 0:02:56 12. 0:02:58 12... 0:02:56 13. 0:02:49 13... 0:02:56 14. 0:02:41 14... 0:02:57 15. 0:02:39 15... 0:02:55 16. 0:02:39 16... 0:02:55 17. 0:02:36 17... 0:02:55 18. 0:02:31 18... 0:02:56 19. 0:02:31 19... 0:02:57 20. 0:02:26 20... 0:02:51 21. 0:02:21 21... 0:02:46 22. 0:02:19 22... 0:02:40 23. 0:02:18 23... 0:02:41 24. 0:02:10 24... 0:02:38 25. 0:01:59 25... 0:02:32 26. 0:01:30 26... 0:02:29 27. 0:01:29 27... 0:02:28 28. 0:01:23 28... 0:02:25 29. 0:01:18 29... 0:02:24 30. 0:01:18 30... 0:02:25 31. 0:01:11 31... 0:02:26 32. 0:01:11 32... 0:02:27 33. 0:01:05 33... 0:02:24 34. 0:00:59 34... 0:02:24 35. 0:00:58 35... 0:02:24 36. 0:00:54 36... 0:02:21 37. 0:00:50 37... 0:02:22 38. 0:00:45 38... 0:02:22 39. 0:00:30 39... 0:02:22 40. 0:00:30 40... 0:02:19 41. 0:00:22 41... 0:02:20 42. 0:00:21 42... 0:02:18 43. 0:00:20 43... 0:02:19 44. 0:00:21 44... 0:02:20 45. 0:00:18 45... 0:02:20 46. 0:00:19 46... 0:02:19 47. 0:00:20 47... 0:02:19 48. 0:00:21 48... 0:02:20 49. 0:00:21 49... 0:02:21 50. 0:00:21 50... 0:02:22 51. 0:00:22 51... 0:02:22 52. 0:00:17 52... 0:02:23 53. 0:00:19 53... 0:02:24 54. 0:00:20 54... 0:02:25 55. 0:00:21 55... 0:02:24 56. 0:00:22 56... 0:02:25 57. 0:00:22 57... 0:02:24 58. 0:00:21 58... 0:02:23 59. 0:00:21 59... 0:02:24 60. 0:00:21 60... 0:02:24 61. 0:00:22 61... 0:02:25 62. 0:00:22 62... 0:02:25 63. 0:00:23 63... 0:02:27 64. 0:00:24 64... 0:02:27 65. 0:00:24 65... 0:02:26 66. 0:00:25 66... 0:02:27 67. 0:00:26 67... 0:02:27 68. 0:00:26,
Rated Blitz game,https://lichess.org/QJuX6LQu,2024.08.01,-,ethereal00,shaphiullin_ildar,1-0,2024.08.01,00:07:52,2214,2254,,,E11,Bogo-Indian Defense: Vitolins Variation,180+2,Time forfeit,"1. d4 1... Nf6 2. c4 2... e6 3. Nf3 3... Bb4 4. Bd2 4... c5 5. Bxb4 5... cxb4 6. g3 6... Nc6 7. Bg2 7... d6 8. O-O 8...
O-O 9. Nbd2 9...
e5 10. d5 10...
Nb8 11. e4 11...
Na6 12. h3 12...
Nc5 13. Qc2 13... a5 14. a3 14... Bd7 15.
axb4 15... axb4 16. b3 16... Qb6 17. Rfb1 17... Ra6 18.
Rxa6 18... Nxa6 19. Ra1 19...
h6 20. Ne1 20... Nc5 21. Nd3 21... g5 22.
Nxc5 22... Qxc5 23. Kh2 23... Kg7 24. Kg1 24... h5 25. Nf1 25... h4 26. g4 26... Nh7 27. Ne3 27... f6 28.
Qd1 28... Rf7 29. Ra8 29...
Nf8 30. Qa1 30... Ng6 31. Qa7 31... Nf4 32. Bf1 32... Qd4 33. Qxd4 33... exd4 34. Nf5 34... Bxf5 35. gxf5 35... d3 36. Ra2 36...
b5 37. Rd2 37... bxc4 38. bxc4 38... Rb7 39.
Bxd3 39... Nxh3 40. Kh2 40...
Nf4 41. Bb1 41... Kf7 42. f3 42... Ke7 43. Kg1 43... Rb8 44. Kf2 44... h3 45. Ke3 45... b3 46. Kd4 46...
Ng2 47. Rd1 47... b2 48. Rh1 48... Rh8 49.
Rh2 49... Ne1 50. Ke3 50... Ng2 51. Kd4 51...
g4 52. fxg4 52... Rh4 53. c5 53... dxc5 54. Kxc5 54... Nf4 55. g5",1. 0:03:00 0. 0:03:00 1... 0:03:01 0. 0:03:01 2. 0:03:01 0. 0:03:02 2... 0:03:01 0. 0:03:04 3. 0:02:58 0. 0:03:05 3... 0:03:00 0. 0:03:06 4. 0:03:01 0. 0:03:07 4... 0:03:02 0. 0:03:08 5. 0:02:56 0. 0:03:09 5... 0:02:56 0. 0:03:10 6. 0:02:57 0. 0:03:09 6... 0:02:56 0. 0:03:09 7. 0:02:57 0. 0:03:07 7... 0:02:58 0. 0:02:56 8. 0:02:50 0. 0:02:57 8... 0:02:50 0. 0:02:53 9. 0:02:38 0. 0:02:50 9... 0:02:35 0. 0:02:39 10. 0:02:35 0. 0:02:34 10... 0:02:36 0. 0:02:34 11. 0:02:36 0. 0:02:07 11... 0:02:34 0. 0:02:07 12. 0:02:28 0. 0:02:07 12... 0:02:24 0. 0:02:04 13. 0:02:24 0. 0:02:04 13... 0:02:25 0. 0:01:56 14. 0:02:24 0. 0:01:56 14... 0:02:06 0. 0:01:52 15. 0:02:05 0. 0:01:52 15... 0:02:03 0. 0:01:33 16. 0:01:57 1. 0:01:31 16... 0:01:55 1. 0:01:24 17. 0:01:50 1. 0:01:25 17... 0:01:50 1. 0:01:26 18. 0:01:38 1. 0:01:24 18... 0:01:38 0. 0:01:20 19. 0:01:34 0. 0:01:21 19... 0:01:35 0. 0:01:19 20. 0:01:35 0. 0:01:14 20... 0:01:29 0. 0:01:15 21. 0:01:28 0. 0:01:10 21... 0:01:26 0. 0:01:10 22. 0:01:26 0. 0:01:07 22... 0:01:25 0. 0:01:00 23. 0:01:05 1. 0:00:59 23... 0:01:00 0. 0:00:46 24. 0:00:58 0. 0:00:41 24... 0:00:55 0. 0:00:16 25. 0:00:53 0. 0:00:16 25... 0:00:53 0. 0:00:12 26. 0:00:48 0. 0:00:07 26... 0:00:46 1. 0:00:07 27. 0:00:43 1. 0:00:07 27... 0:00:45 1. 0:00:02 28. 0:00:32,
Rated Blitz game,https://lichess.org/bcHI8EPl,2024.08.01,-,grekkko,yar4e,0-1,2024.08.01,00:07:52,1252,1275,,,C57,"Italian Game: Two Knights Defense, Ponziani-Steinitz Gambit",180+2,Time forfeit,"1. e4 1... e5 2. Nf3 2... Nc6 3. Bc4 3... Nf6 4. Ng5 4... Nxe4 5.
Bxf7 5... Ke7 6. Nxe4 6... Kxf7 7. Qf3 7... Kg8 8. Nbc3 8... Nd4 9.
Qd3 9... c5 10. Qc4 10... d5 11. Nxd5 11... Be6 12. Qxd4 12... exd4 13. Nf4 13... Bf5 14. d3 14... Bxe4 15. dxe4 15... Qe7 16. b3 16... Qxe4 17. Kd1 17... Rd8 18.
f3 18... Qf5 19. Re1 19... Bd6 20. Ne6 20... Re8 21. Nxd4 21... Rxe1 22. Kxe1 22... Qe5",1. 0:03:00 1... 0:03:00 2. 0:02:59 2... 0:03:02 3. 0:03:00 3... 0:03:03 4. 0:02:47 4... 0:02:56 5. 0:02:20 5... 0:02:56 6. 0:02:06 6... 0:02:54 7. 0:01:36 7... 0:02:54 8. 0:00:49 8... 0:02:54 9. 0:00:46 9... 0:02:37 10. 0:00:26 10... 0:02:20 11. 0:00:26 11... 0:02:17 12. 0:00:21 12... 0:02:14 13. 0:00:10 13... 0:02:05 14. 0:00:55 14... 0:02:05 15. 0:00:56 15... 0:02:04 16. 0:00:54 16... 0:02:03 17. 0:00:47 17... 0:01:56 18. 0:00:47 18... 0:01:50 19. 0:00:33 19... 0:01:41 20. 0:00:30 20... 0:01:38 21. 0:00:27 21... 0:01:37 22. 0:00:28 22... 0:01:33,
Rated Blitz game,https://lichess.org/wFYAfCR0,2024.08.01,-,nmiq,IPolishchuk,1-0,2024.08.01,00:07:52,2365,2275,,,C46,Three Knights Opening,180+2,Normal,"1. e4 1... e5 2. Nf3 2... Nc6 3. Nc3 3... Be7 4. d4 4... exd4 5. Nxd4 5... Nf6 6. Be3 6... a6 7. g3 7... O-O 8. Bg2 8... d6 9. O-O 9... Bd7 10. Re1 10... Bg4 11. Qd2 11...
Qd7 12. b3 12... Rad8 13. f3 13... Bh3 14.
Rad1 14... Bxg2 15. Kxg2 15... Rfe8 16. h4 16...
g6 17. Nce2 17... Ne5 18. Nf4 18... Bf8 19.
Rh1 19... h5 20. Nde2 20...
Bg7 21. c4 21... Qc6 22. Nc3 22... b6 23.
Rc1 23... Kf8 24. Rhd1 24...
Ned7 25. Rc2 25... Nc5 26. Ncd5 26... Ne6 27.
Rdc1 27... Nxf4 28. Bxf4 28...
Qd7 29. b4 29... Qc8 30.
Bh6 30... Re5 31. Bxg7 31... Kxg7 32. Nxf6 32... Kxf6 33.
Qd4 33... Ke7 34. c5 34... bxc5 35. bxc5 35...
Qe6 36. cxd6 36... cxd6 37. Rc7 37... Rd7 38.
Qa7 38... Rxc7 39. Rxc7 39...
Kf8 40. Qxa6 40... Kg7 41. Rc2 41... Rc5 42.
Rxc5 42... dxc5 43. Qxe6 43... fxe6 44. f4 44...
Kf6 45. Kf3 45... Ke7 46. Ke3 46... Kd6 47.
Kd3 47... Kc6 48.
Kc4 48... Kb6 49. a4",1. 0:03:00 0. 0:03:00 1... 0:03:01 0. 0:03:01 2. 0:03:02 0. 0:03:01 2... 0:03:01 0. 0:03:01 3. 0:03:03 0. 0:02:58 3... 0:02:58 0. 0:02:54 4. 0:02:33 0. 0:02:52 4... 0:02:33 0. 0:02:49 5. 0:02:20 0. 0:02:49 5... 0:02:07 0. 0:02:46 6. 0:02:06 0. 0:02:43 6... 0:01:54 0. 0:02:41 7. 0:01:49 0. 0:02:37 7... 0:01:50 0. 0:02:37 8. 0:01:46 0. 0:02:35 8... 0:01:37 0. 0:02:13 9. 0:01:36 0. 0:02:07 9... 0:01:11 0. 0:02:02 10. 0:00:54 0. 0:01:56 10... 0:00:42 0. 0:01:47 11. 0:00:41 0. 0:01:40 11... 0:00:35 0. 0:01:23 12. 0:00:32 0. 0:01:09 12... 0:00:32 0. 0:00:57 13. 0:00:28 0. 0:00:57 13... 0:00:23 0. 0:00:54 14. 0:00:18 0. 0:00:52 14... 0:00:11 0. 0:00:49 15. 0:00:08 0. 0:00:45 15... 0:00:07 1. 0:00:32 16. 0:00:05 0. 0:00:33 16... 0:00:03 1. 0:00:33 17. 0:00:04 0. 0:00:32 17... 0:00:03 0. 0:00:29 18. 0:00:04 0. 0:00:30 18... 0:00:05 0. 0:00:30 19. 0:00:06 0. 0:00:30 19... 0:00:05 0. 0:00:27 20. 0:00:07 0. 0:00:28 20... 0:00:07 0. 0:00:28 21. 0:00:07 0. 0:00:23 21... 0:00:08 0. 0:00:20 22. 0:00:09 0. 0:00:21 22... 0:00:10 0. 0:00:21 23. 0:00:11 0. 0:00:22 23... 0:00:12 1. 0:00:23 24. 0:00:13 0. 0:00:23 24... 0:00:14 1. 0:00:24 25. 0:00:12,
Rated Blitz game,https://lichess.org/xkJkX715,2024.08.01,-,stonkfish9,armik12,0-1,2024.08.01,00:07:52,1517,1510,,,A40,Englund Gambit Declined: Reversed Krebs,180+2,Normal,"1. d4 1... e5 2. Nf3 2... e4 3. Nfd2 3... d5 4. c4 4... c6 5. b4 5... a6 6. Ba3 6...
Nf6 7. Nc3 7... Bf5 8.
Qa4 8... b5 9. cxb5 9... cxb5 10. Nxb5 10... Nbd7 11. Nd6 11... Bxd6 12. Rc1 12... O-O 13. e3 13... h6 14. Bxa6 14... Qb6 15. b5 15... Bxa3 16. Qxa3 16... Nb8 17.
Rc6 17... Nxc6 18. O-O 18... Nb8 19. Nb3 19... Nxa6 20. bxa6 20... Rxa6 21. Qe7 21... Rxa2 22. Nc5 22... Ra7 23. Qe5 23... Re8 24. Qg3 24... Bc8 25. Rc1 25... Ba6 26.
Kh1 26... Rc8 27. Nd7 27... Rxc1",1. 0:03:00 1... 0:03:00 2. 0:03:00 2... 0:03:00 3. 0:02:53 3... 0:03:01 4. 0:02:49 4... 0:02:59 5. 0:02:48 5... 0:02:57 6. 0:02:40 6... 0:02:55 7. 0:02:34 7... 0:02:50 8. 0:02:33 8... 0:02:42 9. 0:02:29 9... 0:02:41 10. 0:02:29 10... 0:02:36 11. 0:02:18 11... 0:02:34 12. 0:02:04 12... 0:02:32 13. 0:02:02 13... 0:02:30 14. 0:02:00 14... 0:02:22 15. 0:01:58 15... 0:02:18 16. 0:01:59 16... 0:02:15 17. 0:01:53 17... 0:02:07 18. 0:01:52 18... 0:02:05 19. 0:01:47 19... 0:02:01 20. 0:01:47 20... 0:02:03 21. 0:01:47 21... 0:01:59 22. 0:01:45 22... 0:01:51 23. 0:01:43 23... 0:01:44 24. 0:01:42 24... 0:01:20 25. 0:01:39 25... 0:01:02 26. 0:01:37 26... 0:00:49 27. 0:01:31 27... 0:00:01,
Rated Blitz game,https://lichess.org/CwQ68rYk,2024.08.01,-,KettuR,chesslasse,1-0,2024.08.01,00:07:52,1192,1251,,,D00,Queen's Pawn Game: Accelerated London System,180+2,Normal,"1. d4 1... d5 2. Bf4 2... Nc6 3. Nf3 3... Nf6 4. e3 4... Bg4 5. Bd3 5... e6 6. Nbd2 6...
Ne4 7. Nxe4 7... dxe4 8. Bxe4 8... f5 9. Bd3 9... Bd6 10. Bg3 10... Bxg3 11. hxg3 11... Qd5 12.
Be2 12... O-O-O 13. c3 13... h6 14. Qc2 14... g5 15. O-O-O 15... Qxa2 16. Ne5 16... Bxe2 17. Qxe2 17... Rhf8 18. Nxc6 18... bxc6 19. Kc2 19... Qa4 20. b3 20... Qa2 21.
Kd3 21... Qxe2 22. Kxe2 22... f4 23. Ra1 23...
g4 24. Rxh6 24... f3 25. gxf3 25... gxf3 26. Kd2 26... Rd6 27. Rxa7 27... Kb8 28. Ra5 28... Kb7 29. Re5 29... Re8 30.
Rf6 30... Kb6 31. Rxf3 31... Re7 32. Rf6 32... Kb7 33. g4 33... Kc8 34.
g5 34... Kd7 35. f4 35... Rg7 36. b4 36... Ke7 37. c4 37... Rf7 38.
c5 38... Rd5 39. Rfxe6 39... Kd7 40. Rf6 40... Rxf6 41. gxf6 41... Kd8 42. f7 42... Rxe5 43.
dxe5 43... Ke7 44. Kd3 44... Kxf7 45. Kd4 45... Ke6 46. e4 46... Kd7 47.
f5 47... Ke7 48. Kc4 48... Kd7 49. b5 49... cxb5 50. Kxb5 50... c6 51.
Kb6 51... Ke7 52. Kxc6 52... Kf7 53. Kd6 53... Ke8 54. c6 54... Kd8 55.
f6 55... Ke8 56. c7",1. 0:03:00 1... 0:03:00 2. 0:03:01 2... 0:03:00 3. 0:03:03 3... 0:02:59 4. 0:03:00 4... 0:02:57 5. 0:03:00 5... 0:02:56 6. 0:03:00 6... 0:02:52 7. 0:02:59 7... 0:02:41 8. 0:03:00 8... 0:02:39 9. 0:02:50 9... 0:02:37 10. 0:02:39 10... 0:02:29 11. 0:02:41 11... 0:02:17 12. 0:02:37 12... 0:02:11 13. 0:02:25 13... 0:02:02 14. 0:02:17 14... 0:01:57 15. 0:02:17 15... 0:01:53 16. 0:02:05 16... 0:01:52 17. 0:02:04 17... 0:01:50 18. 0:01:48 18... 0:01:47 19. 0:01:50 19... 0:01:44 20. 0:01:46 20... 0:01:44 21. 0:01:41 21... 0:01:45 22. 0:01:41 22... 0:01:45 23. 0:01:34 23... 0:01:43 24. 0:01:24 24... 0:01:40 25. 0:01:25 25... 0:01:41 26. 0:01:11 26... 0:01:40 27. 0:01:10 27... 0:01:39 28. 0:00:57 28... 0:01:28 29. 0:00:57 29... 0:01:09 30. 0:00:57 30... 0:00:59 31. 0:00:55 31... 0:00:41 32. 0:00:52 32... 0:00:36 33. 0:00:49 33... 0:00:31 34. 0:00:49 34... 0:00:31 35. 0:00:47 35... 0:00:31 36. 0:00:31 36... 0:00:29 37. 0:00:31 37... 0:00:19 38. 0:00:24 38... 0:00:16 39. 0:00:22 39... 0:00:13 40. 0:00:13 40... 0:00:13 41. 0:00:15 41... 0:00:07 42. 0:00:11 42... 0:00:05 43. 0:00:12 43... 0:00:05 44. 0:00:08 44... 0:00:06 45. 0:00:10 45... 0:00:07 46. 0:00:10 46... 0:00:06 47. 0:00:10 47... 0:00:07 48. 0:00:09 48... 0:00:08 49. 0:00:10 49... 0:00:09 50. 0:00:11 50... 0:00:10 51. 0:00:12 51... 0:00:10 52. 0:00:13 52... 0:00:11 53. 0:00:14 53... 0:00:11 54. 0:00:15 54... 0:00:12 55. 0:00:15 55... 0:00:13 56. 0:00:16,
Rated Blitz game,https://lichess.org/ttDw9FZA,2024.08.01,-,czeezee,grip9900,0-1,2024.08.01,00:07:52,1376,1406,,,B00,Pirc Defense,180+2,Time forfeit,"1. e4 1... d6 2. d4 2... c6 3. Nf3 3... Qc7 4. Bf4 4... Bg4 5. Be2 5... Nd7 6. h3 6...
Bxf3 7. Bxf3 7... g6 8. Nc3 8... Bg7 9. Qd2 9... Ngf6 10. O-O-O 10... O-O 11. e5 11... dxe5 12.
dxe5 12... Nxe5 13. Bxe5 13... Qxe5 14. Rhe1 14... Qc7 15. g4 15... e6 16. h4 16... h5 17.
gxh5 17... Nxh5 18. Qg5 18... f6 19. Qxg6 19... Qf4 20. Re3 20... Qxh4 21. Bxh5 21... Rae8 22. Rg1 22... Re7 23. Rxe6 23... Rff7 24. Rxe7 24... Rxe7 25. b3 25... Qd4 26. Nd1 26... f5 27.
Ne3 27... Rd7 28. Qe8 28... Kh7 29. Bg6 29... Kh6 30. Rh1 30... Kg5 31.
Rg1 31... Kf4 32. Ng2 32... Kf3 33. Qe3 33... Qxe3 34. Nxe3 34... Kxf2",1. 0:03:00 1... 0:03:00 2. 0:03:01 2... 0:03:02 3. 0:03:00 3... 0:03:04 4. 0:02:58 4... 0:03:05 5. 0:02:58 5... 0:03:07 6. 0:02:58 6... 0:03:08 7. 0:02:59 7... 0:03:10 8. 0:02:59 8... 0:03:12 9. 0:02:58 9... 0:03:13 10. 0:02:50 10... 0:03:14 11. 0:02:50 11... 0:03:13 12. 0:02:49 12... 0:03:13 13. 0:02:42 13... 0:03:13 14. 0:02:41 14... 0:03:11 15. 0:02:23 15... 0:03:08 16. 0:02:23 16... 0:03:07 17. 0:02:18 17... 0:03:05 18. 0:02:14 18... 0:02:58 19. 0:02:09 19... 0:02:50 20. 0:01:52 20... 0:02:17 21. 0:01:48 21... 0:02:10 22. 0:01:48 22... 0:02:04 23. 0:01:44 23... 0:01:56 24. 0:01:18 24... 0:01:57 25. 0:00:57 25... 0:01:44 26. 0:00:39 26... 0:01:43 27. 0:00:33 27... 0:01:41 28. 0:00:27 28... 0:01:40 29. 0:00:24 29... 0:01:38 30. 0:00:22 30... 0:01:38 31. 0:00:12 31... 0:01:38 32. 0:00:07 32... 0:01:33 33. 0:00:04 33... 0:01:29 34. 0:00:05 34... 0:01:28,
Rated Blitz game,https://lichess.org/r0RgLCyo,2024.08.01,-,ChesserCool007,conweezy,1-0,2024.08.01,00:07:52,1446,1476,,,B21,Sicilian Defense: Smith-Morra Gambit Accepted,180+2,Normal,"1. e4 1... c5 2. d4 2... cxd4 3. c3 3... dxc3 4. Nxc3 4... g6 5. Nf3 5... Bg7 6. Bc4 6...
e6 7. Bd3 7... Ne7 8.
O-O 8... Nbc6 9. Re1 9... d5 10. e5 10... O-O 11. Bf4 11... b6 12.
Nb5 12... Bb7 13. Nd6 13... Nc8 14. Nxb7",1. 0:03:00 1... 0:03:00 2. 0:03:01 2... 0:03:01 3. 0:03:03 3... 0:03:02 4. 0:03:05 4... 0:03:03 5. 0:03:04 5... 0:03:04 6. 0:03:04 6... 0:03:03 7. 0:03:05 7... 0:03:04 8. 0:03:05 8... 0:03:05 9. 0:03:04 9... 0:03:01 10. 0:03:04 10... 0:02:57 11. 0:02:36 11... 0:02:52 12. 0:02:23 12... 0:02:47 13. 0:02:23 13... 0:02:48 14. 0:02:23,
Rated Blitz game,https://lichess.org/MMN9nZbM,2024.08.01,-,diegoyahen,magjistari,0-1,2024.08.01,00:07:52,1530,1527,,,A04,Zukertort Opening: Queenside Fianchetto Variation,180+2,Normal,"1. Nf3 1... b6 2. d4 2... Bb7 3. c4 3... g6 4. Nc3 4... Bg7 5. Bf4 5... Nf6 6. e3 6... O-O 7. Bd3 7... d6 8. O-O 8... Nbd7 9. Re1 9...
a5 10. Rc1 10... a4 11. e4 11... a3 12. Qe2 12... e5 13. dxe5 13... dxe5 14. Bxe5 14... Nxe5 15. Nxe5 15... axb2 16. Qxb2 16... Ng4 17. Nxg4 17... Qxd3 18. Re3 18... Qxc4 19. Nd5 19... Bxb2 20. Rxc4 20... Rxa2 21. Ndf6 21... Kg7 22. h3 22... Bxf6 23. Nxf6 23... Kxf6 24. Rf3 24... Kg7 25. Rxc7 25... Bxe4 26. Re3 26... Bd5 27. Re5 27... Bc4 28. Rxc4 28... Rd8 29. Rb5 29... Rdd2 30. Rf4 30... Rab2 31.
Rbb4 31... b5 32. Kh2 32... Rdc2 33. Rxb2 33... Rxb2 34. Kg3 34... b4 35.
Kf3 35... b3 36. Ke3 36... Rc2 37. Rb4 37... b2 38. Kd3 38... Rxf2 39.
g3 39... Rg2 40. h4 40... Rxg3 41. Ke4 41... Rg4",1. 0:03:00 1... 0:03:00 2. 0:02:59 2... 0:03:01 3. 0:03:00 3... 0:02:58 4. 0:02:59 4... 0:02:58 5. 0:02:59 5... 0:02:57 6. 0:02:59 6... 0:02:57 7. 0:02:59 7... 0:02:57 8. 0:03:00 8... 0:02:52 9. 0:02:45 9... 0:02:52 10. 0:02:47 10... 0:02:52 11. 0:02:48 11... 0:02:46 12. 0:02:47 12... 0:02:28 13. 0:02:46 13... 0:02:29 14. 0:02:45 14... 0:02:29 15. 0:02:44 15... 0:02:30 16. 0:02:38 16... 0:02:29 17. 0:02:00 17... 0:02:29 18. 0:01:52 18... 0:02:24 19. 0:01:53 19... 0:02:17 20. 0:01:52 20... 0:02:06 21. 0:01:44 21... 0:02:03 22. 0:01:29 22... 0:02:00 23. 0:01:22 23... 0:02:01 24. 0:01:20 24... 0:01:59 25. 0:01:21 25... 0:02:00 26. 0:01:11 26... 0:01:55 27. 0:01:07 27... 0:01:54 28. 0:01:05 28... 0:01:53 29. 0:01:03 29... 0:01:53 30. 0:01:03 30... 0:01:54 31. 0:00:58 31... 0:01:53 32. 0:00:57 32... 0:01:49 33. 0:00:43 33... 0:01:49 34. 0:00:32 34... 0:01:50 35. 0:00:32 35... 0:01:51 36. 0:00:33 36... 0:01:52 37. 0:00:29 37... 0:01:49 38. 0:00:30 38... 0:01:48 39. 0:00:21 39... 0:01:47 40. 0:00:13 40... 0:01:48 41. 0:00:14 41... 0:01:48,
Rated Blitz game,https://lichess.org/LZjOly73,2024.08.01,-,IsiistEasy,andrewsmacbeir,1-0,2024.08.01,00:07:52,2009,2003,,,B33,Sicilian Defense: Lasker-Pelikan Variation,180+2,Normal,"1. e4 1... c5 2. Nf3 2... Nc6 3. d4 3... cxd4 4. Nxd4 4... Nf6 5.
Nc3 5... e5 6. Ndb5 6... d6 7. Nd5 7... Nxd5 8. exd5 8... Ne7 9. c4 9... Ng6 10. Qa4 10...
Bd7 11. Qb4 11... Qb8 12. Bd3 12... Be7 13. O-O 13... O-O 14. Be3 14... b6 15. a4 15... f5 16. f4 16... e4 17.
Be2 17... Bxb5 18. cxb5 18... Bf6 19. Rac1 19... Rc8 20. Rc6 20... Ne7 21. Rxd6 21... Bxb2 22. Rd7 22... Bf6 23. Rxe7 23... Bxe7 24. Qxe7 24... Rc7 25. Qe6 25... Rf7 26. d6 26... Kf8 27.
Bc4",1. 0:03:00 1... 0:03:00 2. 0:03:01 2... 0:03:01 3. 0:03:03 3... 0:03:03 4. 0:03:05 4... 0:03:04 5. 0:03:01 5... 0:03:05 6. 0:02:50 6... 0:03:04 7. 0:02:51 7... 0:03:05 8. 0:02:53 8... 0:03:06 9. 0:02:48 9... 0:03:07 10. 0:02:46 10... 0:03:08 11. 0:02:44 11... 0:03:04 12. 0:02:13 12... 0:03:02 13. 0:02:11 13... 0:03:01 14. 0:01:42 14... 0:03:00 15. 0:01:32 15... 0:02:39 16. 0:01:09 16... 0:02:37 17. 0:01:07 17... 0:02:26 18. 0:00:36 18... 0:02:23 19. 0:00:37 19... 0:02:22 20. 0:00:27 20... 0:02:21 21. 0:00:22 21... 0:02:17 22. 0:00:23 22... 0:02:12 23. 0:00:23 23... 0:02:11 24. 0:00:25 24... 0:02:09 25. 0:00:25 25... 0:02:03 26. 0:00:26 26... 0:01:51 27. 0:00:24,
Rated Blitz game,https://lichess.org/7ucNlS2o,2024.08.01,-,udo_rocketlauncher,Bipede,0-1,2024.08.01,00:07:52,1817,1854,,,A80,Dutch Defense,180+2,Normal,"1. d4 1... f5 2. Bf4 2... Nf6 3. e3 3... e6 4. Nf3 4... d5 5. Bd3 5... c5 6. dxc5 6... Bxc5 7. c3 7... Nc6 8. Qc2 8... O-O 9. b4 9...
Bd6 10. Bg3 10... Ne4 11. Nbd2 11... Bxg3 12. hxg3 12... Qf6 13. Nd4 13... Bd7 14. Nxe4 14... fxe4 15. Bb5 15... a6 16.
Bxc6 16... bxc6 17. Qa4 17... Qxf2 18. Kd1 18... Qxg2 19. Re1 19... Qxg3 20. Nxc6 20... Qd6 21.
Ne7 21... Qxe7 22. Qc2 22... Bb5 23. a4 23...
Bd3 24. Qh2 24... Qf6 25. Ra3 25... Qf3 26. Kc1 26... Qf2 27. Ra2 27... Qxe1 28. Kb2 28... Qxe3 29. Ka3 29... Bc4 30.
Rc2 30... Rf3 31. Qd6 31... Rf6 32. Kb2 32... Bd3 33. Rc1 33... Raf8 34.
a5 34... Qd2 35. Kb3 35... Qxc1",1. 0:03:00 1... 0:03:00 2. 0:03:01 2... 0:03:01 3. 0:03:03 3... 0:03:03 4. 0:03:04 4... 0:03:04 5. 0:03:05 5... 0:03:05 6. 0:03:05 6... 0:03:05 7. 0:03:07 7... 0:03:06 8. 0:03:09 8... 0:03:06 9. 0:03:08 9... 0:02:55 10. 0:03:01 10... 0:02:54 11. 0:02:58 11... 0:02:46 12. 0:02:57 12... 0:02:40 13. 0:02:56 13... 0:02:34 14. 0:02:47 14... 0:02:34 15. 0:02:46 15... 0:02:32 16. 0:02:46 16... 0:02:33 17. 0:02:43 17... 0:02:25 18. 0:02:42 18... 0:02:22 19. 0:02:37 19... 0:02:14 20. 0:02:30 20... 0:01:57 21. 0:02:05 21... 0:01:57 22. 0:02:07 22... 0:01:55 23. 0:02:07 23... 0:01:55 24. 0:02:04 24... 0:01:53 25. 0:01:55 25... 0:01:44 26. 0:01:50 26... 0:01:44 27. 0:01:47 27... 0:01:40 28. 0:01:41 28... 0:01:37 29. 0:01:39 29... 0:01:34 30. 0:01:35 30... 0:01:29 31. 0:01:32 31... 0:01:07 32. 0:01:28 32... 0:00:58 33. 0:01:23 33... 0:00:55 34. 0:01:09 34... 0:00:54 35. 0:01:05 35... 0:00:52,
Rated Blitz game,https://lichess.org/D4IJshvE,2024.08.01,-,scorpio_2021,tropical_drawer,0-1,2024.08.01,00:07:52,2383,2433,,,C03,"French Defense: Tarrasch Variation, Morozevich Variation",180+2,Normal,"1. e4 1... e6 2. d4 2... d5 3. Nd2 3... Be7 4. Ngf3 4... g5 5. h3 5... b6 6. Bb5 6...
c6 7. Bd3 7... Nd7 8.
c3 8... Bb7 9. Qe2 9... h6 10. Nf1 10... Ngf6 11. Ng3 11... dxe4 12.
Nxe4 12... Nxe4 13. Qxe4 13... Qc7 14. O-O 14... O-O-O 15. a4 15... Rdg8 16. Ne5 16... Nxe5 17.
dxe5 17... h5 18. a5 18... g4 19. axb6 19... axb6 20. h4 20... Bxh4 21.
Be3 21... Bd8 22. Ra7 22... h4 23. Ba6 23... Bxa6 24. Rxc7 24... Kxc7 25. Ra1 25... Bb7 26. Qd4 26... Kc8 27. Ra7 27... h3 28. Rxb7 28... Kxb7 29. Qd7 29... Bc7 30.
gxh3 30... gxh3 31. Kh1 31... h2 32. f4 32...
Rd8",1. 0:03:00 1... 0:03:00 2. 0:03:00 2... 0:03:01 3. 0:03:01 3... 0:02:58 4. 0:03:01 4... 0:02:46 5. 0:02:56 5... 0:02:11 6. 0:02:54 6... 0:02:09 7. 0:02:55 7... 0:02:03 8. 0:02:53 8... 0:02:01 9. 0:02:49 9... 0:01:52 10. 0:02:48 10... 0:01:51 11. 0:02:48 11... 0:01:50 12. 0:02:49 12... 0:01:52 13. 0:02:49 13... 0:01:50 14. 0:02:36 14... 0:01:43 15. 0:02:36 15... 0:01:30 16. 0:02:34 16... 0:01:29 17. 0:02:30 17... 0:01:15 18. 0:02:29 18... 0:01:07 19. 0:02:27 19... 0:01:06 20. 0:02:21 20... 0:01:02 21. 0:02:14 21... 0:01:03 22. 0:02:12 22... 0:00:59 23. 0:02:09 23... 0:00:44 24. 0:02:06 24... 0:00:45 25. 0:02:06 25... 0:00:45 26. 0:02:06 26... 0:00:40 27. 0:01:59 27... 0:00:36 28. 0:01:53 28... 0:00:31 29. 0:01:53 29... 0:00:31 30. 0:01:30 30... 0:00:27 31. 0:01:31 31... 0:00:18 32. 0:01:11 32... 0:00:17,
Rated Blitz game,https://lichess.org/22YRgvyj,2024.08.01,-,jamathorn,szymandj,1-0,2024.08.01,00:08:37,1324,1336,,,D00,Queen's Pawn Game: Accelerated London System,180+2,Normal,1. d4 1... d5 2. Bf4 2... Nc6 3. Nc3 3... Nxd4 4. Qxd4,1. 0:03:00 1... 0:03:00 2. 0:03:01 2... 0:03:01 3. 0:03:03 3... 0:03:01 4. 0:03:03,
Rated Blitz game,https://lichess.org/0L9BQRxo,2024.08.01,-,Gjjok,Bezaleel24,0-1,2024.08.01,00:08:37,1593,1604,,,A00,Hungarian Opening,180+2,Time forfeit,"1. g3 1... d5 2. Bg2 2... Nf6 3. e3 3... e5 4. Ne2 4... Be7 5. O-O 5... O-O 6. f4 6... exf4 7. exf4 7... c5 8. d4 8... Nc6 9. c3 9...
Bg4 10. h3 10... Bxe2 11. Qxe2 11... cxd4 12. Re1 12... Bc5 13. Kh1 13... dxc3 14. bxc3 14... Rc8 15. Qb5 15... b6 16.
c4 16... Bf2 17. Rf1 17... Bxg3 18. cxd5 18... Nd4 19. Qd3 19... Nc2 20.
Bb2 20... Bh4 21. Nd2 21... Nxa1 22. Bxa1 22... Rc5 23. d6 23... Qd7 24.
Nf3 24... Bg3 25. Ng5 25... Bxf4 26. Rxf4 26... Rxg5 27. Bxf6 27... gxf6 28. Rxf6 28... Re8 29. Qd2 29... Rge5 30. Qh6 30... Re1 31. Kh2 31... R8e6 32. Qg5 32... Kh8 33.
Rf3 33... Qxd6 34. Rg3 34... Rg6 35. Qh4 35... Rxg3 36. Qxg3 36... Qg6 37. Qb8 37... Kg7 38.
Qxa7 38... Re2",1. 0:03:00 1... 0:03:00 2. 0:03:01 2... 0:03:00 3. 0:03:02 3... 0:03:00 4. 0:03:04 4... 0:02:59 5. 0:03:04 5... 0:02:59 6. 0:03:05 6... 0:02:55 7. 0:03:05 7... 0:02:54 8. 0:03:05 8... 0:02:49 9. 0:03:04 9... 0:02:44 10. 0:03:03 10... 0:02:40 11. 0:03:04 11... 0:02:40 12. 0:02:55 12... 0:02:35 13. 0:02:52 13... 0:02:30 14. 0:02:51 14... 0:02:29 15. 0:02:43 15... 0:02:08 16. 0:02:27 16... 0:02:02 17. 0:02:16 17... 0:02:02 18. 0:02:17 18... 0:02:02 19. 0:02:09 19... 0:01:44 20. 0:01:58 20... 0:01:24 21. 0:01:22 21... 0:01:23 22. 0:01:22 22... 0:01:08 23. 0:01:15 23... 0:00:45 24. 0:01:14 24... 0:00:39 25. 0:01:03 25... 0:00:34 26. 0:00:54 26... 0:00:34 27. 0:00:43 27... 0:00:33 28. 0:00:33 28... 0:00:33 29. 0:00:22 29... 0:00:23 30. 0:00:19 30... 0:00:19 31. 0:00:19 31... 0:00:15 32. 0:00:20 32... 0:00:15 33. 0:00:10 33... 0:00:16 34. 0:00:10 34... 0:00:16 35. 0:00:06 35... 0:00:14 36. 0:00:06 36... 0:00:12 37. 0:00:06 37... 0:00:13 38. 0:00:05 38... 0:00:13,
Rated Blitz game,https://lichess.org/sKXcUnnW,2024.08.01,-,KUTRU,oceansidetj,1-0,2024.08.01,00:08:37,1035,1068,,,A40,Englund Gambit Complex: Hartlaub-Charlick Gambit,180+2,Normal,"1. d4 1... e5 2. dxe5 2... d6 3. exd6 3... Bxd6 4. Nc3 4... Nf6 5. Nb5 5... Nc6 6. Nxd6 6...
cxd6 7. Nf3 7... O-O 8. g3 8... Bg4 9. Bg2 9... Ne5 10. Nxe5 10... dxe5 11. O-O 11... Qb6 12.
e4 12... Bxd1 13. Rxd1 13... Rad8 14. Rxd8 14... Qxd8 15. Be3 15... Qc7 16.
Rd1 16... Qxc2 17. Bf3 17... Nxe4 18. Bxa7 18... Qxf2 19. Bxf2 19... Nxf2 20. Kxf2 20... f5 21. Bxb7 21... e4 22. Ke3 22...
Rb8 23. Bd5 23... Kf8 24. b3 24... g5 25. Rf1 25... f4 26. gxf4 26... gxf4 27. Rxf4",1. 0:03:00 1... 0:03:00 2. 0:02:59 2... 0:03:01 3. 0:02:59 3... 0:03:02 4. 0:02:59 4... 0:03:02 5. 0:02:58 5... 0:02:45 6. 0:02:56 6... 0:02:44 7. 0:02:56 7... 0:02:42 8. 0:02:47 8... 0:02:26 9. 0:02:47 9... 0:02:05 10. 0:02:45 10... 0:02:07 11. 0:02:44 11... 0:01:57 12. 0:02:35 12... 0:01:57 13. 0:02:35 13... 0:01:56 14. 0:02:31 14... 0:01:53 15. 0:02:31 15... 0:01:43 16. 0:02:27 16... 0:01:43 17. 0:02:15 17... 0:01:35 18. 0:02:07 18... 0:01:31 19. 0:02:05 19... 0:01:28 20. 0:02:07 20... 0:01:24 21. 0:02:06 21... 0:01:24 22. 0:02:05 22... 0:01:19 23. 0:01:59 23... 0:01:20 24. 0:01:57 24... 0:01:16 25. 0:01:53 25... 0:00:49 26. 0:01:49 26... 0:00:51 27. 0:01:48,
Rated Blitz game,https://lichess.org/e3OcFnXj,2024.08.01,-,jb-sr,pleighmate,0-1,2024.08.01,00:08:37,1729,1804,,,A45,Indian Defense,180+2,Normal,"1. d4 1... Nf6 2. Bf4 2... c5 3. c3 3... Qb6 4. Qc2 4... d6 5. Nf3 5... g6 6. e3 6... Bf5 7. Bd3 7... Bxd3 8. Qxd3 8... Qxb2 9. Nfd2 9...
Qxa1 10. Qb5 10... Nbd7 11. Qxb7 11... Rb8 12.
Qc7 12... Rxb1 13. Nxb1 13... Qxb1 14. Ke2 14... Qb8 15. Qxb8 15... Nxb8 16. dxc5 16... Nd5 17.
Bg3 17... e5 18. cxd6 18... Bxd6 19. Kd3 19... O-O 20. Rb1 20... Nb6 21.
c4 21... Rd8 22. Ke4 22... f5 23. Kf3 23... Nxc4",1. 0:03:00 1... 0:03:00 2. 0:03:00 2... 0:03:00 3. 0:03:01 3... 0:02:56 4. 0:03:00 4... 0:02:49 5. 0:03:01 5... 0:02:49 6. 0:03:00 6... 0:02:42 7. 0:02:55 7... 0:02:40 8. 0:02:47 8... 0:02:37 9. 0:02:42 9... 0:02:29 10. 0:02:24 10... 0:02:29 11. 0:02:21 11... 0:02:29 12. 0:01:42 12... 0:02:23 13. 0:01:42 13... 0:02:24 14. 0:01:43 14... 0:02:07 15. 0:01:21 15... 0:02:06 16. 0:01:22 16... 0:01:53 17. 0:01:12 17... 0:01:42 18. 0:01:09 18... 0:01:36 19. 0:00:56 19... 0:01:19 20. 0:00:49 20... 0:01:08 21. 0:00:41 21... 0:00:57 22. 0:00:36 22... 0:00:53 23. 0:00:31 23... 0:00:48,
Rated Blitz game,https://lichess.org/81nDZ9mA,2024.08.01,-,brianpho,sergey_miass,1-0,2024.08.01,00:08:37,1775,1654,,,B12,Caro-Kann Defense: Maróczy Variation,180+2,Normal,"1. e4 1... c6 2. d4 2... d5 3. f3 3... dxe4 4. Bc4 4... exf3 5.
Nxf3 5... Bg4 6. Bxf7 6... Kxf7 7. Ng5 7... Ke8 8. Qxg4 8... Nf6 9.
Qe6 9... Qd5 10. Qc8 10... Qd8 11. Qxd8 11... Kxd8 12. Nf7 12... Ke8 13.
Nxh8 13... g6 14. O-O 14... Bg7 15. Nxg6 15... hxg6 16. c3 16... Nbd7 17.
Bg5 17... c5 18. dxc5 18... Nxc5 19. Na3 19... a6 20. Rad1 20... b5 21.
Nc2 21... Rd8 22. Rxd8 22... Kxd8 23. Bxf6 23... exf6 24. Nd4 24... Ke7 25. Re1 25... Kd6 26.
Kf1 26... Nd3 27. Re6 27... Kd5 28. Rxa6 28... Nxb2 29. Rb6 29... Kc4 30.
Rxb5 30... Kxc3 31. Ne2 31... Kc2 32. Rxb2 32... Kxb2 33. a4 33... f5 34. a5 34... Bf8 35.
Nf4 35... g5 36. Ne6 36... Bd6 37. a6 37... Bb8 38. Nd8 38... Kb3 39.
Nc6 39... Bxh2 40. a7 40... f4 41. a8=Q 41... Kc4 42. Ne5 42... Kd4 43.
Qg8 43... Kxe5 44. Qxg5 44... Ke4 45. Ke2 45... Bg3 46. Qe7 46... Kf5 47. Kf3 47... Bh2 48.
Qf7 48... Kg5 49. Qe7 49... Kf5 50. Qf7 50... Kg5 51. Ke4 51... Bg3 52. Qf5 52... Kh4 53.
Qg6 53... Bh2 54. Kf5 54... Bg3 55. Qh6",1. 0:03:00 1... 0:03:00 2. 0:03:00 2... 0:03:02 3. 0:03:02 3... 0:03:03 4. 0:03:02 4... 0:03:03 5. 0:03:03 5... 0:03:04 6. 0:03:01 6... 0:03:05 7. 0:03:02 7... 0:03:01 8. 0:03:02 8... 0:03:03 9. 0:02:47 9... 0:03:00 10. 0:02:43 10... 0:02:54 11. 0:02:43 11... 0:02:54 12. 0:02:38 12... 0:02:54 13. 0:02:36 13... 0:02:55 14. 0:02:31 14... 0:02:56 15. 0:02:31 15... 0:02:57 16. 0:02:29 16... 0:02:56 17. 0:02:26 17... 0:02:51 18. 0:02:21 18... 0:02:52 19. 0:02:16 19... 0:02:45 20. 0:02:15 20... 0:02:42 21. 0:02:15 21... 0:02:43 22. 0:02:13 22... 0:02:45 23. 0:02:14 23... 0:02:46 24. 0:02:13 24... 0:02:40 25. 0:02:06 25... 0:02:41 26. 0:02:02 26... 0:02:42 27. 0:01:57 27... 0:02:43 28. 0:01:56 28... 0:02:44 29. 0:01:53 29... 0:02:43 30. 0:01:45 30... 0:02:44 31. 0:01:39 31... 0:02:41 32. 0:01:21 32... 0:02:42 33. 0:01:22 33... 0:02:43 34. 0:01:23 34... 0:02:37 35. 0:01:19 35... 0:02:37 36. 0:01:20 36... 0:02:33 37. 0:01:20 37... 0:02:31 38. 0:01:15 38... 0:02:29 39. 0:01:14 39... 0:02:29 40. 0:01:14 40... 0:02:25 41. 0:01:13 41... 0:02:24 42. 0:01:09 42... 0:02:25 43. 0:01:05 43... 0:02:25 44. 0:01:06 44... 0:02:24 45. 0:01:03 45... 0:02:13 46. 0:00:59 46... 0:02:14 47. 0:01:00 47... 0:02:13 48. 0:01:00 48... 0:02:13 49. 0:00:52 49... 0:02:14 50. 0:00:49 50... 0:02:15 51. 0:00:50 51... 0:02:14 52. 0:00:50 52... 0:02:05 53. 0:00:47 53... 0:02:03 54. 0:00:46 54... 0:01:57 55. 0:00:43,
Rated Blitz game,https://lichess.org/FVzQfDkg,2024.08.01,-,nima55001,antenor1326,0-1,2024.08.01,00:08:37,1889,1972,,,B08,Pirc Defense: Classical Variation,180+2,Normal,"1. e4 1... g6 2. d4 2... Bg7 3. Nf3 3... d6 4. Nc3 4... Nf6 5. Bc4 5... c6 6. O-O 6... b5 7. e5 7... bxc4 8. exf6 8...
Bxf6 9. Ne4 9... Bg7 10. Qe2 10... Be6 11.
Neg5 11... Qd7 12. Re1 12... Bd5 13. c3 13...
e6 14. h4 14... h5 15. Rb1 15... O-O 16.
b3 16... cxb3 17. axb3 17... Bxf3 18. Qxf3 18... d5 19. Bf4 19... Na6 20.
g4 20... hxg4 21. Qxg4 21... Rad8 22. h5 22...
e5 23. Ne6 23... Qxe6 24. Qxe6 24... fxe6 25. dxe5 25... Rxf4",1. 0:03:00 0. 0:03:00 1... 0:03:00 0. 0:03:01 2. 0:02:59 0. 0:03:02 2... 0:02:58 0. 0:03:01 3. 0:02:48 0. 0:03:01 3... 0:02:43 0. 0:02:58 4. 0:02:22 0. 0:02:56 4... 0:02:22 0. 0:02:57 5. 0:02:06 0. 0:02:54 5... 0:01:53 0. 0:02:51 6. 0:01:41 0. 0:02:39 6... 0:01:27 0. 0:02:33 7. 0:01:16 0. 0:02:32 7... 0:01:08 0. 0:02:29 8. 0:00:37 0. 0:02:24 8... 0:00:38 0. 0:02:15 9. 0:00:38 1. 0:02:15 9... 0:00:38 1. 0:02:14 10. 0:00:33 1. 0:02:10 10... 0:00:30 0. 0:02:06 11. 0:00:31 1. 0:01:34 11... 0:00:24 0. 0:01:35 12. 0:00:16 0. 0:01:32 12... 0:00:10 0. 0:01:33 13. 0:00:11 0. 0:01:31,
Rated Blitz game,https://lichess.org/hwrJ8OV7,2024.08.01,-,FIRST_BLOOD85,nikosadallas,1-0,2024.08.01,00:08:37,2047,2166,,,C45,Scotch Game: Horwitz Attack,180+2,Normal,"1. e4 1... Nc6 2. Nf3 2... e5 3. d4 3... exd4 4. Nxd4 4... Qh4 5.
Nb5 5... Qxe4 6. Be2 6... Bb4 7. c3 7... Ba5 8. O-O 8... Nge7 9.
Bd3 9... Qh4 10. Re1 10... O-O 11. Re4 11... Qf6 12. Qh5 12... g6 13.
Qh6 13... Qg7 14. Qg5 14... f6 15. Qc5 15... Bb6 16. Qc4 16... d5 17.
Qb3 17... Bf5 18. Re3 18... Bxe3 19. Bxf5 19... Bxc1 20. Be6 20... Kh8 21.
N1a3 21... Bh6 22. Nxc7 22... Na5 23. Qa4 23... Nec6 24. Nxa8 24... Rxa8 25. Bxd5 25... Rd8 26.
c4 26... Qd7 27. b4 27... Nxb4 28. Qxb4 28... Nc6 29. Qc5 29... Ne5 30.
Rf1 30... Nd3 31. Qd4 31... Nf4 32. Qxf6 32... Qg7 33. Qxd8 33... Qf8 34. Qxf8 34... Bxf8 35. g3 35... Ne2 36. Kg2 36... Bxa3 37. Re1 37... Nd4 38. Bxb7 38... Kg7 39.
Bd5 39... a5 40. Rb1 40... Bb4 41. Rf1 41... Ne2 42. f4 42... Nc3 43.
Rf2 43... Nd1 44. Rc2 44... Ne3 45. Kf3 45... Nxc2 46. Ke4 46... a4 47.
Kd3 47... Ne1 48. Ke2 48... a3 49. c5 49... Nc2 50. c6 50... Nd4 51.
Kd3 51... Nb5 52. Kc4 52... Bd6 53. Kxb5 53... Kf6 54. Kb6 54... g5 55.
fxg5 55... Kxg5 56. c7 56... Bxc7 57. Kxc7 57... Kg4 58. Be6 58... Kf3 59. h4 59... Kxg3 60.
h5 60... Kf4 61. Kc6 61... Ke5 62. Bd7 62... Kf6 63. Kb5 63... Ke7 64.
Bg4 64... Kf6 65. Ka4 65... Kg5 66. Bd1 66... Kf4 67. Kxa3 67... Ke3 68.
Kb4 68... Kd2 69. Bg4 69... Kd3 70. a4 70... Kd4 71. Bf5 71... Kd5 72.
Bxh7",1. 0:03:00 1... 0:03:00 2. 0:03:01 2... 0:02:42 3. 0:03:01 3... 0:02:43 4. 0:03:03 4... 0:02:44 5. 0:03:03 5... 0:02:42 6. 0:03:03 6... 0:02:41 7. 0:03:03 7... 0:02:41 8. 0:03:02 8... 0:02:42 9. 0:02:50 9... 0:02:37 10. 0:02:28 10... 0:02:36 11. 0:02:24 11... 0:02:22 12. 0:02:03 12... 0:02:18 13. 0:01:42 13... 0:02:17 14. 0:01:25 14... 0:02:13 15. 0:01:01 15... 0:02:10 16. 0:00:56 16... 0:02:09 17. 0:00:50 17... 0:02:09 18. 0:00:21 18... 0:02:09 19. 0:00:21 19... 0:02:08 20. 0:00:20 20... 0:02:09 21. 0:00:21 21... 0:02:03 22. 0:00:21 22... 0:01:59 23. 0:00:19 23... 0:01:52 24. 0:00:11 24... 0:01:47 25. 0:00:11 25... 0:01:47 26. 0:00:09 26... 0:01:46 27. 0:00:09 27... 0:01:37 28. 0:00:07 28... 0:01:36 29. 0:00:06 29... 0:01:33 30. 0:00:05 30... 0:01:29 31. 0:00:05 31... 0:01:29 32. 0:00:06 32... 0:01:26 33. 0:00:06 33... 0:01:26 34. 0:00:06 34... 0:01:28 35. 0:00:07 35... 0:01:26 36. 0:00:08 36... 0:01:27 37. 0:00:09 37... 0:01:23 38. 0:00:09 38... 0:01:21 39. 0:00:10 39... 0:01:18 40. 0:00:11 40... 0:01:18 41. 0:00:10 41... 0:01:17 42. 0:00:09 42... 0:01:17 43. 0:00:10 43... 0:01:15 44. 0:00:10 44... 0:01:15 45. 0:00:11 45... 0:01:17 46. 0:00:12 46... 0:01:16 47. 0:00:12 47... 0:01:15 48. 0:00:12 48... 0:01:16 49. 0:00:11 49... 0:01:15 50. 0:00:11 50... 0:01:15 51. 0:00:11 51... 0:01:15 52. 0:00:11 52... 0:01:15 53. 0:00:12 53... 0:01:16 54. 0:00:12 54... 0:01:16 55. 0:00:12 55... 0:01:18 56. 0:00:12 56... 0:01:17 57. 0:00:14 57... 0:01:18 58. 0:00:14 58... 0:01:19 59. 0:00:14 59... 0:01:20 60. 0:00:14 60... 0:01:16 61. 0:00:15 61... 0:01:13 62. 0:00:14 62... 0:01:11 63. 0:00:13 63... 0:01:12 64. 0:00:13 64... 0:01:13 65. 0:00:14 65... 0:01:11 66. 0:00:16 66... 0:01:12 67. 0:00:18 67... 0:01:13 68. 0:00:19 68... 0:01:14 69. 0:00:20 69... 0:01:15 70. 0:00:21 70... 0:01:17 71. 0:00:22 71... 0:01:19 72. 0:00:23,
Rated Blitz game,https://lichess.org/H3tEmLdi,2024.08.01,-,Janinhobsb,Jszx,0-1,2024.08.01,00:08:37,1860,1882,,,B22,Sicilian Defense: Alapin Variation,180+2,Normal,"1. e4 1... c5 2. c3 2... d5 3. d4 3... dxe4 4. Bb5 4... Bd7 5.
Qa4 5... Nc6 6. dxc5 6... Nf6 7. Ne2 7... e6 8. Be3 8... Be7 9. b4 9... Ng4 10. Bd2 10...
O-O 11. Na3 11... a5 12. Qb3 12... Bf6 13. Rd1 13... Qc7 14. h3 14...
Nge5 15. Bf4 15... Qc8 16. Nd4 16... Nxd4 17. cxd4 17... Nc6 18. Bd6 18... Nxd4 19. Bxd7 19... Qxd7 20. Rxd4 20... Bxd4 21. Bxf8 21... Rxf8 22. O-O 22... axb4 23. Qxb4 23... Qd5 24. Nb5 24... Bxc5 25. Qb3 25... Qf5 26.
a4 26... Rd8 27. Qc2 27... e3 28. Qxf5 28... exf5 29. fxe3 29... Bxe3 30. Kh2 30... f4 31. Nc3 31... b6 32. Ne2 32...
g5 33. Ng1 33... Rd4 34. Ra1 34... Bxg1 35. Kxg1 35... Rb4 36. Kf2 36... Kg7 37. Kf3 37... Kg6 38. Kg4 38... h5 39.
Kf3 39... Kf5 40. Kf2 40... g4 41. Ra2 41... f6 42. Kg1 42... Kg5 43.
Kf2 43... f5 44. Kf1 44... h4 45. hxg4 45... fxg4 46. Kf2 46... h3 47.
gxh3 47... gxh3 48. Kg1 48... Kg4 49. Kh2 49... f3 50. Kg1 50... Rf4 51. Kh2 51... Rf5 52.
Rf2 52... Ra5 53. Ra2 53... Re5 54. Kg1 54... Re2 55. Rxe2 55... fxe2 56. Kf2 56... h2 57. Kxe2 57... h1=Q",1. 0:03:00 1... 0:03:00 2. 0:03:00 2... 0:03:01 3. 0:03:02 3... 0:03:01 4. 0:03:00 4... 0:02:57 5. 0:02:50 5... 0:02:56 6. 0:02:47 6... 0:02:54 7. 0:02:47 7... 0:02:52 8. 0:02:46 8... 0:02:51 9. 0:02:45 9... 0:02:47 10. 0:02:23 10... 0:02:45 11. 0:02:17 11... 0:02:46 12. 0:02:07 12... 0:02:45 13. 0:02:03 13... 0:02:35 14. 0:01:59 14... 0:02:25 15. 0:01:50 15... 0:02:02 16. 0:01:37 16... 0:01:51 17. 0:01:34 17... 0:01:37 18. 0:01:29 18... 0:01:25 19. 0:01:20 19... 0:01:23 20. 0:01:17 20... 0:01:23 21. 0:01:17 21... 0:01:23 22. 0:01:03 22... 0:01:24 23. 0:01:03 23... 0:01:23 24. 0:01:01 24... 0:01:13 25. 0:00:51 25... 0:00:59 26. 0:00:34 26... 0:00:59 27. 0:00:33 27... 0:00:49 28. 0:00:24 28... 0:00:47 29. 0:00:25 29... 0:00:49 30. 0:00:26 30... 0:00:39 31. 0:00:17 31... 0:00:37 32. 0:00:17 32... 0:00:35 33. 0:00:13 33... 0:00:25 34. 0:00:11 34... 0:00:25 35. 0:00:12 35... 0:00:24 36. 0:00:12 36... 0:00:25 37. 0:00:13 37... 0:00:26 38. 0:00:12 38... 0:00:26 39. 0:00:13 39... 0:00:24 40. 0:00:13 40... 0:00:23 41. 0:00:12 41... 0:00:16 42. 0:00:10 42... 0:00:16 43. 0:00:10 43... 0:00:15 44. 0:00:08 44... 0:00:16 45. 0:00:08 45... 0:00:17 46. 0:00:09 46... 0:00:16 47. 0:00:09 47... 0:00:17 48. 0:00:10 48... 0:00:17 49. 0:00:11 49... 0:00:11 50. 0:00:09 50... 0:00:09 51. 0:00:08 51... 0:00:08 52. 0:00:08 52... 0:00:08 53. 0:00:08 53... 0:00:09 54. 0:00:09 54... 0:00:10 55. 0:00:09 55... 0:00:12 56. 0:00:10 56... 0:00:12 57. 0:00:11 57... 0:00:12,
Rated Blitz game,https://lichess.org/oA1kSFr3,2024.08.01,-,amrhussein,andy2233,0-1,2024.08.01,00:08:37,1306,1318,,,B01,Scandinavian Defense: Valencian Variation,180+2,Time forfeit,"1. e4 1... d5 2. exd5 2... Qxd5 3. Nc3 3... Qd8 4. d4 4... e6 5. Nf3 5... Bb4 6. a3 6...
Bxc3 7. bxc3 7... Nc6 8. Bb5 8... Bd7 9. Ne5 9... Nge7 10. O-O 10... O-O 11. Re1 11... f6 12.
Bxc6 12... Nxc6 13. Nxc6 13... Bxc6 14. Be3 14... Qd5 15. f3 15... Qc4 16. Bd2 16... Rae8 17.
Re3 17... e5 18. dxe5 18... Rxe5 19. Qe1 19... Rxe3 20. Qxe3 20... Re8 21.
Qf2 21... Re2 22. Qf1 22... Bb5 23. Qd1 23... Qd5 24. Rb1 24... Rxd2 25.
Qe1 25... Re2 26. Qf2 26... Rxf2",1. 0:03:00 1... 0:03:00 2. 0:03:01 2... 0:03:01 3. 0:03:02 3... 0:03:03 4. 0:03:04 4... 0:03:04 5. 0:03:04 5... 0:03:06 6. 0:03:02 6... 0:03:06 7. 0:03:02 7... 0:03:07 8. 0:03:02 8... 0:03:07 9. 0:03:01 9... 0:03:05 10. 0:02:54 10... 0:03:04 11. 0:02:52 11... 0:03:03 12. 0:02:51 12... 0:03:02 13. 0:02:50 13... 0:02:54 14. 0:02:46 14... 0:02:49 15. 0:02:42 15... 0:02:20 16. 0:02:28 16... 0:02:04 17. 0:02:18 17... 0:01:35 18. 0:02:13 18... 0:01:30 19. 0:02:07 19... 0:01:22 20. 0:02:05 20... 0:01:21 21. 0:01:50 21... 0:01:12 22. 0:01:36 22... 0:01:04 23. 0:01:26 23... 0:00:36 24. 0:01:13 24... 0:00:32 25. 0:01:03 25... 0:00:19 26. 0:00:52 26... 0:00:19,
Rated Blitz game,https://lichess.org/N3AEhkVR,2024.08.01,-,zerca,Inpanec,0-1,2024.08.01,00:08:37,2128,2136,,,B11,"Caro-Kann Defense: Two Knights Attack, Mindeno Variation, Exchange Line",180+2,Normal,"1. e4 1... c6 2. Nf3 2... d5 3. Nc3 3... Bg4 4. h3 4... Bxf3 5.
gxf3 5... e6 6. d4 6... Nf6 7. Bd3 7... Be7 8. e5 8... Nfd7 9. f4 9... g6 10. Be3 10...
c5 11. Qd2 11... Nc6 12. Bb5 12... Rc8 13. dxc5 13... Nxc5 14. O-O-O 14... a6 15. Bxc6 15... Rxc6 16. Bd4 16... b5 17.
h4 17... h5 18. f3 18... Bxh4 19. Rdg1 19... Be7 20. Bxc5 20... Bxc5 21. Qd3 21... Qe7 22. f5 22... gxf5 23. Rg7 23... h4 24. f4 24... Bf2 25. Nxd5 25... exd5 26. Qxd5 26... Qe6 27. Qf3 27... Bb6 28. Rd1 28... h3 29. Qg3 29... Kf8 30. Rd8 30... Bxd8 31. Qd3 31... Kxg7",1. 0:03:00 1... 0:03:00 2. 0:03:01 2... 0:03:01 3. 0:03:03 3... 0:03:01 4. 0:03:02 4... 0:03:01 5. 0:03:02 5... 0:03:01 6. 0:03:03 6... 0:03:01 7. 0:03:00 7... 0:02:59 8. 0:03:00 8... 0:02:58 9. 0:03:01 9... 0:02:59 10. 0:03:00 10... 0:02:59 11. 0:02:58 11... 0:02:58 12. 0:02:58 12... 0:02:52 13. 0:02:56 13... 0:02:47 14. 0:02:53 14... 0:02:47 15. 0:02:51 15... 0:02:48 16. 0:02:45 16... 0:02:37 17. 0:02:44 17... 0:02:36 18. 0:02:34 18... 0:02:37 19. 0:02:26 19... 0:02:34 20. 0:02:21 20... 0:02:33 21. 0:02:22 21... 0:02:24 22. 0:02:11 22... 0:02:18 23. 0:01:42 23... 0:02:13 24. 0:01:28 24... 0:01:45 25. 0:00:42 25... 0:01:42 26. 0:00:43 26... 0:01:34 27. 0:00:33 27... 0:00:57 28. 0:00:28 28... 0:00:53 29. 0:00:25 29... 0:00:36 30. 0:00:20 30... 0:00:35 31. 0:00:11 31... 0:00:30,
Rated Blitz game,https://lichess.org/emgcRvvb,2024.08.01,-,montagdude,Honigloeffler,1-0,2024.08.01,00:08:37,1012,1004,,,C01,French Defense: Exchange Variation,180+2,Time forfeit,"1. e4 1... e6 2. d4 2... d5 3.
exd5 3... Qxd5 4. Nc3 4... Qd7 5. Nf3 5... g6 6. Bb5 6... Nc6 7. d5 7... exd5 8. Qxd5 8... Qxd5 9.
Nxd5 9... Bb4 10. Bd2 10...
Bxd2 11. Nxd2 11... Rb8 12. Nxc7 12... Ke7 13.
Nd5 13... Kf8 14. O-O 14... Nd4 15. Bd3 15...
Be6 16. Nf4 16... Rd8 17. Nxe6 17... Nxe6 18.
Rfe1 18... Nd4 19. Ne4 19...
Ne7 20. Rad1 20... Nec6 21. Nf6 21... Kg7 22.
Ng4 22... Nb4 23. c3 23... Nxd3 24. Rxd3 24... Nc2 25. Rxd8 25... Rxd8 26.
Rc1 26... f5 27. Ne5 27... Kf6 28. f4 28...
b5 29. Rxc2 29... Rd1 30. Kf2 30... Rh1 31.
h3 31... Rh2 32. Kg3 32... Rh1 33. Nc6 33...
Ra1 34. a3 34... Rb1 35. Nxa7 35... Ke6 36.
Nxb5 36... Re1 37. a4 37... Re3 38. Kf2 38...
Re4 39. a5 39... Kd7 40. a6 40... Ra4 41. a7 41... Kc6 42.
c4 42... Kb6 43. b3 43... Ra1 44. Rd2 44... Ra6 45. Rd6 45... Kb7 46. Rxa6 46... Kxa6 47. a8=Q",1. 0:03:00 0. 0:03:00 1... 0:02:59 0. 0:03:00 2. 0:03:00 0. 0:02:59 2... 0:02:58 0. 0:02:54 3. 0:02:57 0. 0:02:50 3... 0:02:57 0. 0:02:49 4. 0:02:53 0. 0:02:49 4... 0:02:43 0. 0:02:49 5. 0:02:42 0. 0:02:48 5... 0:02:33 2. 0:02:47 6. 0:02:32 1. 0:02:25 6... 0:02:26 4. 0:02:11 7. 0:02:24 2. 0:02:08 7... 0:02:22 3. 0:02:05 8. 0:02:13 0. 0:01:50 8... 0:02:01 1. 0:01:42 9. 0:01:57 1. 0:01:43 9... 0:01:56 5. 0:01:39 10. 0:01:38 2. 0:01:20 10... 0:01:32 2. 0:01:04 11. 0:01:09 2. 0:00:56 11... 0:01:01 2. 0:00:41 12. 0:00:51 2. 0:00:37 12... 0:00:51 2. 0:00:34 13. 0:00:48 2. 0:00:33 13... 0:00:44 2. 0:00:24 14. 0:00:41 1. 0:00:19 14... 0:00:41 1. 0:00:13 15. 0:00:39 1. 0:00:13 15... 0:00:40 1. 0:00:05 16. 0:00:41 1. 0:00:05 16... 0:00:40 1. 0:00:06 17. 0:00:40 1. 0:00:06 17... 0:00:40 1. 0:00:06 18. 0:00:41 0. 0:00:07 18... 0:00:41 2. 0:00:07 19. 0:00:40 1. 0:00:09 19... 0:00:38 2. 0:00:08 20. 0:00:38 2. 0:00:08 20... 0:00:36 2. 0:00:09 21. 0:00:35 1. 0:00:08 21... 0:00:33 1. 0:00:07 22. 0:00:31 1. 0:00:06 22... 0:00:26 1. 0:00:04 23. 0:00:26 2. 0:00:04 23... 0:00:26 2. 0:00:05 24. 0:00:26,
Rated Blitz game,https://lichess.org/DAz2Ouya,2024.08.01,-,Nasser1771,bandar1771,1-0,2024.08.01,00:08:39,948,592,,,B00,Nimzowitsch Defense: Declined Variation,180+2,Normal,"1. e4 1... Nc6 2. Nf3 2... d5 3. Bb5 3... Nf6 4. exd5 4... Nxd5 5.
Bxc6 5... bxc6 6. Nc3 6... e5 7. Nxe5 7... Qe7 8. Qe2 8... f6 9. Qh5 9... g6 10. Qe2 10...
Bh6 11. Nxd5 11... cxd5 12. Qb5 12... c6 13.
Qxc6 13... Bd7 14. Qxa8 14... Bc8 15. Qxc8 15... Qd8 16. Qxd8 16... Kxd8 17. Nf7 17... Kc8 18.
Nxh8 18... Bg7 19. Nf7 19... Kd7 20. O-O 20... Ke6 21. Nd8 21... Ke7 22.
Nb7 22... Ke6 23. d4 23... Bf8 24. Be3 24... f5 25. Nc5 25... Bxc5 26. dxc5 26... Kd7 27. Rfd1 27... Kc6 28. b4 28...
f4 29. Bd4 29... g5 30. Rab1 30... h5 31. b5 31... Kc7 32. b6 32... axb6 33. cxb6 33... Kb7 34. Re1 34... g4 35.
Re7 35... Kc6 36. b7",1. 0:03:00 1... 0:03:00 2. 0:03:00 2... 0:03:01 3. 0:02:54 3... 0:03:02 4. 0:02:54 4... 0:03:03 5. 0:02:53 5... 0:03:04 6. 0:02:47 6... 0:03:05 7. 0:02:46 7... 0:03:03 8. 0:02:43 8... 0:03:00 9. 0:02:37 9... 0:03:00 10. 0:02:27 10... 0:03:00 11. 0:02:23 11... 0:03:00 12. 0:02:21 12... 0:03:00 13. 0:02:21 13... 0:03:01 14. 0:02:20 14... 0:02:59 15. 0:02:20 15... 0:02:57 16. 0:02:14 16... 0:02:58 17. 0:02:16 17... 0:02:58 18. 0:02:17 18... 0:02:59 19. 0:02:16 19... 0:02:59 20. 0:02:15 20... 0:03:00 21. 0:02:15 21... 0:03:01 22. 0:02:16 22... 0:03:03 23. 0:02:16 23... 0:03:04 24. 0:02:15 24... 0:03:00 25. 0:02:16 25... 0:03:01 26. 0:02:16 26... 0:03:01 27. 0:02:17 27... 0:03:02 28. 0:02:15 28... 0:03:04 29. 0:02:15 29... 0:03:05 30. 0:02:13 30... 0:03:06 31. 0:02:15 31... 0:03:05 32. 0:02:13 32... 0:03:06 33. 0:02:15 33... 0:03:06 34. 0:02:12 34... 0:03:06 35. 0:02:12 35... 0:03:07 36. 0:02:13,
Rated Blitz tournament https://lichess.org/tournament/UkN7F9SL,https://lichess.org/ooyKjaQL,2024.08.01,-,Lucas_zhen_chess,Argely,0-1,2024.08.01,00:08:39,1562,1913,,,E90,King's Indian Defense: Zinnowitz Variation,180+2,Normal,"1. d4 1... Nf6 2. c4 2... g6 3. Nc3 3... Bg7 4. e4 4... d6 5. Nf3 5... O-O 6. Bg5 6...
Nc6 7. Bd3 7... e5 8.
d5 8... Nd4 9. Nxd4 9... exd4 10. Ne2 10... Qe8 11. Bxf6 11... Bxf6 12. Ng3 12... h5 13. Qf3 13... Qe5 14. Qd1 14... c5 15. dxc6 15... bxc6 16. Qa4 16... h4 17.
Ne2 17... h3 18. g3 18... Bg4 19. f4 19... Qc5 20. Qc2 20... Bf3 21.
Rf1 21... Bg2 22. Rf2 22... Rab8 23. b3 23... Rfe8 24. Nc1 24... d5 25.
e5 25... Bg7 26. Bf1 26... f6 27. Bxg2 27... hxg2 28. Rxg2 28... fxe5 29. fxe5 29... Bxe5 30. Kd1 30... Bg7 31. Re2 31... Rxe2 32. Qxe2 32... dxc4 33. Qxc4 33... Qxc4 34. bxc4 34... d3 35. Nb3 35... Bxa1 36. Nxa1 36... Rb2 37. Nb3 37... Rxa2 38. Nc5 38... Rxh2 39.
Nxd3 39... Rg2 40. Ne5 40... c5 41. Nxg6 41... Rxg3 42. Ne5 42... Rc3 43.
Kd2 43... Ra3 44. Nd7 44... Ra5 45. Kc3 45... Kf7 46. Kb3 46... Ke6 47.
Nb8 47... Kd6",1. 0:03:00 1... 0:03:00 2. 0:03:01 2... 0:02:59 3. 0:03:02 3... 0:02:59 4. 0:03:03 4... 0:02:59 5. 0:03:04 5... 0:03:00 6. 0:03:00 6... 0:03:01 7. 0:02:47 7... 0:02:58 8. 0:02:47 8... 0:02:56 9. 0:02:45 9... 0:02:56 10. 0:02:46 10... 0:02:34 11. 0:02:39 11... 0:02:33 12. 0:02:14 12... 0:02:24 13. 0:02:01 13... 0:01:58 14. 0:01:26 14... 0:01:43 15. 0:01:12 15... 0:01:43 16. 0:00:56 16... 0:00:59 17. 0:00:40 17... 0:00:47 18. 0:00:33 18... 0:00:47 19. 0:00:26 19... 0:00:33 20. 0:00:19 20... 0:00:23 21. 0:00:16 21... 0:00:24 22. 0:00:17 22... 0:00:25 23. 0:00:17 23... 0:00:25 24. 0:00:18 24... 0:00:25 25. 0:00:19 25... 0:00:26 26. 0:00:14 26... 0:00:24 27. 0:00:15 27... 0:00:25 28. 0:00:14 28... 0:00:26 29. 0:00:13 29... 0:00:27 30. 0:00:06 30... 0:00:23 31. 0:00:07 31... 0:00:23 32. 0:00:08 32... 0:00:24 33. 0:00:10 33... 0:00:25 34. 0:00:11 34... 0:00:26 35. 0:00:08 35... 0:00:26 36. 0:00:10 36... 0:00:27 37. 0:00:07 37... 0:00:28 38. 0:00:08 38... 0:00:29 39. 0:00:10 39... 0:00:29 40. 0:00:10 40... 0:00:30 41. 0:00:11 41... 0:00:31 42. 0:00:12 42... 0:00:31 43. 0:00:13 43... 0:00:31 44. 0:00:12 44... 0:00:29 45. 0:00:14 45... 0:00:28 46. 0:00:13 46... 0:00:23 47. 0:00:13 47... 0:00:22,
Rated Blitz game,https://lichess.org/NJuy305B,2024.08.01,-,infesterlorax,tavarine,0-1,2024.08.01,00:08:12,1077,1102,,,C23,Bishop's Opening,180+2,Normal,"1. e4 1... e5 2. Bc4 2... d6 3. Qf3 3... Nf6 4. Nh3 4... Bg4 5. Qg3 5... Qd7 6. Ng5 6...
d5 7. exd5 7... Bd6 8.
h3 8... Bf5 9. Nc3 9... e4 10. Bb5 10... c6 11. dxc6 11... bxc6 12. Bc4 12... Bxg3 13. fxg3 13... O-O 14. Ncxe4",1. 0:03:00 1... 0:03:00 2. 0:03:01 2... 0:02:59 3. 0:03:03 3... 0:02:55 4. 0:03:02 4... 0:02:48 5. 0:02:53 5... 0:02:36 6. 0:02:53 6... 0:02:27 7. 0:02:53 7... 0:01:51 8. 0:02:41 8... 0:01:43 9. 0:02:38 9... 0:01:42 10. 0:02:38 10... 0:01:39 11. 0:02:38 11... 0:01:40 12. 0:02:31 12... 0:01:38 13. 0:02:26 13... 0:01:35 14. 0:02:22,
Rated Blitz game,https://lichess.org/LhPbjbIy,2024.08.01,-,Habib93,P3rrys0n,0-1,2024.08.01,00:08:12,1436,1470,,,A01,Nimzo-Larsen Attack: English Variation,180+2,Normal,"1. b3 1... c5 2. Bb2 2... d5 3. e3 3... Nc6 4. c4 4... d4 5. exd4 5... Nxd4 6. Nf3 6... Bg4 7. Be2 7... Nf6 8.
Nxd4 8... cxd4 9. Bxg4 9... e6 10. Bf3 10... Bb4 11. O-O 11... d3 12.
Bxb7 12... Rb8 13. Bc6 13... Ke7 14. Nc3 14... a6 15. a3 15... Ba5 16. b4 16... Bc7 17.
Re1 17... Qd6 18. g3 18... Qxc6",1. 0:03:00 1... 0:03:00 2. 0:03:00 2... 0:03:00 3. 0:03:00 3... 0:03:00 4. 0:03:01 4... 0:02:57 5. 0:03:01 5... 0:02:57 6. 0:03:02 6... 0:02:48 7. 0:02:56 7... 0:02:26 8. 0:02:54 8... 0:02:25 9. 0:02:54 9... 0:02:21 10. 0:02:41 10... 0:02:16 11. 0:02:41 11... 0:02:15 12. 0:02:37 12... 0:02:15 13. 0:02:31 13... 0:02:15 14. 0:02:29 14... 0:02:13 15. 0:02:19 15... 0:02:13 16. 0:02:17 16... 0:02:13 17. 0:02:06 17... 0:02:08 18. 0:02:05 18... 0:02:07,
Rated Blitz game,https://lichess.org/cH8eHbgn,2024.08.01,-,Aleks_Sliskovic,psicoAguero,0-1,2024.08.01,00:08:12,1312,1327,,,C00,French Defense: Normal Variation,180+2,Normal,"1. e4 1... e6 2. d4 2... c6 3. e5 3... h6 4. Nc3 4... a6 5. Nf3 5... b5 6. a3 6... Bb7 7. Bd3 7... d6 8. O-O 8... Nd7 9. h3 9... Be7 10. Bf4 10... g5 11.
Bg3 11... dxe5 12. dxe5 12... h5 13. Ne4 13...
c5 14. b4 14... c4 15.
Be2 15... Bxe4 16. Nd2 16... Bxg2 17. Kxg2 17... Nh6 18. Bf3 18... g4 19.
Bxa8 19... Qxa8 20. Kh2 20... gxh3 21. Kxh3 21... h4 22. Bxh4 22... Nxe5 23. Bxe7 23... Nf5 24. Bh4 24... Rxh4",1. 0:03:00 1... 0:03:00 2. 0:03:01 2... 0:03:02 3. 0:03:00 3... 0:03:04 4. 0:02:59 4... 0:03:06 5. 0:02:57 5... 0:03:08 6. 0:02:56 6... 0:03:10 7. 0:02:55 7... 0:03:11 8. 0:02:54 8... 0:03:10 9. 0:02:52 9... 0:03:09 10. 0:02:46 10... 0:03:03 11. 0:02:46 11... 0:02:49 12. 0:02:44 12... 0:02:44 13. 0:02:31 13... 0:02:29 14. 0:02:27 14... 0:02:18 15. 0:02:27 15... 0:02:17 16. 0:02:24 16... 0:02:04 17. 0:02:24 17... 0:01:53 18. 0:02:16 18... 0:01:53 19. 0:02:11 19... 0:01:47 20. 0:02:11 20... 0:01:37 21. 0:02:11 21... 0:01:18 22. 0:02:11 22... 0:01:19 23. 0:02:08 23... 0:01:14 24. 0:01:54 24... 0:01:12,
Rated Blitz game,https://lichess.org/78EL67ek,2024.08.01,-,ataca62,Master_Balin75,1-0,2024.08.01,00:08:12,1747,1768,,,A46,Indian Defense: Knights Variation,180+2,Time forfeit,"1. d4 1... Nf6 2. Nf3 2... e6 3. Nbd2 3... d5 4. e3 4... c5 5. c3 5... cxd4 6. exd4 6...
Bd6 7. Bd3 7... a6 8.
a3 8... h6 9. b4 9...
O-O 10. O-O 10... Re8 11. Nb3 11... b6 12. Be3 12... Bb7 13. Qc2 13... Nbd7 14. Rae1 14... Kh8 15. a4 15... Ng4 16.
g3 16... f5 17. Bd2 17... Nf8 18. Ne5 18... Qf6 19. Nxg4 19... fxg4 20. Qd1 20... h5 21. f4 21... Re7 22. Qe2 22... Rae8 23. Bxa6 23... Bxa6 24. Qxa6 24... Bc7 25.
Qd3 25... h4 26. Kg2 26... h3 27. Kh1 27... Ng6 28. a5 28... bxa5 29.
bxa5 29... Rf7 30. Nc5 30... Ne7 31. Nd7",1. 0:03:00 1... 0:03:00 2. 0:03:01 2... 0:03:01 3. 0:03:02 3... 0:03:02 4. 0:03:03 4... 0:03:04 5. 0:03:04 5... 0:03:04 6. 0:03:01 6... 0:03:06 7. 0:03:02 7... 0:03:06 8. 0:03:02 8... 0:03:07 9. 0:03:03 9... 0:03:08 10. 0:03:03 10... 0:03:06 11. 0:03:00 11... 0:03:02 12. 0:02:57 12... 0:02:59 13. 0:02:56 13... 0:02:59 14. 0:02:55 14... 0:02:50 15. 0:02:56 15... 0:02:50 16. 0:02:52 16... 0:02:47 17. 0:02:40 17... 0:02:14 18. 0:02:37 18... 0:01:45 19. 0:02:31 19... 0:01:43 20. 0:02:18 20... 0:01:41 21. 0:02:02 21... 0:00:48 22. 0:01:43 22... 0:00:36 23. 0:01:41 23... 0:00:34 24. 0:01:41 24... 0:00:30 25. 0:01:33 25... 0:00:27 26. 0:01:32 26... 0:00:26 27. 0:01:30 27... 0:00:15 28. 0:01:24 28... 0:00:15 29. 0:01:24 29... 0:00:11 30. 0:01:24 30... 0:00:08 31. 0:01:23,
Rated Blitz game,https://lichess.org/q0FiSlOU,2024.08.01,-,Jack_sparrow2112,Amem2154583,0-1,2024.08.01,00:08:12,1669,1652,,,C60,Ruy Lopez,180+2,Normal,"1. e4 1... e5 2. Nf3 2... Nc6 3. Bb5 3... Bd6 4. Bxc6 4... Ne7 5.
Bd5 5... c6 6. Bb3 6... O-O 7. d4 7... exd4 8. Qxd4 8... Bc7 9.
Bd2 9... Re8 10. Bc3 10... Nf5 11. Qc4 11... d5 12. Qa4 12... Rxe4 13. Qxe4 13... dxe4 14. Nd4 14... Nxd4 15. Bxd4 15... Bf5 16. Be3 16... Qd6 17. Nc3 17... Rd8 18.
Rd1 18... Qe7 19. Rxd8 19... Qxd8 20. O-O 20... h6 21. g3 21... Bh3 22. Rd1 22... Qf6 23.
f4 23... exf3 24. Kf2 24... Bb6 25. Bxb6 25... axb6 26. Bc4 26... Be6 27.
Bxe6 27... fxe6 28. Rd3 28... Qf5 29. Nd1 29... e5 30. Ne3 30... Qe4 31. a3 31... g5 32. h3 32... h5 33. Rd8 33... Kf7 34. Rd7 34... Ke8 35. Rxb7 35... g4 36.
hxg4 36... hxg4 37. Rxb6 37... c5 38. Re6 38... Kd8 39. Rd6 39... Kc7 40. Rd5 40... Kc6 41.
Rd8 41... c4 42. Rc8 42... Kb5 43. Rxc4 43... Qxc4 44. Nxc4 44... Kxc4 45. Ke3 45... e4 46. b3 46... Kc3 47. a4 47...
f2 48. Kxf2 48... Kd2 49. a5 49... e3 50. Kf1 50... e2 51. Kf2 51... e1=Q 52. Kg2 52... Qe4 53. Kf2 53... Qxc2 54.
a6 54... Kc3 55. Ke3 55... Qd3 56. Kf4 56... Qxa6 57. Kxg4 57... Kxb3 58. Kh4 58... Kc4 59. g4 59... Kd5 60. g5 60...
Ke5 61. Kh5 61... Kf5 62. Kh4",1. 0:03:00 1... 0:03:00 2. 0:02:59 2... 0:03:02 3. 0:03:00 3... 0:03:04 4. 0:03:01 4... 0:03:05 5. 0:02:56 5... 0:03:06 6. 0:02:55 6... 0:03:06 7. 0:02:56 7... 0:03:05 8. 0:02:56 8... 0:03:02 9. 0:02:53 9... 0:03:01 10. 0:02:53 10... 0:02:30 11. 0:02:48 11... 0:02:29 12. 0:02:36 12... 0:02:26 13. 0:02:33 13... 0:02:26 14. 0:02:34 14... 0:02:27 15. 0:02:35 15... 0:02:25 16. 0:02:32 16... 0:02:19 17. 0:02:27 17... 0:02:15 18. 0:02:25 18... 0:02:12 19. 0:02:25 19... 0:02:13 20. 0:02:25 20... 0:02:11 21. 0:02:19 21... 0:02:11 22. 0:02:19 22... 0:02:04 23. 0:02:10 23... 0:02:03 24. 0:02:10 24... 0:02:00 25. 0:02:09 25... 0:02:01 26. 0:02:04 26... 0:01:59 27. 0:02:03 27... 0:01:58 28. 0:02:02 28... 0:01:45 29. 0:01:50 29... 0:01:43 30. 0:01:50 30... 0:01:40 31. 0:01:31 31... 0:01:38 32. 0:01:30 32... 0:01:38 33. 0:01:23 33... 0:01:38 34. 0:01:24 34... 0:01:39 35. 0:01:25 35... 0:01:39 36. 0:01:25 36... 0:01:39 37. 0:01:17 37... 0:01:38 38. 0:01:05 38... 0:01:38 39. 0:01:05 39... 0:01:38 40. 0:01:01 40... 0:01:34 41. 0:00:58 41... 0:01:33 42. 0:00:56 42... 0:01:33 43. 0:00:55 43... 0:01:31 44. 0:00:56 44... 0:01:33 45. 0:00:57 45... 0:01:33 46. 0:00:55 46... 0:01:34 47. 0:00:56 47... 0:01:27 48. 0:00:57 48... 0:01:28 49. 0:00:58 49... 0:01:29 50. 0:00:57 50... 0:01:31 51. 0:00:58 51... 0:01:33 52. 0:00:59 52... 0:01:32 53. 0:01:00 53... 0:01:33 54. 0:01:01 54... 0:01:33 55. 0:01:02 55... 0:01:33 56. 0:01:02 56... 0:01:34 57. 0:01:03 57... 0:01:35 58. 0:01:04 58... 0:01:36 59. 0:01:05 59... 0:01:38 60. 0:01:06 60... 0:01:39 61. 0:01:07 61... 0:01:39 62. 0:01:07,
Rated Blitz game,https://lichess.org/A0Neckv4,2024.08.01,-,Kira_Myakina,A1B3RTdGREAT,1-0,2024.08.01,00:08:12,1525,1523,,,B01,Scandinavian Defense: Boehnke Gambit,180+2,Normal,"1. e4 1... d5 2. exd5 2... e6 3. dxe6 3... Bxe6 4. Nc3 4... Bd6 5. Nf3 5... Qe7 6. Be2 6...
Nc6 7. d3 7... O-O-O 8. O-O 8... Nf6 9. Re1 9... h6 10. a3 10... g5 11. Be3 11... Kb8 12.
Qc1 12... g4 13. Nd2 13... h5 14. Nde4 14... Nxe4 15. Nxe4 15... Rdg8 16. Bg5 16... Rxg5 17. Qxg5 17... Qd7 18. Nxd6 18... Qxd6 19. b4 19... Nd4 20. Qd2 20... h4 21.
Rab1 21... g3 22. fxg3 22... hxg3 23. h3 23... Bxh3 24. gxh3 24... Rxh3 25. Bg4 25... Rh8 26. Qg2 26... f5 27. Bf3 27...
Rh2 28. Re8",1. 0:03:00 1... 0:03:00 2. 0:03:00 2... 0:03:01 3. 0:03:01 3... 0:03:03 4. 0:03:01 4... 0:03:05 5. 0:03:00 5... 0:03:06 6. 0:03:00 6... 0:03:08 7. 0:03:01 7... 0:03:09 8. 0:02:58 8... 0:03:09 9. 0:02:58 9... 0:03:06 10. 0:02:54 10... 0:03:06 11. 0:02:51 11... 0:03:03 12. 0:02:45 12... 0:03:03 13. 0:02:44 13... 0:03:00 14. 0:02:45 14... 0:02:55 15. 0:02:45 15... 0:02:36 16. 0:02:40 16... 0:02:33 17. 0:02:40 17... 0:02:24 18. 0:02:31 18... 0:02:25 19. 0:02:07 19... 0:02:21 20. 0:01:45 20... 0:02:19 21. 0:01:31 21... 0:01:49 22. 0:01:29 22... 0:01:48 23. 0:01:25 23... 0:01:48 24. 0:01:25 24... 0:01:48 25. 0:01:12 25... 0:01:21 26. 0:00:36 26... 0:00:59 27. 0:00:34 27... 0:00:46 28. 0:00:29,
Rated Blitz game,https://lichess.org/ELxTmDV6,2024.08.01,-,Danaco,poilsonico,0-1,2024.08.01,00:08:12,1434,1404,,,B06,Modern Defense,180+2,Time forfeit,"1. e4 1... g6 2. Bc4 2... Bg7 3. Qf3 3... e6 4. Nh3 4... Nc6 5. c3 5... Ne5 6. Qe2 6...
Nxc4 7. Qxc4 7... a6 8. d4 8... b5 9. Qb3 9... Rb8 10. O-O 10... Nh6 11. Bg5 11... f6 12.
Bh4 12... g5 13. Bg3 13... O-O 14. d5 14... f5 15. Nd2 15... f4 16.
Bxf4 16... gxf4 17. Nf3 17... c5 18. e5 18...
c4 19. Qd1 19... Rf5 20. Qd4 20... Ng4",1. 0:03:00 1... 0:03:00 2. 0:03:01 2... 0:03:00 3. 0:02:59 3... 0:02:59 4. 0:02:52 4... 0:03:00 5. 0:02:51 5... 0:02:59 6. 0:02:49 6... 0:02:59 7. 0:02:50 7... 0:02:58 8. 0:02:47 8... 0:02:59 9. 0:02:39 9... 0:02:47 10. 0:02:38 10... 0:02:34 11. 0:02:29 11... 0:02:32 12. 0:02:24 12... 0:02:33 13. 0:02:23 13... 0:02:26 14. 0:02:17 14... 0:02:09 15. 0:01:53 15... 0:02:06 16. 0:01:10 16... 0:02:05 17. 0:01:08 17... 0:01:53 18. 0:00:46 18... 0:01:52 19. 0:00:43 19... 0:01:32 20. 0:00:17 20... 0:01:26,
Rated Blitz game,https://lichess.org/9I3TyNHH,2024.08.01,-,narren0,Ish117,1-0,2024.08.01,00:08:12,1771,1785,,,E32,Nimzo-Indian Defense: Classical Variation,180+2,Normal,"1. d4 1... Nf6 2. c4 2... e6 3. Nc3 3... Bb4 4. Qc2 4... O-O 5. a3 5... Bxc3 6. Qxc3 6... d5 7. e3 7... Ne4 8. Qc2 8... Nd7 9. Nf3 9... Ndf6 10. b3 10... dxc4 11. bxc4 11... c5 12.
Bb2 12... cxd4 13. exd4 13... b6 14. Bd3 14...
Bb7 15. O-O 15... Rc8 16. Rad1 16... Nd6 17. c5 17... Bxf3 18. gxf3 18... bxc5 19. dxc5 19... Qa5 20. Bxf6 20... Rxc5 21. Qb2 21... gxf6 22. Qxf6 22... Rg5 23. Kh1 23... Rg6 24. Bxg6 24... hxg6",1. 0:03:00 1... 0:03:00 2. 0:03:00 2... 0:03:01 3. 0:03:01 3... 0:03:02 4. 0:02:56 4... 0:03:02 5. 0:02:56 5... 0:03:03 6. 0:02:56 6... 0:03:04 7. 0:02:51 7... 0:03:03 8. 0:02:38 8... 0:02:54 9. 0:02:38 9... 0:02:54 10. 0:02:25 10... 0:02:47 11. 0:02:25 11... 0:02:47 12. 0:02:21 12... 0:02:44 13. 0:02:21 13... 0:02:36 14. 0:02:08 14... 0:02:37 15. 0:01:51 15... 0:02:37 16. 0:01:46 16... 0:02:15 17. 0:01:30 17... 0:02:04 18. 0:01:30 18... 0:01:53 19. 0:01:30 19... 0:01:51 20. 0:01:20 20... 0:01:46 21. 0:01:03 21... 0:01:34 22. 0:01:01 22... 0:01:29 23. 0:01:00 23... 0:01:30 24. 0:00:59 24... 0:01:30,
Rated Blitz game,https://lichess.org/gI7GiiB1,2024.08.01,-,timurbek,artax2005,1-0,2024.08.01,00:08:12,2001,2026,,,B01,"Scandinavian Defense: Main Line, Leonhardt Gambit",180+2,Normal,"1. e4 1... d5 2. exd5 2... Qxd5 3. Nc3 3... Qa5 4. b4 4... Qxb4 5. Nb5 5... Qa5 6. Bc4 6...
c6 7. Bxf7 7... Kxf7 8. Qh5 8... g6 9. Nd6 9... exd6 10. Qxa5 10... Nf6 11. Qc7 11... Nbd7 12. d3 12... Bg7 13.
Bb2 13... Re8 14. Ne2 14... Re7 15. Qxd6 15... Bf8 16. Qd4 16... c5 17.
Qc4 17... Ke8 18. O-O-O 18... Rxe2 19. Rde1 19... Bh6 20. Kb1 20... Re7 21. Rxe7 21... Kxe7 22. Re1 22... Kd8 23. Bxf6 23... Nxf6 24. Qxc5 24... Nd7 25. Qe7 25... Kc7 26. Qxh7 26... Bf8 27.
Qxg6 27... b6 28. h4 28... Bb7 29. h5 29... Rd8 30. h6 30... Ba3 31.
h7 31... Nf8 32. Qg7 32... Rd7 33. Qxd7",1. 0:03:00 1... 0:03:00 2. 0:03:01 2... 0:02:59 3. 0:02:59 3... 0:03:01 4. 0:02:59 4... 0:02:52 5. 0:02:57 5... 0:02:43 6. 0:02:58 6... 0:02:41 7. 0:02:54 7... 0:02:40 8. 0:02:55 8... 0:02:17 9. 0:02:48 9... 0:02:13 10. 0:02:48 10... 0:01:59 11. 0:02:47 11... 0:01:59 12. 0:02:46 12... 0:01:56 13. 0:02:47 13... 0:01:55 14. 0:02:48 14... 0:01:45 15. 0:02:46 15... 0:01:41 16. 0:02:41 16... 0:01:38 17. 0:02:42 17... 0:01:37 18. 0:02:34 18... 0:01:32 19. 0:02:35 19... 0:01:27 20. 0:02:35 20... 0:01:25 21. 0:02:33 21... 0:01:26 22. 0:02:33 22... 0:01:25 23. 0:02:31 23... 0:01:25 24. 0:02:33 24... 0:01:17 25. 0:02:32 25... 0:01:17 26. 0:02:33 26... 0:01:18 27. 0:02:33 27... 0:01:04 28. 0:02:21 28... 0:01:03 29. 0:02:21 29... 0:01:01 30. 0:02:21 30... 0:01:01 31. 0:02:18 31... 0:00:54 32. 0:02:16 32... 0:00:53 33. 0:02:16,
Rated Blitz game,https://lichess.org/Dyh7UmqQ,2024.08.01,-,ernz101,Elshadethebest,1-0,2024.08.01,00:08:12,1487,1492,,,A41,Queen's Pawn Game,180+2,Normal,"1. d4 1... d6 2. Nc3 2... c6 3. Bf4 3... Nd7 4. e3 4... h6 5. Bd3 5... g5 6. Bg3 6...
Bg7 7. Nf3 7... Ndf6 8. Qe2 8... Nh5 9. O-O-O 9... Nxg3 10. hxg3 10... Nf6 11. e4 11... Qc7 12. Rhe1 12... O-O 13.
e5 13... dxe5 14. dxe5 14... Nd5 15. Qe4 15... e6 16. Qh7",1. 0:03:00 1... 0:03:00 2. 0:03:00 2... 0:03:02 3. 0:03:01 3... 0:03:04 4. 0:03:01 4... 0:03:06 5. 0:03:02 5... 0:03:08 6. 0:03:02 6... 0:03:09 7. 0:02:56 7... 0:03:08 8. 0:02:55 8... 0:03:08 9. 0:02:55 9... 0:03:09 10. 0:02:55 10... 0:03:05 11. 0:02:53 11... 0:02:55 12. 0:02:49 12... 0:02:53 13. 0:02:49 13... 0:02:54 14. 0:02:37 14... 0:02:35 15. 0:02:32 15... 0:02:28 16. 0:02:29,
Rated Blitz game,https://lichess.org/H8JUkSNC,2024.08.01,-,yury899,juliaty,1-0,2024.08.01,00:08:12,1302,1290,,,B01,Scandinavian Defense,180+2,Normal,"1. e4 1... d5 2. e5 2... d4 3. Bd3 3... e6 4. Nf3 4... h6 5. c3 5... dxc3 6. Nxc3 6... c6 7. O-O 7... Qxd3 8.
Re1 8... Ne7 9. Re4 9... Qd7 10. Qe2 10... a5 11. b3 11... Na6 12.
Ba3 12... Nb4 13. Bxb4 13... axb4 14. Rxb4 14... b5 15. Rd4 15... Nd5 16.
Nxd5 16... exd5 17. Re1 17... Bc5 18. e6 18...
fxe6 19. Ne5 19... Qd6 20. Qh5 20... Kf8 21. Qf7",1. 0:03:00 1... 0:03:00 2. 0:03:00 2... 0:03:01 3. 0:02:56 3... 0:03:01 4. 0:02:56 4... 0:03:01 5. 0:02:55 5... 0:03:01 6. 0:02:57 6... 0:03:02 7. 0:02:41 7... 0:03:02 8. 0:02:28 8... 0:02:52 9. 0:02:29 9... 0:02:50 10. 0:01:56 10... 0:02:50 11. 0:01:50 11... 0:02:51 12. 0:01:43 12... 0:02:45 13. 0:01:36 13... 0:02:45 14. 0:01:37 14... 0:02:38 15. 0:01:21 15... 0:02:28 16. 0:01:21 16... 0:02:24 17. 0:00:57 17... 0:02:20 18. 0:00:38 18... 0:02:10 19. 0:00:26 19... 0:01:41 20. 0:00:19 20... 0:01:34 21. 0:00:15,
Rated Blitz game,https://lichess.org/o3ArSzKv,2024.08.01,-,vladiko311,stevejuniormc,1-0,2024.08.01,00:08:12,2156,2073,,,C40,Elephant Gambit,180+2,Normal,"1. e4 1... e5 2. Nf3 2... d5 3. exd5 3... Nf6 4. Nc3 4... Bd6 5.
Bb5 5... Bd7 6. Bxd7 6... Nbxd7 7. d3 7... O-O 8. Bg5 8... Re8 9. Ne4 9... Bf8 10. c4 10...
h6 11. Nxf6 11... Nxf6 12. Bxf6 12... Qxf6 13. O-O 13... Rad8 14. Nd2 14... Qg6 15. Qf3 15... f5 16. Qg3 16... Qf6 17. d4 17... exd4 18.
Qxc7 18... Bb4 19. Nf3 19... b5 20. cxb5 20... Rxd5 21. Qc4 21... Qd6 22.
a3 22... Ba5 23. b4 23... Bb6 24. Rfe1 24... Re4 25. g3 25... Kh7 26.
Qd3 26... Re7 27. Rac1 27... Rf7 28. Rc6 28... Qd7 29. Ne5 29... Rxe5 30.
Rxe5 30... Kh8 31. Rce6",1. 0:03:00 1... 0:03:00 2. 0:03:00 2... 0:03:01 3. 0:02:51 3... 0:02:46 4. 0:02:41 4... 0:02:44 5. 0:02:32 5... 0:02:44 6. 0:02:31 6... 0:02:46 7. 0:02:31 7... 0:02:46 8. 0:02:31 8... 0:02:47 9. 0:02:28 9... 0:02:46 10. 0:02:27 10... 0:02:43 11. 0:02:19 11... 0:02:44 12. 0:02:17 12... 0:02:44 13. 0:02:18 13... 0:02:40 14. 0:02:17 14... 0:02:38 15. 0:02:14 15... 0:02:39 16. 0:02:08 16... 0:02:36 17. 0:02:03 17... 0:02:32 18. 0:02:03 18... 0:02:28 19. 0:02:01 19... 0:02:18 20. 0:01:51 20... 0:02:17 21. 0:01:51 21... 0:02:16 22. 0:01:49 22... 0:02:13 23. 0:01:47 23... 0:02:13 24. 0:01:45 24... 0:02:08 25. 0:01:34 25... 0:02:06 26. 0:01:31 26... 0:01:08 27. 0:01:14 27... 0:00:53 28. 0:01:13 28... 0:00:55 29. 0:01:09 29... 0:00:48 30. 0:01:08 30... 0:00:42 31. 0:01:06,
Rated Blitz game,https://lichess.org/gz3T8Oko,2024.08.01,-,christianMG95,Abdullah_10,1-0,2024.08.01,00:08:12,1226,1152,,,A10,English Opening: Great Snake Variation,180+2,Normal,"1. c4 1... g6 2. Nc3 2... Bg7 3. d4 3... b6 4. e4 4... Bb7 5. Nf3 5... a5 6. Bd3 6... Nf6 7. O-O 7... Bxe4 8.
Nxe4 8... c5 9. Nxf6 9... Bxf6 10. d5 10... a4 11. h3 11... a3 12.
Qc2 12... e6 13. Rb1 13... e5 14. bxa3 14... Rxa3 15. Bxa3",1. 0:03:00 1... 0:03:00 2. 0:03:01 2... 0:03:01 3. 0:03:02 3... 0:03:02 4. 0:03:03 4... 0:03:04 5. 0:03:02 5... 0:02:54 6. 0:03:04 6... 0:02:50 7. 0:02:58 7... 0:02:35 8. 0:02:52 8... 0:02:31 9. 0:02:40 9... 0:02:31 10. 0:02:39 10... 0:02:31 11. 0:02:31 11... 0:02:32 12. 0:02:27 12... 0:02:27 13. 0:02:17 13... 0:02:21 14. 0:02:08 14... 0:02:16 15. 0:02:02,
Rated Blitz game,https://lichess.org/rzNOOI4H,2024.08.01,-,HollyArena,VovchikVoin,0-1,2024.08.01,00:08:45,1585,1583,,,B22,Sicilian Defense: Alapin Variation,180+2,Normal,"1. e4 1... c5 2. c3 2... e6 3. Bc4 3... d5 4. exd5 4... exd5 5. Bd3 5... Nc6 6. Nf3 6...
Bg4 7. h3 7... Bh5 8.
O-O 8... Be7 9. Re1 9... Nf6 10. Be2 10... O-O 11. d4 11... c4 12.
Bg5 12... Ne4 13. Bxe7 13... Qxe7 14. Nbd2 14... f5 15. Qc2 15... Rae8 16.
Rad1 16... Qd6 17. b3 17... b5 18. a4 18... a6 19. Nxe4 19... fxe4 20. Nh2 20... Rxf2 21. Kxf2 21... Qxh2 22. Bxh5 22... Rf8 23. Ke2 23... Qxg2 24. Ke3 24... Qg5 25.
Ke2 25... Qxh5 26. Kd2 26... Qg5 27. Re3 27... Rf2 28. Kc1 28... Rxc2 29. Kxc2 29... Qxe3 30. Rd2 30... cxb3 31. Kd1 31... Qxc3 32. axb5 32... b2 33. bxc6 33... b1=Q 34. Ke2 34... Qbd3 35. Rxd3 35... Qxd3 36. Kf2 36... Qxd4 37. Kg3 37... Qc5 38. Kf4 38... a5 39. Ke5 39... a4 40.
Ke6 40... a3 41. Kd7 41... a2 42. c7 42... a1=Q 43. c8=Q 43... Qxc8 44. Kxc8 44... e3 45. Kd7 45... e2 46. Kd6 46...
e1=Q 47. Kxd5 47... Qae5 48. Kc6 48... Q1c3 49. Kd7 49... Qec7 50. Ke6 50... Q3e5",1. 0:03:00 1... 0:03:00 2. 0:02:59 2... 0:02:51 3. 0:03:00 3... 0:02:51 4. 0:03:01 4... 0:02:53 5. 0:02:59 5... 0:02:53 6. 0:03:00 6... 0:02:53 7. 0:03:00 7... 0:02:51 8. 0:03:00 8... 0:02:48 9. 0:03:01 9... 0:02:49 10. 0:03:02 10... 0:02:49 11. 0:03:03 11... 0:02:49 12. 0:03:01 12... 0:02:48 13. 0:03:01 13... 0:02:50 14. 0:03:00 14... 0:02:50 15. 0:02:52 15... 0:02:32 16. 0:02:35 16... 0:02:09 17. 0:02:29 17... 0:02:09 18. 0:02:23 18... 0:02:08 19. 0:02:18 19... 0:02:06 20. 0:02:18 20... 0:01:31 21. 0:02:12 21... 0:01:31 22. 0:02:11 22... 0:01:30 23. 0:02:08 23... 0:01:31 24. 0:02:03 24... 0:00:49 25. 0:02:00 25... 0:00:50 26. 0:01:59 26... 0:00:39 27. 0:01:57 27... 0:00:40 28. 0:01:56 28... 0:00:36 29. 0:01:57 29... 0:00:38 30. 0:01:52 30... 0:00:38 31. 0:01:52 31... 0:00:35 32. 0:01:42 32... 0:00:32 33. 0:01:43 33... 0:00:32 34. 0:01:44 34... 0:00:30 35. 0:01:44 35... 0:00:31 36. 0:01:45 36... 0:00:29 37. 0:01:46 37... 0:00:30 38. 0:01:46 38... 0:00:31 39. 0:01:46 39... 0:00:31 40. 0:01:47 40... 0:00:32 41. 0:01:48 41... 0:00:33 42. 0:01:50 42... 0:00:31 43. 0:01:50 43... 0:00:31 44. 0:01:51 44... 0:00:33 45. 0:01:51 45... 0:00:35 46. 0:01:53 46... 0:00:36 47. 0:01:55 47... 0:00:36 48. 0:01:55 48... 0:00:37 49. 0:01:55 49... 0:00:34 50. 0:01:54 50... 0:00:33,
Rated Blitz game,https://lichess.org/FEu9XyxQ,2024.08.01,-,diamat1983,SGMRosel,1-0,2024.08.01,00:08:45,1887,1821,,,A08,Zukertort Opening: Reversed Grünfeld,180+2,Normal,"1. Nf3 1... c5 2. g3 2... d5 3. Bg2 3... Nc6 4. d4 4... cxd4 5.
Nxd4 5... e5 6. Nxc6 6... bxc6 7. c4 7... Be6 8. O-O 8... Nf6 9. Bg5 9... Be7 10. Nc3 10...
e4 11. Qa4 11... Qd7 12. Rad1 12... O-O 13. cxd5 13... cxd5 14. Qxd7 14... Bxd7 15. Bxf6 15... Bxf6 16. Rxd5 16... Be6 17.
Nxe4 17... Bxb2 18. Rb5 18... Ba3 19. Ng5 19... Bc4 20. Ra5 20... Be7 21. Bxa8 21... Rxa8 22. a3 22... Bxe2 23. Re1 23... Bxg5 24. Rxe2 24... g6 25. Rxg5",1. 0:03:00 1... 0:03:00 2. 0:03:01 2... 0:03:00 3. 0:03:02 3... 0:03:01 4. 0:03:02 4... 0:03:01 5. 0:03:04 5... 0:03:02 6. 0:03:05 6... 0:03:02 7. 0:03:06 7... 0:02:58 8. 0:03:00 8... 0:02:55 9. 0:02:59 9... 0:02:55 10. 0:02:50 10... 0:02:49 11. 0:02:43 11... 0:02:43 12. 0:02:33 12... 0:02:38 13. 0:02:25 13... 0:02:22 14. 0:02:17 14... 0:02:22 15. 0:02:16 15... 0:02:23 16. 0:02:16 16... 0:02:12 17. 0:02:04 17... 0:02:07 18. 0:01:53 18... 0:01:47 19. 0:01:37 19... 0:01:41 20. 0:01:26 20... 0:01:41 21. 0:01:19 21... 0:01:34 22. 0:00:53 22... 0:01:30 23. 0:00:51 23... 0:01:26 24. 0:00:45 24... 0:01:23 25. 0:00:42,
Rated Blitz game,https://lichess.org/lZIB7Nvo,2024.08.01,-,leostrike,kglion,0-1,2024.08.01,00:08:45,1766,1740,,,C02,French Defense: Advance Variation,180+2,Normal,"1. e4 1... d5 2. e5 2... c5 3. c3 3... e6 4. d4 4... cxd4 5. cxd4 5... Bb4 6. Nc3 6...
Nc6 7. Nf3 7... Nge7 8. a3 8... Bxc3 9. bxc3 9... O-O 10. Bb5 10...
a6 11. Ba4 11... b5 12. Bc2 12... Bb7 13. Qd3 13... g6 14. h4 14...
Nf5 15. Bg5 15... Qa5 16. g4 16... Nfe7 17. h5 17... Rac8 18. hxg6 18... Nxg6 19. Nh4 19... Ncxe5 20. dxe5 20... Qxc3 21. Bd2 21... Qxc2 22. Qd4 22... Qe4 23. Qxe4 23... dxe4 24. Nxg6 24... fxg6 25. Be3 25... Bd5 26.
a4 26... Bc4 27. axb5 27... Bxb5 28. Rd1 28... Rc2 29. Rc1 29... Re2 30.
Kd1 30... Rd8",1. 0:03:00 1... 0:03:00 2. 0:03:01 2... 0:03:01 3. 0:03:02 3... 0:03:01 4. 0:03:03 4... 0:03:03 5. 0:03:04 5... 0:03:05 6. 0:03:05 6... 0:03:05 7. 0:03:05 7... 0:03:06 8. 0:03:06 8... 0:03:07 9. 0:03:07 9... 0:03:07 10. 0:03:07 10... 0:03:07 11. 0:03:08 11... 0:03:08 12. 0:03:08 12... 0:03:08 13. 0:03:09 13... 0:03:07 14. 0:03:07 14... 0:02:58 15. 0:03:04 15... 0:02:52 16. 0:02:56 16... 0:02:45 17. 0:02:51 17... 0:02:34 18. 0:02:40 18... 0:02:32 19. 0:02:33 19... 0:02:22 20. 0:02:22 20... 0:02:07 21. 0:02:09 21... 0:02:04 22. 0:01:49 22... 0:01:57 23. 0:01:49 23... 0:01:58 24. 0:01:36 24... 0:01:56 25. 0:01:33 25... 0:01:26 26. 0:01:27 26... 0:01:23 27. 0:01:25 27... 0:01:24 28. 0:01:21 28... 0:01:23 29. 0:00:58 29... 0:01:19 30. 0:00:58 30... 0:01:20,
Rated Blitz game,https://lichess.org/E5TOiUxe,2024.08.01,-,amr1993,salvezy_29,0-1,2024.08.01,00:08:45,1619,1666,,,C01,French Defense: Exchange Variation,180+2,Normal,"1. e4 1... e6 2. d4 2... d5 3. exd5 3... exd5 4. Qe2 4... Be7 5. g3 5... Nf6 6. Bg2 6...
O-O 7. Nc3 7... c6 8.
Be3 8... Bb4 9. Qd3 9... Qa5 10. Ne2 10... Be6 11. h4 11... Nbd7 12.
f3 12... Nb6 13. g4 13... Nc4 14. O-O 14... Nxb2 15. g5 15... Nxd3 16.
cxd3 16... Nh5 17. Ne4 17... f5 18. N4g3 18... Nxg3 19. Nxg3 19... f4 20.
Bxf4 20... Rxf4",1. 0:03:00 1... 0:03:00 2. 0:03:01 2... 0:03:00 3. 0:02:59 3... 0:03:01 4. 0:02:59 4... 0:03:01 5. 0:03:01 5... 0:03:02 6. 0:03:02 6... 0:03:02 7. 0:03:03 7... 0:03:03 8. 0:03:02 8... 0:03:03 9. 0:02:48 9... 0:02:55 10. 0:02:46 10... 0:02:53 11. 0:02:41 11... 0:02:52 12. 0:02:41 12... 0:02:52 13. 0:02:41 13... 0:02:51 14. 0:02:34 14... 0:02:47 15. 0:02:27 15... 0:02:47 16. 0:02:26 16... 0:02:38 17. 0:02:12 17... 0:02:32 18. 0:02:04 18... 0:02:31 19. 0:02:05 19... 0:02:32 20. 0:02:01 20... 0:02:32,
Rated Blitz game,https://lichess.org/0njlnsmU,2024.08.01,-,Gusev_YV,vllaznimabazi123,1-0,2024.08.01,00:08:45,1891,1889,,,A40,Queen's Pawn Game: Modern Defense,180+2,Normal,"1. d4 1... g6 2. Bf4 2... Bg7 3. e3 3... c6 4. Nf3 4... d6 5. c4 5... Nd7 6. Nc3 6... Qa5 7. Be2 7... e5 8. Bg3 8... Ngf6 9. h3 9...
O-O 10. O-O 10... Re8 11. a3 11... a6 12. b4 12... Qc7 13. Rc1 13... h6 14. b5 14... axb5 15.
cxb5 15... Rxa3 16. bxc6 16... bxc6 17. Nb5 17... Qa5 18. Nxa3 18... Qxa3 19. Rxc6 19... Bb7 20.
Rc7 20... Ba6 21. Bxa6 21... Qxa6 22. dxe5 22... Ne4 23. Rxd7 23... Nxg3 24. fxg3 24... dxe5 25. Qd5 25... Qb6 26. Qxf7",1. 0:03:00 1... 0:03:00 2. 0:03:00 2... 0:03:01 3. 0:03:02 3... 0:03:01 4. 0:03:03 4... 0:03:02 5. 0:03:04 5... 0:03:03 6. 0:03:05 6... 0:03:03 7. 0:03:02 7... 0:03:04 8. 0:02:58 8... 0:03:03 9. 0:02:52 9... 0:03:04 10. 0:02:53 10... 0:03:04 11. 0:02:44 11... 0:03:02 12. 0:02:44 12... 0:03:03 13. 0:02:42 13... 0:02:59 14. 0:02:26 14... 0:02:58 15. 0:02:27 15... 0:02:56 16. 0:02:25 16... 0:02:56 17. 0:02:26 17... 0:02:55 18. 0:02:26 18... 0:02:56 19. 0:02:27 19... 0:02:52 20. 0:02:20 20... 0:02:44 21. 0:02:13 21... 0:02:44 22. 0:02:14 22... 0:02:37 23. 0:02:10 23... 0:02:35 24. 0:02:10 24... 0:02:34 25. 0:02:08 25... 0:02:33 26. 0:02:08,
Rated Blitz game,https://lichess.org/phmctTuk,2024.08.01,-,tomasbarcellos,Ocotlan,1-0,2024.08.01,00:08:45,1313,1319,,,C54,"Italian Game: Classical Variation, Giuoco Pianissimo",180+2,Time forfeit,"1. e4 1... e5 2. Nf3 2... Nc6 3. Bc4 3... Bc5 4. c3 4... Nf6 5. d3 5... h6 6. Nbd2 6...
d6 7. Nf1 7... O-O 8.
Ng3 8... Bg4 9. h3 9... Be6 10. Bb5 10... Ne7 11. Nh4 11... a6 12.
Ba4 12... b5 13. Bc2 13... Kh7 14. d4 14... exd4 15. cxd4 15... Bb4 16. Bd2 16... a5 17. e5 17... Kg8 18. exf6 18... gxf6 19. Bxb4 19... axb4 20. O-O 20... c5 21.
dxc5",1. 0:03:00 1... 0:03:00 2. 0:03:01 2... 0:03:01 3. 0:03:02 3... 0:03:02 4. 0:03:02 4... 0:03:03 5. 0:03:03 5... 0:03:03 6. 0:03:03 6... 0:03:03 7. 0:03:04 7... 0:03:01 8. 0:03:04 8... 0:02:51 9. 0:03:04 9... 0:02:46 10. 0:03:02 10... 0:02:44 11. 0:02:17 11... 0:02:45 12. 0:02:18 12... 0:02:45 13. 0:02:19 13... 0:02:41 14. 0:02:12 14... 0:02:41 15. 0:02:14 15... 0:02:41 16. 0:02:09 16... 0:02:40 17. 0:02:10 17... 0:02:34 18. 0:02:12 18... 0:02:32 19. 0:01:55 19... 0:02:21 20. 0:01:57 20... 0:01:52 21. 0:01:51,
Rated Blitz game,https://lichess.org/mdGQVGkt,2024.08.01,-,Ragabove96,Cornflakes_dem0ta,1-0,2024.08.01,00:08:45,1372,1402,,,B01,Scandinavian Defense: Valencian Variation,180+2,Normal,"1. e4 1... d5 2. exd5 2... Qxd5 3. Nc3 3... Qd8 4. d4 4... Bf5 5. Nf3 5... Nc6 6. Bb5 6...
e6 7. Ne5 7...
Ne7 8. O-O 8...
a6 9. Nxc6 9... Nxc6 10. Bxc6 10... bxc6 11.
Re1 11... Bd6 12. Ne2 12... g5 13. c3 13... h5 14. Ng3 14...
Bg4 15. f3 15... h4 16. Ne4 16... Bf5 17.
Bxg5 17... Be7 18. Bxe7 18... Qxe7 19. Qe2 19... h3 20. g3 20... Bxe4 21. fxe4 21... c5 22.
Qg4 22... O-O-O 23. Qe2 23...
cxd4 24. cxd4 24... Rxd4 25. Qxa6 25... Kd8 26. Qa8 26...
Kd7 27. Qxh8 27... Rd2 28. Rad1 28... Qc5 29.
Kf1 29... Qc4 30. Kg1 30...
Qd4 31. Qxd4 31... Rxd4 32.
Rxd4 32... Kc6 33. Rc1",1. 0:03:00 0. 0:03:00 1... 0:02:55 0. 0:03:02 2. 0:02:56 0. 0:03:04 2... 0:02:57 0. 0:03:06 3. 0:02:52 0. 0:03:02 3... 0:02:41 0. 0:02:58 4. 0:02:40 0. 0:02:31 4... 0:02:35 0. 0:02:31 5. 0:02:35 0. 0:02:33 5... 0:02:35 1. 0:02:35 6. 0:02:31 0. 0:02:36 6... 0:02:26 1. 0:02:35 7. 0:02:27 1. 0:02:35 7... 0:02:11 1. 0:02:31 8. 0:02:06 1. 0:02:31 8... 0:02:02 1. 0:02:22 9. 0:01:54 0. 0:02:18 9... 0:01:37 0. 0:02:16 10. 0:01:35 0. 0:02:02 10... 0:01:34 0. 0:01:51 11. 0:01:29 0. 0:01:35 11... 0:00:59 0. 0:01:30 12. 0:00:50 0. 0:01:31 12... 0:00:49 0. 0:01:32 13. 0:00:49 0. 0:01:20 13... 0:00:47 0. 0:01:18 14. 0:00:47 0. 0:01:09 14... 0:00:45 1. 0:01:08 15. 0:00:38 0. 0:01:07 15... 0:00:33 2. 0:01:08 16. 0:00:29 2. 0:01:10 16... 0:00:29 2. 0:01:11 17. 0:00:30,
Rated Blitz game,https://lichess.org/AEllhcnP,2024.08.01,-,landaheta,Sohaib2009,1-0,2024.08.01,00:08:45,1425,1444,,,A00,Van't Kruijs Opening,180+2,Time forfeit,"1. e3 1... e5 2. b3 2... d5 3. Bb2 3... f6 4. g3 4... Nc6 5. Bg2 5... Be6 6. d4 6... e4 7. Nc3 7... Bb4 8. a3 8... Bd6 9. f3 9... exf3 10. Qxf3 10... Nge7 11. Nge2 11... O-O 12. O-O 12... f5 13. Nf4 13...
Bd7 14. Nfxd5 14... Kh8 15. Nxe7 15... Qxe7 16. Nd5 16... Qd8 17. e4 17... fxe4 18. Qxe4 18... Ne7 19. Nxe7 19... Bxe7 20. Qxb7 20... c6 21.
Bxc6 21... Bh3 22. Rxf8 22... Qxf8 23. Qxa8 23... Qxa8 24. Bxa8 24... Kg8 25. c4 25... Kf7 26.
b4 26... Ke6 27. d5 27... Kd6 28. c5 28... Kc7 29. d6 29... Bxd6 30.
cxd6 30... Kxd6 31. Bxg7 31... Bg4 32. Bh6 32... Kc7 33. Bf4 33... Kb6 34. a4 34... a6 35.
Bd6 35... Ka7 36. Bc5 36... Kxa8 37. b5 37... axb5 38. axb5 38... Kb7 39. Ra7 39... Kb8 40. Rxh7 40... Bf3 41. Rg7 41... Kc8 42. h4 42... Kd8 43. Kf2 43... Bg4 44.
Ke3 44... Be6 45. g4 45... Bd7 46. b6 46... Bc6 47. h5 47... Be8 48.
h6",1. 0:03:00 1... 0:03:00 2. 0:03:02 2... 0:03:01 3. 0:03:03 3... 0:03:01 4. 0:03:02 4... 0:03:01 5. 0:03:03 5... 0:03:01 6. 0:03:02 6... 0:02:56 7. 0:03:00 7... 0:02:55 8. 0:02:55 8... 0:02:48 9. 0:02:52 9... 0:02:34 10. 0:02:40 10... 0:02:28 11. 0:02:35 11... 0:02:28 12. 0:02:34 12... 0:02:17 13. 0:02:29 13... 0:02:11 14. 0:02:26 14... 0:01:55 15. 0:02:12 15... 0:01:52 16. 0:02:09 16... 0:01:51 17. 0:02:03 17... 0:01:44 18. 0:02:03 18... 0:01:07 19. 0:01:49 19... 0:00:55 20. 0:01:47 20... 0:00:49 21. 0:01:33 21... 0:00:34 22. 0:01:29 22... 0:00:13 23. 0:01:28 23... 0:00:10 24. 0:01:30 24... 0:00:08 25. 0:01:27 25... 0:00:07 26. 0:01:24 26... 0:00:07 27. 0:01:16 27... 0:00:08 28. 0:01:14 28... 0:00:06 29. 0:01:12 29... 0:00:07 30. 0:01:10 30... 0:00:08 31. 0:01:11 31... 0:00:07 32. 0:01:09 32... 0:00:07 33. 0:01:09 33... 0:00:07 34. 0:01:07 34... 0:00:08 35. 0:01:02 35... 0:00:08 36. 0:01:02 36... 0:00:09 37. 0:01:00 37... 0:00:09 38. 0:01:01 38... 0:00:11 39. 0:00:58 39... 0:00:11 40. 0:00:58 40... 0:00:10 41. 0:00:56 41... 0:00:07 42. 0:00:56 42... 0:00:07 43. 0:00:57 43... 0:00:07 44. 0:00:57 44... 0:00:06 45. 0:00:57 45... 0:00:05 46. 0:00:56 46... 0:00:05 47. 0:00:54 47... 0:00:03 48. 0:00:54,
Rated Blitz game,https://lichess.org/fKhHTBc9,2024.08.01,-,bidercio,Dr_Wh0o,1-0,2024.08.01,00:08:45,957,915,,,D20,Queen's Gambit Accepted,180+2,Time forfeit,"1. d4 1... d5 2. c4 2... dxc4 3. Nc3 3... b5 4. e4 4... Bb7 5. b3 5... Nc6 6. bxc4 6...
bxc4 7. Nf3 7... f6 8.
Ba3 8... e5 9. d5 9...
Bxa3 10. dxc6 10... Qxd1 11. Rxd1 11... Bxc6 12. Bxc4 12... Bb4 13. Rc1 13... Bxe4 14. O-O 14... Ne7 15. Rfd1 15... Rd8 16. Rxd8 16... Kxd8 17. Nd2 17... Ba3 18. Rd1 18... Bc2 19. Re1 19... Bb4 20. Nde4 20... Nf5 21. Re2 21... Nd4 22.
Rd2 22... Bxc3 23. Nxc3 23... Ke7 24. Kf1 24... Rd8 25. Ke1 25... c6 26. f3 26... g5 27.
Ne4 27... Nb5 28. Rxd8 28... Kxd8 29. Bb3 29... Bxb3 30. axb3 30... Nd4 31.
Nxf6 31... Nxb3 32. Nxh7 32... c5 33. Nxg5 33... c4 34. Kd1 34... c3 35. Kc2 35... Nd4 36.
Kxc3 36... Ne2 37. Kd2 37... Nf4 38. Nf7 38... Ke7 39. Nxe5 39... Nxg2 40. Ng4 40... Nf4 41.
Ke3 41... Ne6 42. Ke4 42... Nc5 43. Kf5 43... Nd3 44. h4 44... Kf8 45.
h5 45... a5 46. Kg6 46... Nf4 47. Kh7 47... a4 48. h6 48... a3 49.
Ne3 49... a2 50. Nc2 50... Nd3 51. Kg6 51... Kg8 52. h7 52... Kh8 53.
Kh6 53... Ne5 54. f4 54... Nf7 55. Kg6 55... Nd6 56. f5",1. 0:03:00 1... 0:03:00 2. 0:03:01 2... 0:02:59 3. 0:03:02 3... 0:02:57 4. 0:03:03 4... 0:02:56 5. 0:03:03 5... 0:02:53 6. 0:03:02 6... 0:02:53 7. 0:02:59 7... 0:02:44 8. 0:02:46 8... 0:02:26 9. 0:02:45 9... 0:02:22 10. 0:02:43 10... 0:02:19 11. 0:02:43 11... 0:02:20 12. 0:02:32 12... 0:02:17 13. 0:02:25 13... 0:02:15 14. 0:02:24 14... 0:02:05 15. 0:02:10 15... 0:01:59 16. 0:02:09 16... 0:02:00 17. 0:02:00 17... 0:01:37 18. 0:01:49 18... 0:01:35 19. 0:01:41 19... 0:01:26 20. 0:01:35 20... 0:01:12 21. 0:01:27 21... 0:01:10 22. 0:01:13 22... 0:00:59 23. 0:01:07 23... 0:00:58 24. 0:00:57 24... 0:00:57 25. 0:00:50 25... 0:00:42 26. 0:00:29 26... 0:00:29 27. 0:00:23 27... 0:00:22 28. 0:00:18 28... 0:00:24 29. 0:00:13 29... 0:00:21 30. 0:00:12 30... 0:00:20 31. 0:00:12 31... 0:00:19 32. 0:00:12 32... 0:00:20 33. 0:00:13 33... 0:00:21 34. 0:00:12 34... 0:00:22 35. 0:00:13 35... 0:00:16 36. 0:00:12 36... 0:00:15 37. 0:00:10 37... 0:00:15 38. 0:00:10 38... 0:00:16 39. 0:00:11 39... 0:00:15 40. 0:00:10 40... 0:00:14 41. 0:00:09 41... 0:00:13 42. 0:00:08 42... 0:00:14 43. 0:00:08 43... 0:00:13 44. 0:00:08 44... 0:00:12 45. 0:00:09 45... 0:00:12 46. 0:00:10 46... 0:00:10 47. 0:00:07 47... 0:00:10 48. 0:00:07 48... 0:00:10 49. 0:00:08 49... 0:00:10 50. 0:00:08 50... 0:00:05 51. 0:00:08 51... 0:00:05 52. 0:00:09 52... 0:00:06 53. 0:00:10 53... 0:00:06 54. 0:00:10 54... 0:00:05 55. 0:00:10 55... 0:00:04 56. 0:00:10,
Rated Blitz game,https://lichess.org/UXrGDBqT,2024.08.01,-,Silverbird74,ilches,0-1,2024.08.01,00:08:45,1569,1577,,,D30,Queen's Gambit Declined,180+2,Normal,"1. d4 1... d5 2. c4 2... e6 3. Nf3 3... Nf6 4. g3 4... c5 5. cxd5 5... Nxd5 6. Bg2 6... Nc6 7. O-O 7...
cxd4 8. Nxd4 8...
Nxd4 9. Qxd4 9... b6 10. Nc3 10... Bb7 11.
e4 11... Nxc3 12. Qxd8 12... Rxd8 13. bxc3 13... Bc5 14. e5 14... Bxg2 15. Kxg2 15... O-O 16. f4 16... a5 17. a3 17... Rd3 18.
Bb2 18... Rd2",1. 0:03:00 0. 0:03:00 1... 0:03:01 0. 0:03:01 2. 0:03:03 0. 0:03:02 2... 0:03:04 0. 0:03:03 3. 0:03:03 0. 0:03:04 3... 0:03:03 0. 0:03:05 4. 0:03:02 0. 0:03:06 4... 0:03:03 0. 0:03:06 5. 0:03:02 0. 0:03:01 5... 0:03:01 0. 0:02:58 6. 0:02:56 0. 0:02:57 6... 0:02:57 0. 0:02:58 7. 0:02:58 0. 0:02:58 7... 0:02:44 0. 0:02:58 8. 0:02:46 0. 0:02:58 8... 0:02:42 1. 0:02:58 9. 0:02:37 1. 0:02:58 9... 0:02:37 2. 0:02:58,
Rated Blitz game,https://lichess.org/DSxLvbMA,2024.08.01,-,josevsa,sergio19gonzalez,1-0,2024.08.01,00:08:45,1179,1179,,,B02,Alekhine Defense,180+2,Normal,"1. e4 1... Nf6 2. Nc3 2... d6 3. Bc4 3... e6 4. d3 4... a6 5. a4 5... b6 6. Nf3 6... Bb7 7. O-O 7... Nbd7 8.
Bg5 8... Be7 9. Re1 9... O-O 10. e5 10... Nxe5 11. Nxe5 11... dxe5 12. Rxe5 12... h6 13. Bxf6 13... Bxf6 14. Re1 14... b5 15. axb5 15... axb5 16. Rxa8 16... Bxa8 17. Bxb5 17... Bxc3 18. bxc3 18... c6 19. Bc4 19...
Qb8 20. Qd2 20... Qb7 21. f3 21... g5 22. Qc1 22... Re8 23. d4 23...
Kg7 24. Bd3 24... c5 25. Qe3 25... g4 26. Qe5 26... f6 27. Qd6 27...
gxf3 28. Qg3 28... Kf7 29. Qg6 29... Ke7 30.
Qg7 30... Kd6 31. Qxb7 31... Bxb7 32. dxc5 32... Kxc5 33. gxf3 33... Bxf3 34. c4 34... Rg8 35.
Kf2 35... Bh5 36. Rxe6 36... Bf7 37. Rxf6 37... Bxc4 38. Bxc4 38... Kxc4 39. Rxh6 39... Kc3 40. Rc6 40... Kd4 41. Rd6 41... Kc3 42. Rc6 42... Kd2 43. Kf3 43... Rf8 44.
Kg4 44... Ke3 45. h4 45... Ke4 46. h5 46... Rg8 47. Kh4 47... Kf4 48.
Rc4 48... Kf5 49. h6 49... Rg1 50. Rc6 50... Rh1 51. Kg3 51... Rg1 52.
Kf2 52... Rg6 53. Rxg6 53... Kxg6 54. Ke3 54... Kxh6 55. Kd4 55... Kg6 56.
c4 56... Kf6 57. Kd5 57... Ke7 58. c5 58... Kd8 59. Kd6 59... Kc8 60.
c6 60... Kb8 61. Kd7 61... Ka7 62. c7 62... Kb7 63. c8=Q 63... Kb6 64. Qc6",1. 0:03:00 1... 0:03:00 2. 0:03:00 2... 0:02:59 3. 0:02:59 3... 0:02:59 4. 0:02:57 4... 0:02:58 5. 0:02:57 5... 0:02:57 6. 0:02:54 6... 0:02:58 7. 0:02:53 7... 0:02:58 8. 0:02:51 8... 0:02:58 9. 0:02:44 9... 0:02:58 10. 0:02:39 10... 0:02:53 11. 0:02:39 11... 0:02:52 12. 0:02:39 12... 0:02:47 13. 0:02:33 13... 0:02:45 14. 0:02:34 14... 0:02:39 15. 0:02:32 15... 0:02:40 16. 0:02:33 16... 0:02:40 17. 0:02:33 17... 0:02:38 18. 0:02:34 18... 0:02:37 19. 0:02:31 19... 0:02:33 20. 0:02:24 20... 0:02:33 21. 0:02:06 21... 0:02:31 22. 0:01:52 22... 0:02:29 23. 0:01:42 23... 0:02:27 24. 0:01:41 24... 0:02:26 25. 0:01:33 25... 0:02:21 26. 0:01:28 26... 0:02:18 27. 0:01:21 27... 0:02:16 28. 0:00:46 28... 0:02:14 29. 0:00:45 29... 0:02:14 30. 0:00:44 30... 0:02:11 31. 0:00:46 31... 0:02:12 32. 0:00:41 32... 0:02:12 33. 0:00:38 33... 0:02:12 34. 0:00:34 34... 0:02:12 35. 0:00:34 35... 0:02:03 36. 0:00:33 36... 0:02:01 37. 0:00:32 37... 0:02:02 38. 0:00:32 38... 0:02:02 39. 0:00:33 39... 0:02:02 40. 0:00:33 40... 0:02:02 41. 0:00:27 41... 0:02:02 42. 0:00:29 42... 0:02:02 43. 0:00:26 43... 0:02:02 44. 0:00:26 44... 0:02:02 45. 0:00:27 45... 0:02:00 46. 0:00:26 46... 0:02:00 47. 0:00:27 47... 0:02:00 48. 0:00:28 48... 0:02:01 49. 0:00:27 49... 0:01:59 50. 0:00:23 50... 0:02:00 51. 0:00:24 51... 0:01:56 52. 0:00:25 52... 0:01:55 53. 0:00:25 53... 0:01:55 54. 0:00:25 54... 0:01:57 55. 0:00:27 55... 0:01:59 56. 0:00:28 56... 0:02:01 57. 0:00:30 57... 0:02:02 58. 0:00:30 58... 0:02:04 59. 0:00:31 59... 0:02:04 60. 0:00:33 60... 0:02:05 61. 0:00:34 61... 0:02:05 62. 0:00:36 62... 0:02:05 63. 0:00:38 63... 0:02:07 64. 0:00:39,
Rated Blitz game,https://lichess.org/mhPngIAx,2024.08.01,-,leknolash,bwelch32747,1-0,2024.08.01,00:08:45,1653,1592,,,C45,Scotch Game: Classical Variation,180+2,Normal,"1. e4 1... e5 2. d4 2... Nc6 3. Nf3 3... exd4 4. Nxd4 4... Bc5 5.
Nxc6 5... bxc6 6. Nc3 6... d6 7. Be3 7... Bxe3 8. fxe3 8... Be6 9.
Be2 9... Qh4 10. g3 10... Qe7 11. O-O 11... Nf6 12. Ba6 12... Rb8 13.
b3 13... Bh3 14. Rf4 14... O-O 15. Qd4 15... c5 16. Qd3 16... Qe5 17.
Rd1 17... g5 18. Rxf6 18... Qxf6 19. Nd5 19... Qf3 20. Rd2 20... Rfe8 21.
Rf2 21... Qxe4 22. Nf6 22... Kg7 23. Nxe4",1. 0:03:00 1... 0:03:00 2. 0:03:01 2... 0:03:02 3. 0:03:03 3... 0:02:57 4. 0:03:03 4... 0:02:58 5. 0:03:04 5... 0:02:59 6. 0:03:05 6... 0:03:00 7. 0:03:07 7... 0:02:58 8. 0:03:09 8... 0:02:58 9. 0:03:05 9... 0:02:52 10. 0:03:04 10... 0:02:54 11. 0:03:05 11... 0:02:54 12. 0:02:56 12... 0:02:53 13. 0:02:56 13... 0:02:53 14. 0:02:53 14... 0:02:51 15. 0:02:48 15... 0:02:48 16. 0:02:48 16... 0:01:58 17. 0:02:42 17... 0:01:40 18. 0:02:28 18... 0:01:36 19. 0:02:29 19... 0:01:25 20. 0:02:26 20... 0:01:11 21. 0:02:23 21... 0:00:54 22. 0:02:23 22... 0:00:44 23. 0:02:24,
Rated Blitz game,https://lichess.org/iylYa6Iy,2024.08.01,-,PEDROBAEZA123,mata_damas,1-0,2024.08.01,00:08:45,998,1013,,,A40,Mikenas Defense,180+2,Normal,"1. d4 1... Nc6 2. Nf3 2... f6 3. Bf4 3... e5 4. Bg3 4... Bb4 5. c3 5... Ba5 6. e3 6... Nh6 7. h3 7... O-O 8. b4 8... Bb6 9. a4 9...
Qe7 10. a5 10... e4 11. axb6 11... exf3 12. Qxf3 12... cxb6 13. Ra3 13... a5 14. Nd2 14... d5 15. Qxd5 15... Be6 16. Qf3 16... Rad8 17. Ne4 17... Qd7 18. Be2 18... Bg4 19. hxg4 19... Nxg4 20. Qxg4 20... Qxg4 21. Bxg4 21... f5 22. Bc7 22... Rd7 23. Nd6 23... fxg4 24. b5 24... Na7 25. Bxb6 25... Ra8 26.
Nf5 26... Nxb5 27. Rxa5 27... Rxa5 28. Bxa5 28... Rd5 29. Ne7 29... Kf7 30. Nxd5 30... g5 31.
Rxh7 31... Kg6 32. Rxb7 32... Nd6 33. Rb6 33... Kf5 34. Rxd6 34... Ke4 35. Ke2",1. 0:03:00 1... 0:03:00 2. 0:02:59 2... 0:03:00 3. 0:02:59 3... 0:03:01 4. 0:02:50 4... 0:02:57 5. 0:02:49 5... 0:02:58 6. 0:02:48 6... 0:02:51 7. 0:02:47 7... 0:02:49 8. 0:02:37 8... 0:02:49 9. 0:02:30 9... 0:02:48 10. 0:02:28 10... 0:02:43 11. 0:02:27 11... 0:02:43 12. 0:02:25 12... 0:02:33 13. 0:02:18 13... 0:02:31 14. 0:02:09 14... 0:02:21 15. 0:02:01 15... 0:02:18 16. 0:01:51 16... 0:02:12 17. 0:01:50 17... 0:01:58 18. 0:01:45 18... 0:01:57 19. 0:01:32 19... 0:01:57 20. 0:01:32 20... 0:01:58 21. 0:01:33 21... 0:01:56 22. 0:01:23 22... 0:01:54 23. 0:01:17 23... 0:01:53 24. 0:01:08 24... 0:01:50 25. 0:01:03 25... 0:01:47 26. 0:00:54 26... 0:01:39 27. 0:00:50 27... 0:01:34 28. 0:00:50 28... 0:01:35 29. 0:00:48 29... 0:01:33 30. 0:00:48 30... 0:01:28 31. 0:00:48 31... 0:01:27 32. 0:00:49 32... 0:01:27 33. 0:00:46 33... 0:01:23 34. 0:00:47 34... 0:01:19 35. 0:00:46,
Rated Blitz game,https://lichess.org/G9khNHI3,2024.08.01,-,CarlosHBSilva82,Einstein110,1-0,2024.08.01,00:08:22,1694,1706,,,D35,"Queen's Gambit Declined: Exchange Variation, Positional Variation",180+2,Normal,"1. d4 1... d5 2. c4 2... e6 3. Nc3 3... Nf6 4. cxd5 4... exd5 5.
Bg5 5... c6 6. e3 6...
Bd6 7. Bd3 7... O-O 8.
Qc2 8... h6 9. Bh4 9... Nbd7 10. Nge2 10... Qa5 11. O-O 11... b5 12.
a3 12... Re8 13. b4 13... Qc7 14. Bg3 14... Ne4 15. Nxe4 15... dxe4 16. Bxe4 16... Bb7 17. Rfc1 17... Rac8 18. Bf5 18... Bxg3 19. Nxg3 19... Qd6 20. Ne4 20... Qd5 21.
Nc5 21... Nxc5 22. Bxc8 22... Bxc8 23. Qxc5 23... Qxc5 24. Rxc5",1. 0:03:00 1... 0:03:00 2. 0:03:01 2... 0:03:01 3. 0:03:02 3... 0:03:01 4. 0:03:04 4... 0:03:02 5. 0:03:04 5... 0:03:03 6. 0:03:05 6... 0:03:04 7. 0:03:07 7... 0:03:04 8. 0:03:08 8... 0:02:59 9. 0:03:04 9... 0:02:59 10. 0:03:03 10... 0:03:00 11. 0:03:01 11... 0:03:01 12. 0:03:01 12... 0:02:50 13. 0:02:48 13... 0:02:48 14. 0:02:42 14... 0:02:28 15. 0:02:38 15... 0:02:28 16. 0:02:37 16... 0:02:16 17. 0:02:32 17... 0:02:16 18. 0:02:03 18... 0:02:07 19. 0:02:02 19... 0:02:08 20. 0:01:53 20... 0:02:04 21. 0:01:41 21... 0:01:57 22. 0:01:36 22... 0:01:48 23. 0:01:27 23... 0:01:37 24. 0:01:27,
Rated Blitz game,https://lichess.org/sx1f6Sy0,2024.08.01,-,pmo2004,training_2024,1-0,2024.08.01,00:08:22,2273,2283,,,B01,Scandinavian Defense: Modern Variation,180+2,Normal,"1. e4 1... d5 2. exd5 2... Nf6 3. Nc3 3... Nxd5 4. Nf3 4... Nc6 5. Bc4 5... Be6 6. Bb3 6... g6 7. O-O 7... Bg7 8. Ng5 8...
Nxc3 9. bxc3 9... Bxb3 10. axb3 10... O-O 11.
b4 11... a6 12. d4 12...
e5 13. d5 13...
Ne7 14. c4 14... c6 15. d6 15... Nf5 16. c5 16... b6 17.
Ne4 17... a5 18.
cxb6 18... axb4 19. Rxa8 19...
Qxa8 20. Bd2 20... Qa5 21. b7 21... Qb6 22. d7 22... Rd8 23. Bg5 23...
Nd4 24. Bxd8 24... Qxd8 25. Nc5 25... Bf6 26. Qa1 26... Ne6 27. Nxe6 27... fxe6 28. Qa8",1. 0:03:00 0. 0:03:00 1... 0:03:01 0. 0:03:01 2. 0:03:03 0. 0:03:01 2... 0:03:00 0. 0:03:01 3. 0:03:00 0. 0:03:02 3... 0:02:57 0. 0:03:02 4. 0:02:56 0. 0:03:03 4... 0:02:57 0. 0:03:03 5. 0:02:58 0. 0:03:02 5... 0:02:58 0. 0:03:02 6. 0:02:57 0. 0:03:02 6... 0:02:56 0. 0:03:02 7. 0:02:55 0. 0:03:02 7... 0:02:55 0. 0:02:32 8. 0:02:53 0. 0:02:24 8... 0:02:53 0. 0:02:20 9. 0:02:49 0. 0:02:20 9... 0:02:47 0. 0:02:14 10. 0:02:42 0. 0:02:15 10... 0:02:37 0. 0:02:11 11. 0:02:28 0. 0:02:11 11... 0:02:04 0. 0:02:06 12. 0:02:03 0. 0:01:15 12... 0:02:00 0. 0:01:17 13. 0:01:58 0. 0:01:10 13... 0:01:58 0. 0:00:06 14. 0:01:57 0. 0:00:05 14... 0:01:57,
Rated Blitz game,https://lichess.org/HUvDdpCj,2024.08.01,-,Pereyra_Luis,G271828,1-0,2024.08.01,00:08:22,1788,1789,,,D00,Queen's Pawn Game: Accelerated London System,180+2,Normal,"1. d4 1... d5 2. Bf4 2... Nf6 3. h3 3... c5 4. Nf3 4... Nc6 5. e3 5... cxd4 6. Nxd4 6... e6 7. Bb5 7... Bd7 8. O-O 8... Nxd4 9. Bxd7 9... Qxd7 10. Qxd4 10... Rc8 11. c3 11... Be7 12.
Qxa7 12... O-O 13. Nd2 13... Bc5 14. Qa5 14... b6 15. Qa6 15... Ra8 16.
Qe2 16... Rfe8 17. Nb3 17... e5 18. Nxc5 18... bxc5 19. Bg3 19... c4 20.
Rad1 20... Qb7 21. a3 21... Ne4 22. Bh2 22... f5 23. f3 23... Nc5 24.
Qc2 24... Nd3 25. Rd2 25... Qb6 26. Re2 26... f4 27. Kh1 27... fxe3 28.
Bg1 28... d4 29. cxd4 29... exd4 30. Qxc4 30... Kh8 31. Qxd3 31... Rad8 32. Rd1 32... Rf8 33. Bh2 33... Qb7 34. Rf1 34... Qa7 35. Be5 35... Qb7 36. Bxd4 36... Qd5 37.
Rd1 37... Rxf3 38. Bxg7 38... Kxg7 39. Qxd5 39... Rxd5 40. Rxd5 40... Rf2 41. Rxe3",1. 0:03:00 1... 0:03:00 2. 0:03:01 2... 0:03:00 3. 0:03:00 3... 0:03:01 4. 0:03:01 4... 0:03:02 5. 0:03:02 5... 0:03:02 6. 0:03:03 6... 0:03:01 7. 0:03:03 7... 0:02:55 8. 0:03:03 8... 0:02:55 9. 0:03:03 9... 0:02:55 10. 0:03:03 10... 0:02:55 11. 0:03:03 11... 0:02:52 12. 0:03:01 12... 0:02:51 13. 0:03:00 13... 0:02:40 14. 0:02:34 14... 0:02:39 15. 0:02:15 15... 0:02:39 16. 0:02:14 16... 0:02:38 17. 0:02:14 17... 0:02:31 18. 0:02:13 18... 0:02:32 19. 0:02:11 19... 0:02:32 20. 0:02:11 20... 0:02:30 21. 0:02:08 21... 0:02:26 22. 0:02:05 22... 0:02:11 23. 0:02:04 23... 0:02:04 24. 0:01:54 24... 0:02:03 25. 0:01:44 25... 0:02:03 26. 0:01:30 26... 0:01:53 27. 0:01:21 27... 0:01:52 28. 0:01:22 28... 0:01:43 29. 0:01:21 29... 0:01:42 30. 0:01:12 30... 0:01:38 31. 0:01:12 31... 0:01:29 32. 0:01:13 32... 0:00:48 33. 0:01:03 33... 0:00:49 34. 0:00:56 34... 0:00:40 35. 0:00:54 35... 0:00:28 36. 0:00:22 36... 0:00:28 37. 0:00:14 37... 0:00:26 38. 0:00:13 38... 0:00:21 39. 0:00:12 39... 0:00:21 40. 0:00:13 40... 0:00:19 41. 0:00:13,
Rated Blitz game,https://lichess.org/v2NRR7vO,2024.08.01,-,Binselam,lotfi_bendaidj,0-1,2024.08.01,00:08:22,1580,1577,,,C50,"Italian Game: Giuoco Pianissimo, Italian Four Knights Variation",180+2,Normal,"1. e4 1... e5 2. Nf3 2... Nc6 3. Bc4 3... Bc5 4. Nc3 4... Nf6 5. d3 5... h6 6.
h3 6... a6 7. a3 7... O-O 8.
O-O 8... b5 9. Ba2 9... Bb7 10. Kh1 10... Re8 11. Nh2 11...
Nd4 12. Bd2 12... d5 13. Ne2 13... dxe4 14.
Nxd4 14... Bxd4 15. c3 15...
Bc5 16. dxe4 16... Nxe4 17. Be3 17... Qxd1 18. Raxd1 18... Bxe3 19. fxe3 19... Ng3 20. Kg1 20... Nxf1 21. Rxf1 21... Re7 22. Ng4 22... Rf8 23.
Rf5 23... Kh7 24. Bb1 24... e4 25. Ba2 25...
Rd8 26. Ne5 26... f6 27. Nf7 27... Rd1 28. Kh2 28... Kg6 29. Rf4 29...
Rxf7 30. Bxf7 30... Kxf7 31. h4 31... g5 32. hxg5 32...
hxg5 33. Rf5 33... Kg6 34. Rc5 34... c6 35.
c4 35... Rc1 36. b4 36... Rxc4 37. Rxc4 37... bxc4 38. Kg1 38... c3 39. Kf2 39... c2 40. Ke2 40... c1=Q",1. 0:03:00 0. 0:03:00 1... 0:03:00 0. 0:03:01 2. 0:03:00 0. 0:03:01 2... 0:03:01 0. 0:02:59 3. 0:03:02 0. 0:02:59 3... 0:03:02 0. 0:02:55 4. 0:03:02 0. 0:02:55 4... 0:03:02 0. 0:02:55 5. 0:03:02 0. 0:02:56 5... 0:03:02 0. 0:02:49 6. 0:03:01 0. 0:02:49 6... 0:03:02 0. 0:02:40 7. 0:02:57 0. 0:02:39 7... 0:02:58 0. 0:02:36 8. 0:02:58 0. 0:02:35 8... 0:02:59 0. 0:02:34 9. 0:02:52 0. 0:02:30 9... 0:02:51 0. 0:02:26 10. 0:02:52 0. 0:02:27 10... 0:02:51 1. 0:02:27 11. 0:02:52 1. 0:02:25 11... 0:02:47 1. 0:02:16 12. 0:02:46 0. 0:02:08 12... 0:02:40 0. 0:01:59 13. 0:02:28 2. 0:01:47 13... 0:02:22 2. 0:01:39 14. 0:02:10 2. 0:01:18 14... 0:02:10 3. 0:01:16 15. 0:02:05 3. 0:00:49 15... 0:01:59 2. 0:00:49 16. 0:01:58 3. 0:00:46 16... 0:01:58 3. 0:00:47 17. 0:01:59 4. 0:00:47 17... 0:01:59 4. 0:00:46 18. 0:01:59 4. 0:00:43 18... 0:01:58 4. 0:00:42 19. 0:01:56 4. 0:00:43 19... 0:01:57 4. 0:00:43 20. 0:01:59 4. 0:00:45 20... 0:02:00 4. 0:00:47,
Rated Blitz game,https://lichess.org/HP00Lo5J,2024.08.01,-,Fungidelic311,fztazc,1-0,2024.08.01,00:08:22,1456,1441,,,B06,Modern Defense,180+2,Normal,"1. e4 1... g6 2. d4 2... Bg7 3. Nf3 3... e6 4. Bd3 4... Ne7 5. c3 5... O-O 6. h4 6... f5 7. h5 7... d5 8. e5 8... Nd7 9. Ng5 9...
Bh6 10. hxg6 10... Bxg5 11. gxh7 11... Kh8 12. Bxg5 12... Rf7 13. Qh5 13... Qe8 14. Bf6 14... Rg7 15. Qxe8 15... Ng8 16. Bxg7 16... Kxg7 17. Qxe6",1. 0:03:00 1... 0:03:00 2. 0:03:00 2... 0:03:02 3. 0:02:59 3... 0:03:04 4. 0:02:58 4... 0:03:06 5. 0:02:57 5... 0:03:08 6. 0:02:57 6... 0:03:07 7. 0:02:50 7... 0:03:02 8. 0:02:46 8... 0:02:48 9. 0:02:40 9... 0:02:49 10. 0:02:39 10... 0:02:43 11. 0:02:34 11... 0:02:42 12. 0:02:34 12... 0:02:36 13. 0:02:28 13... 0:02:17 14. 0:02:21 14... 0:02:15 15. 0:02:20 15... 0:02:13 16. 0:02:15 16... 0:02:12 17. 0:02:13,
Rated Blitz game,https://lichess.org/SKDrE9Fx,2024.08.01,-,LatinLegion,FrantaGellner,1-0,2024.08.01,00:08:22,1800,1795,,,A85,Dutch Defense: Queen's Knight Variation,180+2,Time forfeit,"1. d4 1... f5 2. c4 2... Nf6 3. Nc3 3... e6 4. Bg5 4... Bb4 5. a3 5... Bxc3 6. bxc3 6... b6 7. h3 7... Bb7 8. Nf3 8... O-O 9. e3 9... h6 10. Bh4 10... d6 11. Be2 11... Nbd7 12.
O-O 12... g5 13. Bg3 13... Ne4 14. Qc2 14... Nxg3 15. fxg3 15... Be4 16.
Qb3 16... Nf6 17. Rad1 17... Qe8 18. d5 18... exd5 19. cxd5 19... g4 20.
Nh4 20... Qe5 21. Kh2 21... Nh5 22. Rf4 22... Nxf4 23. gxf4 23... Qg7 24.
Qc4 24... Rae8 25. g3 25... h5 26. Qa6",1. 0:03:00 1... 0:03:00 2. 0:03:02 2... 0:02:56 3. 0:03:03 3... 0:02:56 4. 0:03:03 4... 0:02:56 5. 0:03:03 5... 0:02:57 6. 0:03:04 6... 0:02:57 7. 0:02:58 7... 0:02:57 8. 0:02:59 8... 0:02:53 9. 0:02:55 9... 0:02:53 10. 0:02:55 10... 0:02:47 11. 0:02:28 11... 0:02:47 12. 0:02:28 12... 0:02:45 13. 0:02:28 13... 0:02:39 14. 0:02:20 14... 0:02:30 15. 0:02:22 15... 0:02:30 16. 0:02:22 16... 0:02:26 17. 0:02:21 17... 0:02:19 18. 0:02:18 18... 0:01:57 19. 0:02:20 19... 0:01:39 20. 0:02:09 20... 0:01:11 21. 0:01:46 21... 0:00:59 22. 0:01:30 22... 0:00:56 23. 0:01:32 23... 0:00:55 24. 0:01:22 24... 0:00:46 25. 0:01:01 25... 0:00:15 26. 0:00:36,
Rated Blitz game,https://lichess.org/JOiod5Jr,2024.08.01,-,AeroImp,metinerol,1-0,2024.08.01,00:08:22,1464,1469,,,C55,"Italian Game: Two Knights Defense, Modern Bishop's Opening",180+2,Normal,"1. e4 1... e5 2. Nf3 2... Nc6 3. Bc4 3... Nf6 4. d3 4... d5 5. exd5 5... Nxd5 6. h3 6...
Be6 7. Bb5 7... Qd7 8.
Bxc6 8... Qxc6 9. Nxe5 9... Qd6 10. Nf3 10... O-O-O 11. O-O 11... f6 12.
Nbd2 12... g5 13. Ne4 13... Qe7 14. c4 14... Nf4 15. Bxf4 15... gxf4 16. Qc2 16... f5 17. Ned2 17... Rg8 18. b3 18...
Qg7 19. Nh4 19... Be7 20. Ndf3 20... Bxh4 21. Nxh4 21... Qg5 22. Rae1 22... Qxh4 23. Rxe6 23... Qxh3 24. f3 24... Qh5 25.
Rf2 25... Qf7 26. Rfe2 26... h5 27. Kf2 27... Rge8 28. Rxe8 28... Rxe8 29. Rxe8 29... Qxe8 30. Qd2 30... h4 31. d4 31...
Qg6 32. Qxf4 32... Qh5 33. g4 33... hxg3 34. Qxg3 34... Kd7 35. Qg7 35... Kd6 36. Qe5 36... Kd7 37. Ke3 37... Qg5 38.
Qf4 38... Qe7 39. Kd3 39... Qf6 40. Qe5 40... Qxe5 41. dxe5 41... Ke6 42.
f4 42... c6 43. a4 43... b6 44. b4 44... a6 45. Kd4 45... b5 46.
cxb5 46... axb5 47. axb5 47... cxb5 48. Kc5",1. 0:03:00 1... 0:03:00 2. 0:03:01 2... 0:03:02 3. 0:03:03 3... 0:03:03 4. 0:03:04 4... 0:03:04 5. 0:03:05 5... 0:03:06 6. 0:03:05 6... 0:03:00 7. 0:03:01 7... 0:02:55 8. 0:03:01 8... 0:02:55 9. 0:03:00 9... 0:02:53 10. 0:02:48 10... 0:02:52 11. 0:02:49 11... 0:02:45 12. 0:02:48 12... 0:02:44 13. 0:02:48 13... 0:02:39 14. 0:02:45 14... 0:02:25 15. 0:02:45 15... 0:02:27 16. 0:02:46 16... 0:02:21 17. 0:02:37 17... 0:02:20 18. 0:02:35 18... 0:02:20 19. 0:02:22 19... 0:02:19 20. 0:02:23 20... 0:01:53 21. 0:02:24 21... 0:01:55 22. 0:02:03 22... 0:01:53 23. 0:02:04 23... 0:01:46 24. 0:02:03 24... 0:01:13 25. 0:02:02 25... 0:01:10 26. 0:01:58 26... 0:01:01 27. 0:01:56 27... 0:00:54 28. 0:01:56 28... 0:00:54 29. 0:01:58 29... 0:00:55 30. 0:01:55 30... 0:00:49 31. 0:01:55 31... 0:00:45 32. 0:01:53 32... 0:00:37 33. 0:01:41 33... 0:00:23 34. 0:01:39 34... 0:00:21 35. 0:01:36 35... 0:00:21 36. 0:01:35 36... 0:00:19 37. 0:01:29 37... 0:00:15 38. 0:01:29 38... 0:00:14 39. 0:01:26 39... 0:00:10 40. 0:01:14 40... 0:00:07 41. 0:01:15 41... 0:00:08 42. 0:01:16 42... 0:00:09 43. 0:01:16 43... 0:00:09 44. 0:01:17 44... 0:00:07 45. 0:01:08 45... 0:00:05 46. 0:01:09 46... 0:00:06 47. 0:01:10 47... 0:00:07 48. 0:01:12,
Rated Blitz game,https://lichess.org/tG9rqoEn,2024.08.01,-,MisterBurns,foufana,1-0,2024.08.01,00:08:22,1972,1967,,,B06,Modern Defense,180+2,Normal,"1. e4 1... g6 2. Nf3 2... Bg7 3. d4 3... e6 4. d5 4... Nf6 5. dxe6 5... dxe6 6. Qxd8 6... Kxd8 7. Bg5 7... h6 8.
Bxf6 8... Bxf6 9. e5 9... Bg7 10. Nc3 10... c6 11. O-O-O 11... Ke7 12. Bc4 12... Nd7 13. Rhe1 13... b5 14. Bb3 14...
a5 15. a4 15... b4 16.
Ne4 16... Nxe5 17. Nxe5 17... Bxe5 18. g3 18... Bd6 19. Nxd6 19... Ba6 20. Bc4 20... Bxc4 21.
Nxc4 21... Rhd8 22. Rxd8 22... Kxd8 23. Rd1 23... Ke7 24. f4 24... c5 25. c3 25... bxc3 26.
bxc3 26... Kf6 27. Kc2 27... Kf5 28. Rd7 28... f6 29. Rh7 29... h5 30.
Rc7 30... Kg4 31. Rc6 31... Re8 32. Rxc5 32... Kh3 33. Nd6 33... Re7 34.
Ne4 34... f5 35. Nd2 35... Kxh2 36. Nf1 36... Kg2 37. Nd2 37... Kxg3 38.
Rxa5 38... h4 39. Ra8 39... Kxf4 40. Rh8 40... g5 41. Kb3 41... Kg3 42.
a5 42... e5 43. a6 43... g4 44. Kb4 44... h3 45. Kb5 45... e4 46.
Kb6 46... e3 47. Nf1 47... Kg2 48. Nxe3 48... Rxe3 49. a7 49... Rxc3 50.
a8=Q 50... Rf3 51. Kc5 51... f4 52. Rh4 52...
Kg3 53. Qh8 53... Re3 54. Qh5 54... Re5 55. Qxe5 55... Kxh4 56. Qxf4 56... Kh5 57. Qg3 57... Kg5 58. Kd4 58... Kf5 59.
Ke3",1. 0:03:00 1... 0:03:00 2. 0:03:01 2... 0:03:02 3. 0:03:02 3... 0:03:04 4. 0:03:02 4... 0:03:02 5. 0:03:01 5... 0:03:01 6. 0:03:01 6... 0:03:02 7. 0:03:02 7... 0:03:01 8. 0:03:00 8... 0:03:02 9. 0:03:02 9... 0:03:01 10. 0:03:02 10... 0:03:02 11. 0:03:03 11... 0:03:02 12. 0:02:59 12... 0:03:02 13. 0:02:58 13... 0:03:03 14. 0:02:59 14... 0:03:04 15. 0:02:58 15... 0:03:02 16. 0:02:53 16... 0:02:55 17. 0:02:52 17... 0:02:56 18. 0:02:50 18... 0:02:45 19. 0:02:45 19... 0:02:28 20. 0:02:41 20... 0:02:27 21. 0:02:42 21... 0:02:25 22. 0:02:42 22... 0:02:25 23. 0:02:44 23... 0:02:26 24. 0:02:43 24... 0:02:25 25. 0:02:40 25... 0:02:25 26. 0:02:42 26... 0:02:24 27. 0:02:41 27... 0:02:23 28. 0:02:41 28... 0:02:23 29. 0:02:40 29... 0:02:23 30. 0:02:39 30... 0:02:17 31. 0:02:36 31... 0:02:16 32. 0:02:30 32... 0:02:16 33. 0:02:21 33... 0:02:13 34. 0:02:20 34... 0:02:12 35. 0:01:59 35... 0:02:12 36. 0:01:59 36... 0:02:13 37. 0:01:49 37... 0:02:14 38. 0:01:50 38... 0:02:14 39. 0:01:50 39... 0:02:14 40. 0:01:49 40... 0:02:15 41. 0:01:47 41... 0:02:16 42. 0:01:46 42... 0:02:15 43. 0:01:46 43... 0:02:14 44. 0:01:47 44... 0:02:14 45. 0:01:47 45... 0:02:15 46. 0:01:48 46... 0:02:16 47. 0:01:49 47... 0:02:14 48. 0:01:49 48... 0:02:15 49. 0:01:51 49... 0:02:05 50. 0:01:50 50... 0:02:07 51. 0:01:44 51... 0:02:06 52. 0:01:42 52... 0:02:04 53. 0:01:36 53... 0:01:52 54. 0:01:36 54... 0:01:50 55. 0:01:36 55... 0:01:52 56. 0:01:37 56... 0:01:49 57. 0:01:38 57... 0:01:50 58. 0:01:39 58... 0:01:51 59. 0:01:39,
Rated Blitz game,https://lichess.org/5XZYp2h0,2024.08.01,-,Metsuryu,AjedrezCaribe,1-0,2024.08.01,00:08:22,1151,1139,,,C48,Four Knights Game: Spanish Variation,180+2,Normal,"1. Nf3 1... Nc6 2. Nc3 2... Nf6 3. e4 3... e5 4. Bb5 4... d6 5. d4 5... exd4 6. Nxd4 6... Bd7 7. Nxc6 7... Bxc6 8.
Bc4 8... Be7 9. O-O 9... O-O 10. f3 10... Qd7 11. Bg5 11... Rad8 12.
Qe2 12... d5 13. exd5 13... Bc5 14. Kh1 14... h6 15. Bxf6 15... gxf6 16. dxc6 16... Qxc6 17. Ne4 17... f5 18. Nxc5 18... Qxc5 19. b3 19... f4 20. h3 20... Rde8 21.
Qd3 21... Qg5 22. Bb5 22... Rd8 23. Qc4 23... c6 24. Ba4 24... Kg7 25.
Qc3 25... f6 26. b4 26... Rc8 27. Bb3 27... c5 28. Rad1 28... c4 29.
Bxc4 29... Qe5 30. Qb3 30... a6 31. Rd7 31... Kg6 32. Rxb7 32... Kg5 33.
Rg7 33... Kh4 34. g3 34... fxg3 35. Rg1 35... Rce8 36. R1xg3 36... Qe1 37. Rg1 37... Qf2 38. R7g4 38... Kh5 39. R4g2 39... Qh4 40. Bxa6 40... Re5 41. Rg4 41... Qf2 42.
R1g2 42... Qf1 43. Kh2 43... Rg5 44. Bxf1 44... Rxg4 45. fxg4 45... Kg5 46. Qd5",1. 0:03:00 1... 0:03:00 2. 0:03:02 2... 0:03:00 3. 0:03:03 3... 0:03:01 4. 0:03:02 4... 0:02:56 5. 0:03:03 5... 0:02:54 6. 0:03:05 6... 0:02:54 7. 0:02:52 7... 0:02:51 8. 0:02:53 8... 0:02:50 9. 0:02:53 9... 0:02:51 10. 0:02:39 10... 0:02:45 11. 0:02:41 11... 0:02:44 12. 0:02:41 12... 0:02:39 13. 0:02:39 13... 0:02:27 14. 0:02:36 14... 0:02:28 15. 0:02:33 15... 0:02:26 16. 0:02:31 16... 0:02:24 17. 0:02:17 17... 0:02:22 18. 0:02:11 18... 0:02:19 19. 0:02:12 19... 0:02:14 20. 0:02:04 20... 0:02:12 21. 0:02:02 21... 0:02:08 22. 0:01:51 22... 0:02:06 23. 0:01:47 23... 0:02:03 24. 0:01:47 24... 0:01:49 25. 0:01:45 25... 0:01:46 26. 0:01:46 26... 0:01:40 27. 0:01:46 27... 0:01:36 28. 0:01:43 28... 0:01:31 29. 0:01:43 29... 0:01:24 30. 0:01:37 30... 0:01:12 31. 0:01:37 31... 0:01:11 32. 0:01:35 32... 0:01:00 33. 0:01:34 33... 0:00:56 34. 0:01:17 34... 0:00:54 35. 0:01:15 35... 0:00:26 36. 0:01:07 36... 0:00:16 37. 0:01:05 37... 0:00:11 38. 0:01:06 38... 0:00:10 39. 0:00:59 39... 0:00:20 40. 0:00:57 40... 0:00:11 41. 0:00:56 41... 0:00:09 42. 0:00:39 42... 0:00:09 43. 0:00:40 43... 0:00:08 44. 0:00:38 44... 0:00:33 45. 0:00:39 45... 0:00:33 46. 0:00:38,
Rated Blitz game,https://lichess.org/lgtosAZm,2024.08.01,-,sh7840,juliusromero718,1-0,2024.08.01,00:08:22,952,973,,,A40,Englund Gambit Declined: Reversed French,180+2,Normal,"1. e3 1... e5 2. d4 2... exd4 3. exd4 3... Nf6 4. Bd3 4... d5 5. Nf3 5... Bd6 6. O-O 6...
O-O 7. Bg5 7... Nc6 8.
Nc3 8... Qd7 9. Bxf6 9... gxf6 10. Re1 10... b6 11. h3 11... Bb7 12.
Qd2 12... Nb4 13. Qh6 13... f5 14. Ng5 14... Kh8 15. Qxh7",1. 0:03:00 1... 0:03:00 2. 0:03:01 2... 0:02:58 3. 0:03:01 3... 0:02:58 4. 0:02:59 4... 0:02:59 5. 0:02:59 5... 0:02:55 6. 0:02:55 6... 0:02:55 7. 0:02:53 7... 0:02:53 8. 0:02:52 8... 0:02:49 9. 0:02:46 9... 0:02:49 10. 0:02:37 10... 0:02:48 11. 0:02:38 11... 0:02:49 12. 0:02:17 12... 0:02:49 13. 0:02:12 13... 0:02:45 14. 0:02:07 14... 0:02:18 15. 0:02:05,
Rated Blitz game,https://lichess.org/JMQpUgo2,2024.08.01,-,Up_All_Knight,Tipary,1/2-1/2,2024.08.01,00:08:22,2032,1995,,,B40,"Sicilian Defense: Four Knights Variation, Exchange Variation",180+2,Normal,"1. e4 1... c5 2. Nf3 2... e6 3. d4 3... cxd4 4. Nxd4 4... Nf6 5. Nc3 5... Nc6 6. Nxc6 6...
bxc6 7. Bd3 7...
d5 8. Qf3 8...
Be7 9. O-O 9...
O-O 10. Bf4 10... Bb7 11. e5 11... Nd7 12.
Qh3 12... g6 13. Rfe1 13... Nc5 14. Re3 14... d4 15. Rg3 15... dxc3 16. bxc3 16... Nxd3 17. cxd3 17... c5 18. Qh6 18... f5 19.
Rxg6 19... hxg6 20. Qxg6 20... Kh8 21. Qh6 21...
Kg8 22. Qg6 22... Kh8 23. Qh6 23... Kg8 24.
Qg6",1. 0:03:00 0. 0:03:00 1... 0:03:01 0. 0:03:00 2. 0:02:59 0. 0:03:00 2... 0:03:00 0. 0:03:01 3. 0:03:01 0. 0:03:01 3... 0:03:01 0. 0:02:58 4. 0:02:58 0. 0:02:55 4... 0:02:50 0. 0:02:49 5. 0:02:46 0. 0:02:49 5... 0:02:18 0. 0:02:36 6. 0:02:16 0. 0:02:34 6... 0:01:43 0. 0:02:28 7. 0:01:20 0. 0:02:23 7... 0:01:12 0. 0:02:17 8. 0:01:02 0. 0:02:09 8... 0:00:48 0. 0:01:56 9. 0:00:42 0. 0:01:45 9... 0:00:39 0. 0:01:03 10. 0:00:26 0. 0:01:03 10... 0:00:27 0. 0:01:03 11. 0:00:23 0. 0:01:04 11... 0:00:20 0. 0:01:05 12. 0:00:20 0. 0:01:06 12... 0:00:21,
